2337667985;2016-05-03;44;2581813;false;0;1006;1049;9999;TNC Pro Team;2108395##11;28;28##154715080;792||180012313;838||91654584;742||323792491;967||155494381;408##1;1036;598;165;bad;bad;669##1;1262;-77;291;good;normal;1118##false;517##false;1066##false;1235##4;517||4;567||2;575||1;659||8;746||2;823||5;827||4;837||9;946||5;955||7;965||8;969||3;1046||9;1061||2;1066||8;1069||7;1075||1;1190||4;1193||5;1200||3;1206||1;1430||5;1435||6;1435||2;1685||6;1688||9;1691||4;1937||3;1940||5;1947||7;1949||1;1954||2;2000||3;2553||2;2554||4;2554||5;2555||1;2564##normal##normal##L##2337667985;1000;950;52
2337545902;2016-05-03;26;2581813;false;1;875;9999;9999;TNC Pro Team;2108395##5;23;10##154715080;783||91654584;586||180012313;462||155494381;794||323792491;927##1;349;545;173;horrible;good;885##1;1418;-59;220;perfect;bad;1113##true;163##false;757##true;1020##2;163||6;278||5;391||7;391||1;398||10;405||2;408||8;433||8;470||2;586||8;613||9;751||10;757||7;760||6;767||10;937||9;1325||10;1327||7;1349||8;1363||10;1407||6;1414||9;1415||6;1590##normal##normal##L##2337545902;948;1059;44
2337048166;2016-05-03;21;2581813;true;0;1796;9999;9999;The Mongolz;1276785##22;7;47##154715080;1606||91654584;1564||180012313;1496||323792491;1584||155494381;1746##1;1253;401;591;good;good;1196##1;286;206;41;bad;bad;794##true;14##true;797##true;1111##10;14||5;184||10;269||3;304||2;336||8;414||1;467||10;504||6;570||6;651||8;655||5;656||2;663||7;746||8;795||10;797||2;875||10;875||8;875||9;875||6;883||7;883||10;1028||8;1074||6;1075||10;1201||6;1214##normal##normal##ML##2337048166;904;1000;66
2337114343;2016-05-03;35;2581813;true;0;1309;1486;9999;The Mongolz;1276785##32;16;80##154715080;2016||91654584;1473||180012313;1639||323792491;1113||155494381;1238##1;1186;662;446;good;good;1004##1;648;-45;-297;bad;bad;605##false;105##true;761##false;814##7;107||2;421||7;509||2;519||6;525||9;530||10;540||8;545||10;645||7;647||5;648||3;653||4;658||10;761||3;769||1;926||10;1015||6;1059||10;1063||9;1066||8;1068||7;1072||5;1076||8;1314||8;1416||6;1421||5;1424||7;1429||10;1432||10;1698||2;1707||10;1781||1;1783||9;1791||6;1799||5;1800||7;1800||1;1801||9;1901||10;1930||2;1931||7;1933||6;1939||8;1946##normal##normal##L##2337114343;970;934;48
2338979075;2016-05-04;31;2581813;true;0;949;1810;9999;Team-Rave;2767921##20;22;59##154715080;2029||91654584;999||180012313;1101||155494381;1196||323792491;1094##1;1016;674;642;horrible;bad;1393##1;558;154;542;perfect;good;677##false;320##false;844##true;1211##2;320||5;326||2;437||4;491||9;503||3;504||9;632||5;695||3;730||6;733||10;737||4;815||5;834||1;844||2;872||3;888||5;987||9;1066||7;1069||3;1070||5;1073||4;1078||8;1080||2;1081||7;1166||5;1166||10;1167||9;1167||1;1284||2;1298||10;1300||3;1300||1;1308||4;1438||6;1440||8;1445||7;1448||10;1451||9;1455##normal##normal##H##2338979075;1018;907;43
2339452396;2016-05-04;34;2581813;false;0;720;659;9999;Signature.Dota2;24##3;30;4##154715080;781||91654584;638||180012313;599||155494381;516||323792491;567##1;498;432;-399;horrible;good;789##1;1285;29;-87;perfect;normal;954##true;304##false;781##false;678##8;304||2;309||8;396||4;404||1;556||5;559||4;562||3;661||4;661||1;667||5;672||5;781||3;890||1;909||5;967||2;1110||2;1570||4;1573||5;1574||3;1578||4;1763||3;1764||2;1766||9;1769||5;1770||4;1939||2;1940||5;1940||3;1971##normal##normal##ML##2339452396;1061;1086;53
2339356858;2016-05-04;39;2581813;true;0;1129;1532;9999;Signature.Dota2;24##31;18;85##154715080;1565||91654584;1349||180012313;1512||155494381;1201||323792491;779##1;620;587;-468;normal;good;1165##1;1260;35;289;normal;bad;930##true;237##false;799##false;899##6;237||9;253||2;268||3;340||5;341||7;377||9;378||2;416||8;418||3;419||1;543||7;629||4;743||5;778||8;779||3;795||6;798||2;799||7;801||9;805||10;1068||6;1071||10;1076||5;1079||7;1083||3;1085||4;1090||9;1462||6;1465||10;1513||7;1515||9;1518||5;1537||4;1554||3;1626||6;1733||7;1743||9;1760||7;1901||5;1902||10;1909||10;1925||9;1930||7;2073||8;2178##normal##perfect##H##2339356858;1008;1139;56
2339036228;2016-05-04;54;2581813;true;0;896;1257;1136;Team-Rave;2767921##39;32;102##154715080;2415||91654584;1375||180012313;926||323792491;1368||155494381;1205##1;1043;351;-37;bad;good;1236##1;120;415;79;good;bad;818##true;95##false;916##false;1676##7;95||5;181||6;283||3;328||2;356||7;509||2;533||4;539||3;728||5;909||8;911||1;911||3;916||4;919||2;925||6;1053||9;1070||8;1072||6;1105||10;1110||8;1231||9;1234||6;1283||10;1359||4;1533||2;1534||9;1539||3;1540||3;1622||5;1957||4;1962||2;1967||8;2136||6;2153||10;2154||6;2372||3;2381||5;2392||10;2395||9;2396||7;2405||8;2406||6;2442||9;2475||2;2477||10;2484||3;2828||9;2857||2;2886||10;2895||6;2897||8;2899||10;2909||3;2913||4;2930||8;2930||5;2934||9;2939||7;2942||4;3080||9;3081||5;3081||2;3088||3;3098||5;3200||6;3208||9;3220##normal##normal##MH##2339036228;1064;864;38
2341076862;2016-05-05;30;2581813;true;1;1094;1835;9999;Mineski.Sports5;543897##26;12;56##154715080;1208||91654584;1155||180012313;2117||155494381;1617||323792491;710##1;1337;200;220;normal;normal;801##1;693;287;811;normal;good;861##false;85##true;1020##false;1242##10;85||5;91||6;193||4;195||4;288||6;328||10;343||9;456||1;457||10;461||10;556||1;600||7;757||2;773||9;800||1;849||3;1020||5;1027||10;1101||3;1103||1;1107||2;1109||5;1115||6;1116||4;1118||1;1245||4;1272||7;1355||2;1441||5;1464||3;1479||2;1650||4;1651##bad##perfect##L##2341076862;1102;1199;54
2341008795;2016-05-05;40;2581813;false;0;1157;776;9999;Mineski.Sports5;543897##11;27;32##154715080;1184||91654584;789||180012313;578||323792491;557||155494381;1132##1;595;41;-46;bad;good;961##1;1016;611;684;good;bad;1256##true;148##false;1159##false;869##10;148||5;253||4;262||3;265||10;357||6;510||7;515||7;723||4;725||3;733||6;877||4;883||2;891||3;905||5;1070||8;1148||3;1159||4;1160||2;1163||1;1172||2;1402||4;1523||2;1629||4;1631||6;1650||3;1658||10;1803||9;2020||3;2145||2;2169||4;2169||1;2173||10;2409||8;2414##bad##perfect##L##2341008795;1156;1145;50
2341363447;2016-05-05;54;2581813;false;0;904;1057;969;Orange.Taring;2789395##19;32;50##154715080;1081||180012313;1122||91654584;937||155494381;778||323792491;767##1;612;146;25;bad;bad;1189##1;1121;523;144;good;good;1116##false;245##false;1023##true;1226##5;245||5;357||10;396||9;414||2;501||5;635||3;914||5;948||9;1019||3;1020||5;1020||4;1023||8;1095||4;1103||3;1112||6;1120||2;1336||5;1538||7;1678||10;1908||1;1934||4;1950||8;2140||2;2219||4;2263||5;2470||8;2535||10;2544||6;2549||8;2635||6;2643||5;2645||10;2654||5;2826||2;2839||1;2840||6;2843||9;2853||10;2864||4;2885||3;2890||8;2991||2;3173||1;3174||3;3177||5;3188##normal##perfect##H##2341363447;1106;1075;51
2341489005;2016-05-05;63;2581813;false;0;928;1014;836;Orange.Taring;2789395##21;29;57##154715080;1134||91654584;927||180012313;1017||155494381;1017||323792491;985##1;218;157;193;normal;good;1096##1;459;471;488;normal;bad;1009##true;167##false;997##false;1845##9;167||3;197||10;322||2;376||4;379||7;410||1;416||9;416||5;530||10;570||3;585||3;669||3;744||4;772||8;952||6;954||2;997||9;1006||4;1016||7;1258||3;1265||6;1287||5;1489||4;1490||8;1496||2;1499||7;1500||8;1757||5;1783||8;2027||9;2040||2;2373||5;2383||4;2673||1;2676||3;2760||6;2802||7;2808||8;2870||1;3212||8;3356||4;3364||10;3367||2;3368||7;3721||5;3726||6;3727||1;3730||3;3771##normal##perfect##H##2341489005;1055;1126;46
2341141783;2016-05-05;29;2581813;false;0;1065;9999;9999;Mineski.Sports5;543897##7;24;19##154715080;795||91654584;769||180012313;766||323792491;464||155494381;799##1;554;430;20;bad;horrible;777##1;1227;59;47;good;perfect;779##false;-31##false;1089##false;973##2;-31||3;118||8;266||3;360||1;404||8;406||4;532||1;650||4;655||2;657||9;844||7;846||5;854||6;859||9;1015||2;1089||1;1094||3;1168||5;1202||1;1208||7;1217||4;1217||3;1219||2;1222||2;1386||3;1755##bad##perfect##L##2341141783;1009;1195;40
2357729204;2016-05-12;23;2581813;true;0;1297;9999;9999;Signature.Dota2;24##25;16;53##154715080;1417||91654584;1834||180012313;1372||323792491;1100||155494381;1772##1;1009;522;256;normal;bad;669##1;0;306;-516;normal;good;609##true;37##true;590##true;1173##5;142||3;170||7;239||9;289||7;353||4;360||9;375||3;378||1;388||5;547||8;567||4;574||7;578||10;589||6;590||9;680||5;686||6;704||3;713||7;714||7;841||8;904||2;924||10;928||7;941||8;957||4;975||4;1060||2;1084||3;1091||8;1117||6;1219||10;1241||2;1247||8;1251||7;1266||6;1317##normal##nice##L##2357729204;969;962;49
2357588616;2016-05-12;39;2581813;true;0;1002;1761;9999;Signature.Dota2;24##30;20;75##154715080;1772||91654584;806||180012313;1246||155494381;1501||323792491;806##1;1757;497;-291;good;good;734##1;323;647;807;bad;bad;962##true;48##true;881##true;1369##8;48||5;122||3;222||7;370||8;399||8;568||7;671||8;697||6;737||2;774||6;878||7;881||3;884||4;886||1;892||2;895||6;986||7;1045||10;1047||4;1272||8;1286||10;1310||2;1311||7;1320||9;1322||6;1327||6;1513||1;1516||4;1532||7;1536||10;1540||8;1540||2;1542||9;1545||6;1582||3;1791||5;1876||2;1877||4;1890||3;1899||9;1919||7;2118||3;2136||9;2164||4;2182||5;2198||2;2199||8;2222||9;2281##nice##normal##H##2357588616;1018;913;44
2362087737;2016-05-14;26;2581813;true;0;856;9999;9999;Mineski.Sports5;543897##26;18;53##154715080;1766||91654584;1501||180012313;1446||323792491;1084||155494381;935##1;808;745;483;horrible;good;1011##1;766;-119;1135;perfect;bad;828##false;99##false;706##false;1027##9;287||10;387||5;403||8;408||4;454||6;459||3;467||1;514||4;657||2;661||8;671||3;680||5;706||2;769||4;891||3;902||10;906||6;914||5;1032||4;1036||10;1077||8;1077||9;1087||6;1097||6;1112||7;1241||9;1242||8;1245||10;1256||4;1420||10;1429||2;1437||6;1437||8;1442||7;1443||9;1494||8;1563##bad##normal##H##2362087737;1062;1312;61
2361934158;2016-05-14;49;2581813;true;1;657;924;1537;Mineski.Sports5;543897##29;26;75##154715080;1234||180012313;1500||91654584;1271||155494381;732||323792491;1456##1;597;474;-443;horrible;bad;1018##1;604;436;915;perfect;good;1230##false;113##false;725##false;1052##9;113||6;121||8;126||6;277||7;316||9;326||7;387||9;410||10;578||4;586||5;593||9;725||8;956||9;1041||7;1062||3;1070||2;1091||2;1377||8;1377||4;1385||6;1407||9;1432||7;1434||8;1579||9;1580||3;1581||6;1590||3;1951||2;1953||5;1972||8;2025||2;2246||3;2248||9;2256||5;2258||4;2293||10;2295||1;2307||7;2411||9;2416||2;2420||4;2420||5;2438||3;2443||1;2447||9;2667||10;2670||2;2674||5;2686||6;2689||1;2692||5;2931##bad##nice##MH##2361934158;1123;1251;55
2364629627;2016-05-15;33;2581813;false;0;866;1241;9999;WarriorsGaming.Unity;2659468##10;22;19##154715080;991||180012313;997||91654584;923||155494381;820||323792491;817##1;145;333;1152;normal;bad;819##1;1017;262;473;normal;good;1050##false;12##false;1385##false;1593##2;12||8;308||10;449||1;604||6;712||10;902||2;925||2;1009||3;1140||5;1210||1;1224||7;1362||2;1373||9;1379||6;1382||3;1385||10;1387||8;1394||2;1682||4;1689||2;1803||1;1848||10;1855||5;1870||2;1905||10;1914||4;1925||5;1937##perfect##perfect##L##2364629627;1178;1233;47
2364754785;2016-05-15;31;2581813;true;0;900;1362;9999;WarriorsGaming.Unity;2659468##19;12;47##154715080;1623||180012313;875||91654584;1312||323792491;1163||155494381;1173##1;869;274;64;normal;bad;1005##1;504;189;695;normal;good;841##true;169##true;967##false;1069##2;174||4;201||9;369||5;406||3;419||7;424||6;568||9;653||2;685||6;689||3;690||5;690||9;796||2;810||6;960||8;967||10;972||2;1231||10;1317||8;1321||6;1327||7;1329||7;1337||6;1524||10;1535||9;1536||4;1540||2;1635##perfect##perfect##L##2364754785;1131;1280;56
2371221577;2016-05-18;35;2581813;true;0;1592;1895;9999;Fnatic;350190##40;14;87##154715080;2479||91654584;972||180012313;1087||323792491;1495||155494381;1818##1;1809;957;867;perfect;perfect;878##1;421;-96;132;horrible;horrible;1120##true;58##true;537##true;1348##7;58||10;105||7;172||8;212||9;250||3;253||7;258||2;349||6;430||7;537||8;621||10;627||3;638||9;640||7;721||10;723||4;748||3;797||7;807||8;832||8;935||2;953||7;954||9;963||10;990||7;1064||10;1065||3;1156||9;1157||10;1159||9;1290||9;1405||3;1408||1;1417||8;1427||5;1455||10;1455||2;1466||7;1471||9;1484||9;1624||7;1646||10;1737||7;1743||5;1752||4;1777||2;1804||8;1871||7;1877||9;1957##normal##bad##L##2371221577;1187;906;34
2373679043;2016-05-19;51;2581813;true;0;1208;1151;1333;Team-Rave;2767921##52;45;106##154715080;1291||323792491;997||180012313;1369||155494381;1220||91654584;1112##1;636;610;-87;horrible;horrible;915##1;678;420;642;perfect;perfect;798##false;49##false;377##false;749##4;49||1;84||5;89||2;119||3;160||6;202||5;288||4;291||3;348||2;354||1;377||7;393||1;437||10;441||2;443||7;452||9;456||8;468||10;482||9;550||4;552||8;661||6;676||3;679||1;692||7;758||2;760||4;761||5;767||1;813||2;823||8;828||5;851||4;865||10;871||9;871||7;878||4;946||1;978||1;1135||9;1149||2;1159||5;1208||9;1235||8;1236||4;1463||7;1470||9;1478||8;1513||6;1712||7;1837||9;1838||5;1844||6;1845||10;1854||8;1860||7;1913||8;1943||3;1980||1;2002||7;2194||1;2202||8;2205||4;2220||9;2221||10;2239||6;2250||7;2324||9;2386||8;2388||10;2407||3;2413||4;2415||5;2464||2;2469||1;2501||7;2521||10;2562||3;2605||7;2657||9;2662||5;2667||6;2672||8;2685||5;2908||6;2909||2;2914||8;2916||7;2925||9;2930||10;2964||3;3045##normal##bad##MH##2373679043;1221;759;14
2373352627;2016-05-19;39;2581813;true;0;1353;1545;9999;Team-Rave;2767921##30;28;66##154715080;1541||91654584;635||180012313;1531||323792491;1357||155494381;1136##1;1469;507;207;horrible;bad;1338##1;353;447;288;perfect;good;867##false;150##false;751##true;1435##1;150||10;249||4;251||2;303||3;321||6;339||4;403||10;408||10;443||4;483||8;489||3;493||2;499||3;574||4;772||5;835||9;839||7;920||1;1010||2;1190||6;1197||3;1252||1;1440||10;1440||8;1443||9;1445||3;1445||2;1452||7;1453||6;1460||5;1502||2;1703||4;1715||7;1717||9;1718||3;1722||6;1726||10;1729||8;1739||8;1832||4;1841||9;1884||10;2139||5;2140||3;2141||6;2148||4;2151||2;2161||8;2191||9;2195||6;2215||4;2228||10;2230||10;2370##nice##normal##H##2373352627;1235;745;20
2373859063;2016-05-19;24;2581813;true;0;1404;9999;9999;Team-Rave;2767921##30;12;77##154715080;2133||91654584;1878||180012313;1708||323792491;1009||155494381;1798##1;1264;354;499;normal;perfect;994##1;284;262;-177;normal;horrible;698##true;0##true;678##true;932##10;0||8;8||9;14||3;64||7;139||8;158||4;224||3;293||8;338||7;388||5;402||4;462||7;519||4;521||5;524||7;585||7;678||3;685||8;759||10;762||2;806||9;819||6;820||3;821||6;901||9;1014||10;1019||8;1032||7;1043||9;1090||2;1098||8;1108||6;1109||7;1109||10;1116||1;1120||9;1415||10;1420||8;1420##nice##normal##ML##2373859063;1255;725;21
2373250123;2016-05-19;29;2581813;true;0;1715;9999;9999;Team-Rave;2767921##40;22;63##154715080;2188||180012313;1758||91654584;821||155494381;1117||323792491;1567##1;1511;279;1495;normal;good;989##1;0;410;-348;normal;bad;728##true;12##true;750##true;1232##9;12||3;192||8;193||10;199||8;287||2;288||6;347||3;440||2;445||9;520||10;522||7;527||5;593||3;604||8;642||1;705||4;710||2;744||6;750||8;805||6;806||10;825||5;826||7;828||9;836||2;931||4;935||3;941||8;966||9;976||10;986||5;1075||8;1079||7;1085||9;1111||10;1122||8;1230||2;1237||7;1276||9;1286||10;1353||3;1362||9;1370||7;1371||9;1423||10;1425||4;1427||8;1433||1;1437||3;1578||5;1579||6;1581||4;1611||10;1632||9;1677||6;1692||10;1693||7;1725||5;1769##normal##normal##L##2373250123;1276;704;20
2388011630;2016-05-25;30;2581813;false;0;918;992;9999;Next-Gen VietNam;2644737##13;48;28##154715080;553||180012313;666||155494381;652||91654584;1000||323792491;673##1;314;127;-331;horrible;bad;912##1;1204;497;1173;perfect;good;1030##false;166##false;508##false;938##4;166||5;178||2;182||2;246||1;348||1;387||2;403||5;446||2;508||1;565||8;586||3;671||6;750||7;757||5;761||2;767||9;776||4;782||9;869||4;870||2;885||3;885||5;940||7;949||4;952||6;954||3;957||2;962||9;962||1;1015||6;1129||4;1135||9;1140||2;1142||1;1151||5;1173||4;1288||5;1295||8;1296||2;1297||1;1298||2;1466||1;1471||3;1514||4;1517||5;1538||1;1552||6;1557||2;1559||3;1583||2;1641||3;1713||6;1749||2;1778||9;1792||7;1806||5;1816||4;1816##normal##normal##ML##2388011630;1296;771;117
2390236462;2016-05-26;29;2581813;false;0;569;9999;9999;Fnatic;350190##6;31;14##91654584;556||154715080;615||180012313;504||323792491;645||155494381;755##1;0;38;-321;horrible;horrible;629##1;1721;465;1859;perfect;perfect;1134##false;49##false;682##false;760##4;55||3;152||3;344||2;394||2;507||3;526||9;668||4;671||1;674||5;682||2;689||3;881||5;883||4;883||1;884||2;910||1;938||10;967||3;1016||6;1040||1;1120||3;1194||8;1396||10;1413||1;1425||5;1430||2;1435||3;1608||1;1611||5;1613||10;1657||1;1694##nice##bad##ML##2390236462;1179;1182;54
2390317600;2016-05-26;37;2581813;false;1;926;805;9999;Fnatic;350190##16;32;39##154715080;1161||323792491;1375||91654584;581||180012313;431||155494381;778##1;-5;370;6;normal;bad;774##1;1689;365;-111;normal;good;1165##false;156##false;831##false;1876##7;156||4;288||9;332||5;508||8;516||2;564||9;692||1;727||10;730||8;736||9;769||5;792||4;819||1;829||2;831||8;831||7;848||3;848||5;851||9;965||10;1016||9;1075||10;1098||5;1190||1;1233||8;1374||7;1430||3;1519||7;1537||4;1537||6;1541||8;1603||3;1649||9;1672||10;1675||8;1676||1;1747||7;1811||8;1862||9;2032||10;2037||8;2037##nice##normal##L##2390317600;1125;1236;45
2392618020;2016-05-27;16;2581813;false;0;784;9999;9999;MVP Phoenix;1148284##5;24;6##154715080;704||91654584;791||180012313;353||323792491;222||155494381;991##1;172;30;-765;horrible;bad;664##1;387;876;691;perfect;good;841##false;164##false;657##false;819##3;164||3;256||4;331||3;334||8;394||5;406||1;408||4;472||7;487||7;602||1;604||10;610||3;629||8;632||1;657||5;663||4;670||5;739||4;756||3;794||3;884||4;885||5;894||1;898||1;974##normal##normal##ML##2392618020;1080;1199;48
2392514898;2016-05-27;21;2581813;false;0;928;9999;9999;MVP Phoenix;1148284##11;32;28##154715080;614||91654584;1097||180012313;867||155494381;1034||323792491;558##1;331;408;-491;bad;horrible;659##1;1428;173;1254;good;perfect;696##false;1##false;616##false;894##5;1||4;7||2;17||9;21||7;27||4;236||10;427||3;435||1;532||4;540||8;609||9;611||2;616||4;616||1;687||10;692||2;706||4;714||10;829||1;833||4;834||5;836||2;840||8;933||4;940||5;969||1;1049||10;1054||6;1054||4;1054||2;1061||3;1075||1;1124||3;1137||9;1146||5;1147||4;1156##nice##normal##ML##2392514898;1032;1247;43
2405046808;2016-06-01;42;2581813;true;0;1405;1337;9999;G1 Dota2;2748441##36;28;66##154715080;1586||91654584;1325||91658292;813||323792491;1023||155494381;1555##1;819;37;14;good;bad;1047##1;404;450;-522;bad;good;771##false;-2##true;488##true;1465##4;-2||10;120||9;168||7;169||2;342||9;344||8;363||6;421||1;421||10;472||9;477||5;481||7;488||1;492||4;557||6;609||7;658||6;668||10;761||9;803||10;827||6;833||5;837||9;891||3;903||6;916||2;968||9;1009||4;1082||2;1088||3;1093||5;1166||6;1325||3;1396||10;1399||7;1404||4;1408||6;1411||3;1540||4;1540||1;1540||2;1548||1;1550||6;1559||4;1704||4;2063||2;2086||8;2088||5;2098||3;2276||10;2276||4;2278||7;2281||7;2291||6;2300||2;2368||3;2435||8;2446||10;2452||9;2467##normal##normal##H##2405046808;989;909;45
2416740962;2016-06-06;37;2581813;true;0;1369;1446;9999;TNC Pro Team;2108395##34;21;73##154715080;1704||91654584;1131||180012313;1567||155494381;1280||323792491;1393##1;1169;620;695;perfect;good;940##1;253;150;346;horrible;bad;792##true;193##true;768##false;1496##9;193||7;362||4;375||1;386||10;459||4;597||9;597||10;604||9;664||6;665||7;697||4;757||6;760||8;768||9;778||10;796||6;864||3;913||2;914||4;925||1;932||10;994||2;1030||8;1150||4;1155||3;1162||10;1162||9;1162||6;1173||2;1173||2;1285||8;1291||5;1292||4;1443||2;1453||6;1545||7;1547||8;1547||5;1552||6;1670||8;1677||6;1760||8;1762||10;1763||4;1765||7;1782||9;1883||8;1946||4;1977||2;2077||8;2096||6;2126||4;2169##nice##nice##H##2416740962;1034;1005;48
2439838859;2016-06-16;36;2581813;true;1;895;1491;9999;MVP Phoenix;1148284##38;22;96##154715080;1145||323792491;1220||180012313;2437||91654584;1096||155494381;1772##1;1472;694;636;bad;normal;910##1;413;432;680;good;bad;635##true;452##false;985##false;1109##2;452||5;467||7;516||5;552||10;678||1;680||7;684||9;690||8;703||10;776||6;808||1;963||6;968||4;972||7;972||3;981||9;985||10;991||2;1002||1;1115||4;1117||9;1126||5;1126||2;1153||8;1166||6;1231||9;1256||2;1265||10;1274||7;1342||4;1402||5;1408||2;1416||7;1516||5;1540||2;1556||3;1558||5;1610||10;1632||7;1645||2;1682||4;1684||5;1697||5;1809||4;1817||3;1828||1;1831||9;1945||1;1947||4;1962||5;1966||2;1988||1;2043||5;2050||4;2060||3;2060||2;2076##normal##bad##L##2439838859;1082;1240;57
2439730874;2016-06-16;34;2581813;true;0;1168;1785;9999;MVP Phoenix;1148284##33;12;69##154715080;1512||180012313;1597||91654584;1335||323792491;1797||155494381;1386##1;1372;1025;464;good;good;954##1;411;100;360;bad;bad;712##false;156##true;976##true;1187##9;256||1;303||3;409||10;409||4;456||6;457||1;507||8;610||10;646||1;648||8;746||10;755||7;783||5;821||6;976||8;1024||9;1026||5;1114||10;1118||6;1124||9;1130||7;1148||1;1186||10;1190||6;1232||3;1270||5;1274||9;1277||8;1278||10;1280||7;1285||7;1402||6;1408||9;1412||10;1417||10;1661||6;1775||2;1820||10;1832||6;1912||5;1942||10;1948||9;1950||7;1952##normal##normal##L##2439730874;1139;1183;51
2442262919;2016-06-17;47;2581813;false;0;1360;1283;1253;WarriorsGaming.Unity;2659468##28;33;64##154715080;1546||91654584;958||180012313;1282||323792491;156||155494381;761##1;955;490;590;perfect;perfect;748##1;1383;311;632;horrible;horrible;998##true;4##true;753##false;882##6;4||9;84||4;273||1;361||9;384||9;444||3;445||2;493||9;543||10;637||6;644||8;663||6;753||9;770||4;915||6;1037||3;1052||1;1078||4;1081||10;1149||7;1151||8;1166||4;1261||4;1409||2;1412||6;1500||3;1594||6;1629||5;1658||10;1659||4;1659||5;1903||9;1914||4;1915||7;1917||8;1924||5;1960||10;1963||8;2084||4;2097||9;2110||10;2210||8;2223||1;2361||3;2367||8;2374||3;2379||4;2384||6;2387||5;2388||7;2391||4;2634||1;2720||2;2723||3;2758##normal##normal##MH##2442262919;1190;1220;48
2442165601;2016-06-17;32;2581813;false;0;1028;969;9999;WarriorsGaming.Unity;2659468##14;22;26##154715080;837||155494381;591||91654584;776||180012313;807||323792491;779##1;352;523;626;bad;bad;965##1;1362;-48;709;good;good;1220##false;77##false;928##false;1028##5;77||9;153||6;260||7;370||4;373||6;428||3;639||9;643||2;646||8;646||6;663||1;664||7;664||5;669||5;756||3;759||1;767||4;928||2;932||5;944||4;1114||7;1176||2;1364||4;1366||6;1488||10;1491||3;1507||8;1508||4;1515||5;1517||5;1658##normal##normal##H##2442165601;1142;1268;44
2442050367;2016-06-17;40;2581813;false;0;1000;1258;9999;WarriorsGaming.Unity;2659468##26;26;66##154715080;1069||180012313;1080||91654584;1220||323792491;473||155494381;1391##1;496;225;323;good;good;862##1;1706;681;788;bad;bad;1127##true;182##true;894##false;1106##10;182||4;252||2;341||10;353||6;374||8;436||2;744||8;773||1;789||7;793||5;794||9;801||8;879||10;886||3;889||6;894||4;895||8;978||6;983||7;993||9;1206||3;1213||2;1245||1;1311||9;1322||4;1332||6;1333||3;1335||7;1404||6;1411||8;1413||10;1571||7;1722||6;1726||10;1737||1;1738||4;1749||3;1825||6;1826||2;1830||1;1840||4;2048||5;2214||2;2274||4;2274||6;2288||4;2291||1;2296||3;2299||10;2367##bad##perfect##H##2442050367;1098;1312;40
