2243306937;2016-03-23;41;2208748;false;1;1270;1035;9999##17;34;30##53860798;1238||157557921;773||208796906;984||101131545;1107||168028715;885##1;1014;441;-237;388;-200;848##1;1117;486;594;853;350;907##false;7##false;1083##true;596##7;7||5;224||6;304||1;322||5;378||2;381||8;393||9;468||3;484||7;650||5;796||7;824||5;893||10;924||2;933||7;940||7;1070||2;1081||9;1083||6;1095||7;1301||9;1302||7;1393||6;1406||3;1409||2;1512||1;1549||8;1733||6;1868||7;1871||1;1883||10;1886||9;1891||8;1901||7;2007||6;2011||9;2012||7;2066||3;2072||2;2077||1;2093||4;2097||9;2148||7;2148||7;2278||4;2295||6;2410||6;2459||7;2462||1;2469||10;2475||9;2482||8;2491##2243306937;1000;1039;48
2245541778;2016-03-24;36;2208748;true;0;1362;1654;9999##41;15;94##53860798;2155||157557921;1211||168028715;1021||208796906;2173||101131545;1094##1;884;824;-176;1150;-70;935##1;158;263;502;295;220;908##true;220##true;694##true;1442##5;111||6;220||5;295||4;307||2;324||7;384||6;406||2;409||6;472||5;482||6;550||7;651||9;681||10;685||8;691||3;692||7;694||6;790||2;815||7;820||8;821||10;821||5;830||9;978||6;982||3;1002||10;1007||2;1012||8;1013||7;1015||6;1167||10;1177||7;1288||9;1294||3;1402||10;1409||9;1409||8;1412||10;1489||6;1583||3;1737||7;1742||9;1750||7;1901||6;1902||9;1950||3;1965||10;1968||8;1970||7;1970||1;1988||7;2151||9;2161||10;2165||6;2169||8;2173##2245541778;952;1041;58
2245659803;2016-03-24;36;2208748;true;1;958;1312;9999##21;14;39##53860798;1708||157557921;597||208796906;1104||101131545;935||168028715;1314##1;1276;367;85;-269;-300;1229##1;641;172;506;1426;400;997##false;36##true;1104##false;679##7;38||10;36||9;120||5;171||2;238||9;393||5;466||10;468||7;490||3;570||8;634||7;634||9;638||7;740||2;833||1;842||4;845||1;854||4;977||1;1104||7;1408||2;1685||4;1750||9;1919||7;1920||2;1925||1;1950||4;1959||5;1962||3;1963||9;2112||4;2123||3;2128||2;2133||1;2136||5;2136##2245659803;1010;919;45
2247432203;2016-03-25;25;2208748;false;0;972;9999;9999##10;30;24##53860798;703||157557921;810||168028715;645||101131545;616||208796906;1004##1;347;372;138;185;400;874##1;399;386;46;1109;-300;938##true;72##false;775##true;1116##6;72||9;256||2;272||4;279||6;283||8;297||6;323||3;385||2;387||4;390||1;505||4;591||2;600||7;670||5;729||2;775||6;782||1;830||9;832||2;863||4;864||3;868||5;874||1;969||4;1100||2;1190||2;1306||4;1309||6;1390||4;1391||2;1391||1;1396||5;1398||3;1404||3;1414||7;1505||2;1506||4;1506||3;1522||5;1528||1;1529##2247432203;1055;1042;64
2247509404;2016-03-25;31;2208748;false;1;1118;1031;9999##16;30;33##53860798;280||157557921;690||101131545;838||208796906;1283||168028715;1014##1;387;70;-75;-14;70;975##1;1752;620;437;1308;60;1116##false;205##false;776##false;1099##6;205||5;211||10;261||10;316||2;319||3;439||1;441||5;445||9;479||8;482||3;532||10;572||8;582||7;602||7;739||6;776||7;781||4;781||3;784||6;870||7;874||1;876||8;879||4;883||8;1063||6;1079||7;1262||8;1270||1;1306||4;1314||5;1390||4;1405||6;1409||7;1524||2;1538||5;1580||6;1627||2;1662||7;1741||9;1743||8;1746||10;1751||6;1753||7;1805||8;1831||6;1836||3;1837||9;1845##2247509404;991;1106;44
2250147740;2016-03-26;30;2208748;false;0;972;758;9999##8;36;16##53860798;542||157557921;696||168028715;713||208796906;745||137273293;675##1;568;95;-329;-359;350;783##1;571;916;936;1551;-200;1288##true;53##false;711##false;1528##6;53||4;253||3;301||5;312||10;322||10;363||2;431||7;442||3;457||5;507||2;508||1;547||3;569||5;692||1;711||2;715||1;832||5;909||2;910||1;919||2;969||1;982||5;988||3;1038||10;1179||1;1185||2;1231||9;1347||5;1353||3;1359||7;1559||5;1563||2;1567||4;1577||3;1582||1;1625||2;1660||5;1687||2;1749||7;1753||8;1773||3;1773||5;1779||4;1784||2;1828##2250147740;947;758;48
2249947295;2016-03-26;36;2208748;false;0;1169;1093;9999##24;28;48##53860798;1220||157557921;1331||137273293;765||168028715;1221||208796906;994##1;456;727;299;1001;270;1054##1;1430;430;596;-39;-170;1101##true;168##true;1188##false;829##10;168||6;241||1;245||1;449||9;481||2;555||8;615||3;701||10;711||9;720||10;872||6;955||3;1089||8;1172||5;1172||9;1188||8;1265||3;1267||7;1269||9;1314||10;1339||1;1361||4;1441||2;1448||1;1469||9;1474||3;1475||5;1479||8;1594||3;1597||7;1601||4;1602||2;1606||5;1606||9;1683||8;1729||7;1842||8;1843||1;1846||5;1853||2;1869||6;1877||3;1893||9;1903||7;1923||8;2001||4;2007||9;2036||1;2130||2;2139||1;2160||3;2182||4;2184||5;2193##2249947295;899;806;44
2250061799;2016-03-26;27;2208748;true;1;1587;9999;9999##21;10;63##53860798;1133||157557921;1150||168028715;1524||137273293;1560||208796906;1696##1;1642;475;-216;1156;220;988##1;566;640;432;299;-70;933##true;120##true;682##true;578##1;120||6;172||1;284||2;290||8;405||5;430||7;455||9;464||6;585||2;628||1;637||7;645||3;651||8;665||4;672||5;678||2;682||7;741||3;843||3;1053||1;1099||6;1107||4;1346||2;1387||4;1415||3;1423||8;1449||2;1462||5;1607||2;1607||3;1612||9;1613||1;1613||7;1616##2250061799;855;850;59
2259658475;2016-03-30;27;2208748;false;1;937;9999;9999##5;27;8##53860798;1193||168028715;655||176996872;537||137273293;704||208796906;517##1;443;302;55;-661;-100;941##1;994;-8;493;1262;200;1196##false;316##false;924##true;828##10;316||6;480||5;496||7;498||10;552||6;583||9;710||5;711||7;716||8;717||3;897||7;907||10;912||9;924||7;1101||8;1135||3;1149||9;1150||10;1195||9;1225||6;1357||10;1358||9;1365||7;1373||8;1376||1;1427||9;1512||7;1546||6;1606||9;1606||8;1608||10;1615||7;1619##2259658475;914;758;51
2262230888;2016-03-31;20;2208748;false;1;876;9999;9999##8;16;12##53860798;917||137273293;482||176996872;802||168028715;786||208796906;1060##1;363;41;54;13;270;903##1;2119;564;761;991;-170;1072##true;169##false;1112##false;1092##3;169||5;213||1;225||7;310||5;418||6;462||6;590||8;604||7;744||8;753||6;920||4;957||9;966||5;967||1;976||8;1100||9;1112||7;1119||8;1148||1;1171||10;1175||8;1189||7;1190||9;1196##2262230888;863;875;64
2262104803;2016-03-31;38;2208748;false;0;1301;952;9999##18;29;39##53860798;1130||208796906;1137||137273293;980||176996872;871||168028715;946##1;640;380;289;1334;-100;1078##1;1213;503;-258;0;230;941##false;48##true;667##false;759##1;48||8;54||10;125||10;372||8;375||1;378||6;448||4;458||10;486||9;495||5;498||2;540||7;589||2;663||10;663||7;667||9;670||3;698||3;870||7;926||3;940||4;974||9;976||5;979||6;996||3;998||3;1114||8;1356||3;1359||2;1360||5;1367||3;1548||5;1891||1;1933||4;1969||8;1975||9;2117||2;2122||5;2124||3;2125||2;2149||3;2159||8;2207||5;2228||6;2239||2;2260||4;2267||1;2271##2262104803;799;891;44
