1897311736;2015-10-28;40;1883502;false;0##13;45;31##94049589;801||26316691;215||87586992;1062||94338967;832||106809101;515##627;158;-392;-630;-282;-960;729##false;-45##false;737##true;1023##3;45||4;51||3;218||9;248||3;312||9;312||4;322||6;491||6;552||1;560||2;562||5;565||5;736||2;737||6;778||2;795||5;796||3;804||1;805||6;988||8;998||7;1018||2;1019||4;1102||10;1135||6;1139||2;1140||1;1150||9;1152||3;1153||4;1249||3;1250||2;1254||5;1254||1;1302||5;1309||2;1331||4;1333||5;1544||4;1545||2;1551||1;1631||1;1703||2;1708||8;1712||5;1739||1;1758||4;1804||5;1809||2;1810||8;1947||1;1952||9;1965||4;1978||8;2369||2;2376||1;2380||1;2401||3;2403||5;2404||4;2405##1897311736;1000;1000;50
1899521370;2015-10-29;31;1883502;false;1##10;20;22##94049589;906||26316691;721||87586992;939||94338967;1071||106809101;496##391;164;730;-320;218;-1499;952##false;224##false;1228##false;898##9;224||6;242||8;368||2;373||1;378||2;626||5;639||10;851||7;862||9;868||1;894||1;1002||4;1003||10;1054||5;1059||7;1063||7;1224||9;1228||1;1229||6;1233||4;1523||10;1529||7;1537||6;1539||7;1673||9;1676||6;1679||7;1845||6;1848||1;1849||10;1853##1899521370;950;1050;58
1998201818;2015-12-12;38;1883502;false;0##22;40;49##94049589;1076||89269794;1407||87586992;1176||94338967;708||106809101;1176##905;890;319;-235;-271;-197;948##true;197##false;836##false;1224##7;197||6;384||5;385||1;396||3;397||4;402||7;434||1;482||5;490||2;503||9;508||5;527||8;530||1;603||6;666||7;671||8;686||6;776||6;821||9;822||1;827||4;836||5;844||6;896||4;912||9;956||10;1018||8;1029||1;1029||2;1037||1;1172||3;1257||5;1262||10;1262||2;1273||1;1280||9;1375||9;1463||7;1485||8;1498||5;1500||1;1567||4;1715||1;1780||9;1783||5;1823||6;1874||8;1875||3;1878||4;1890||1;1959||5;2045||8;2069||1;2072||10;2073||2;2084||9;2141||6;2160||1;2213||5;2214||2;2223||3;2227||1;2302||4;2302||5;2305||3;2310||2;2311##1998201818;892;1259;35
1998318531;2015-12-12;27;1883502;true;1##24;17;56##94049589;1059||89269794;1477||87586992;1895||94338967;1521||106809101;1412##1288;1103;882;9999;-81;-748;1010##false;155##false;830##true;783##9;155||8;186||3;189||8;251||6;253||1;259||4;343||3;548||10;551||7;555||6;587||9;593||10;613||2;762||1;765||4;825||8;830||2;834||9;836||3;841||7;845||6;992||1;997||3;999||10;1001||4;1013||5;1131||4;1132||3;1137||10;1139||2;1142||1;1439||6;1450||5;1453||8;1583||4;1584||3;1616||3;1632||5;1639||10;1640||1;1645||2;1646||6;1646||4;1655##1998318531;857;1294;43
1998032937;2015-12-12;52;1883502;true;1##39;27;82##94049589;992||89269794;1915||87586992;1076||94338967;1694||106809101;1057##1039;755;737;9999;-727;-124;1117##false;241##true;896##false;1824##6;241||5;281||6;361||6;444||8;518||5;522||3;535||4;673||8;682||10;706||1;711||2;719||3;756||5;761||3;800||10;823||5;891||6;894||1;896||4;914||9;916||8;945||6;952||9;1209||8;1244||6;1275||4;1282||2;1350||9;1360||10;1383||6;1393||4;1401||3;1507||9;1515||6;1516||10;1544||9;1624||5;1703||1;1720||9;1780||7;1787||8;1790||10;1826||8;1963||1;2008||4;2269||3;2274||9;2301||1;2308||3;2366||4;2380||1;2401||3;2606||4;2660||1;2691||3;2752||1;2844||3;2879||2;2886||5;2894||2;3022||1;3089||4;3097||3;3130||5;3132||2;3147||5;3148##1998032937;900;1251;35
2001032297;2015-12-13;39;1883502;false;1##13;36;29##94049589;602||89269794;481||87586992;1051||94338967;485||106809101;1097##449;880;-400;-720;431;-1266;676##false;46##false;1126##true;751##6;46||7;196||6;199||3;431||7;434||10;446||4;469||6;600||2;610||3;661||5;762||2;880||8;880||8;888||5;968||1;1039||7;1107||9;1126||10;1128||8;1138||6;1224||10;1356||8;1589||6;1593||7;1602||10;1605||8;1612||5;1618||6;1722||3;1740||4;1743||8;1743||7;1746||5;1746||6;1925||8;1934||7;1938||3;1939||10;1942||7;2133||10;2134||2;2249||10;2265||9;2265||7;2272||6;2275||8;2276||8;2292||6;2340||9;2376||10;2378||7;2379##2001032297;935;1068;43
2000678327;2015-12-13;23;1883502;true;0##27;6;52##94049589;1307||89269794;2373||87586992;1274||94338967;1348||106809101;1360##1492;1080;640;9999;902;931;1090##false;0##true;532##true;775##3;0||10;1||7;38||9;190||10;237||8;320||1;392||6;422||8;427||1;519||6;523||9;524||7;531||8;532||10;535||7;624||8;708||5;725||6;733||10;738||7;741||9;856||8;863||10;884||7;888||7;959||8;1058||2;1067||5;1077||8;1275||8;1360||7;1361||6;1364||10;1364||9;1370##2000678327;892;899;64
2000762142;2015-12-13;25;1883502;true;0##24;11;52##94049589;1535||89269794;2145||87586992;1489||94338967;773||106809101;1432##1189;1065;731;9999;421;317;828##true;88##true;758##true;1273##8;88||5;90||7;176||8;199||4;241||5;287||7;290||3;291||6;447||6;508||1;676||9;755||7;755||8;758||6;758||10;772||5;793||1;911||8;1039||6;1141||5;1145||1;1152||9;1153||7;1169||9;1231||6;1235||8;1240||1;1240||10;1259||9;1368||8;1400||6;1496||8;1497||1;1498||7;1506||9;1507||2;1509##2000762142;956;835;56
2000926804;2015-12-13;32;1883502;true;1##22;14;47##94049589;1002||89269794;849||87586992;1772||94338967;1052||106809101;927##901;919;114;9999;1232;-376;1122##true;105##true;1127##true;754##2;105||8;107||1;189||4;225||1;255||4;291||10;391||10;476||6;635||1;818||6;827||3;833||10;835||7;856||5;952||4;964||10;973||1;974||2;1127||7;1225||2;1433||7;1465||4;1466||5;1473||1;1475||10;1536||8;1536||3;1543||7;1580||9;1581||6;1582||5;1852||1;1861||3;1904||4;1953||1;1958||2;1961||5;1967##2000926804;1012;1111;45
1998652203;2015-12-13;36;1883502;true;0##33;4;63##94049589;1412||89269794;1465||87586992;1720||94338967;1490||106809101;1014##1236;945;727;9999;178;-284;1115##false;93##true;1143##true;1439##3;93||1;257||9;291||7;341||4;358||8;384||2;389||9;442||10;630||6;634||8;641||7;643||7;1098||8;1143||9;1149||6;1159||7;1166||9;1301||6;1387||7;1389||10;1395||9;1400||8;1412||6;1498||3;1507||8;1511||10;1610||7;1754||6;1844||10;1870||8;1870||9;2054||7;2144||8;2152||10;2153||6;2153||8;2166||7;2168##1998652203;1057;1421;52
1998715126;2015-12-13;31;1883502;true;0##36;9;84##94049589;2370||89269794;1877||87586992;1668||94338967;1143||106809101;1874##1788;1476;920;9999;507;676;769##false;46##true;671##true;1053##4;46||9;59||1;72||9;229||7;256||8;277||9;284||7;519||7;651||10;653||9;655||2;658||10;671||8;680||9;733||6;764||10;789||1;930||5;957||2;967||10;970||9;1150||6;1161||7;1174||4;1247||9;1256||2;1315||10;1332||10;1339||7;1346||8;1346||6;1355||5;1376||6;1378||7;1390||10;1447||9;1465||7;1539||8;1547||6;1668||10;1670||2;1677||10;1681||8;1688||9;1817||6;1839||9;1847||3;1851||10;1879||7;1894||10;1895||8;1898##1998715126;1109;1369;52
2000987764;2015-12-13;24;1883502;true;1##28;20;61##94049589;1326||89269794;1330||87586992;1701||94338967;1585||106809101;1992##1549;1218;762;9999;47;-863;914##true;219##false;665##true;884##1;219||9;227||3;302||6;363||10;374||10;551||9;563||7;565||6;568||8;569||6;655||10;665||3;672||5;680||4;686||6;736||2;753||9;763||5;773||7;776||1;777||8;780||3;787||6;788||10;789||2;791||1;858||1;910||2;1007||2;1113||8;1115||4;1128||5;1132||3;1138||3;1222||4;1229||2;1237||1;1245||7;1282||4;1283||6;1293||10;1312||8;1314||2;1315||5;1434||2;1434||3;1434||4;1434||1;1435##2000987764;1161;1066;45
2001143037;2015-12-14;50;1883502;false;0##23;52;59##94049589;1416||89269794;654||87586992;948||94338967;1494||106809101;1102##955;522;185;320;12;-358;927##false;119##false;620##false;937##4;119||9;152||3;153||10;159||5;306||3;334||10;335||9;385||5;391||10;392||2;427||2;512||5;523||8;606||4;611||5;620||6;854||2;859||1;945||5;981||9;985||10;985||1;992||5;1028||5;1103||3;1119||1;1129||2;1131||4;1177||6;1178||7;1180||8;1193||6;1329||5;1330||2;1335||1;1340||4;1482||1;1497||5;1501||5;1619||5;1835||3;1837||4;1987||5;1992||2;1995||1;1997||10;1999||3;2003||7;2061||1;2106||5;2122||3;2124||4;2125||5;2240||2;2251||8;2254||10;2258||3;2258||4;2259||1;2261||3;2271||5;2299||9;2331||8;2490||4;2491||10;2496||7;2499||4;2945||10;2949||3;2955||7;2984||10;3001||8;3007||7;3016||3;3017||5;3020||4;3026||1;3031||2;3039##2001143037;1206;1021;42
2001089587;2015-12-14;39;1883502;false;1##19;41;48##94049589;926||89269794;935||87586992;1323||94338967;801||106809101;908##756;255;770;-1290;286;-1357;939##false;212##false;973##true;1101##8;212||2;219||6;337||2;338||9;376||8;465||9;466||3;551||8;556||4;558||7;594||8;635||6;742||1;749||5;800||9;973||1;974||4;976||6;977||8;984||2;986||5;997||7;1006||4;1156||6;1160||7;1162||8;1166||10;1170||8;1178||5;1302||9;1308||6;1310||7;1314||8;1331||4;1572||6;1579||9;1579||10;1590||1;1649||5;1715||7;1739||4;1740||6;1878||10;1878||3;1881||9;1885||8;1886||7;1893||4;1895||10;2036||6;2050||9;2189||10;2219||4;2296||10;2301||2;2302||8;2304||9;2312||7;2319||6;2323||9;2346||6;2346##2001089587;1164;1063;45
2077929558;2016-01-14;33;1883502;false;0##15;43;27##94049589;951||89269794;761||87586992;1070||94338967;869||106809101;897##791;347;519;-1165;-566;-260;738##false;278##false;627##false;655##5;278||6;279||3;310||5;362||8;379||1;486||8;522||10;550||1;551||6;552||5;555||3;562||2;622||6;625||9;626||5;627||1;627||4;698||7;702||6;804||1;825||3;857||10;859||1;879||2;882||5;899||3;907||4;1055||5;1098||8;1100||1;1103||10;1104||2;1107||7;1151||9;1280||4;1319||1;1329||2;1332||1;1391||2;1425||3;1464||1;1537||2;1609||10;1616||4;1632||1;1637||5;1647||3;1669||2;1676||1;1684||8;1749||7;1756||6;1772||1;1939||2;1956||3;1972||4;1985||5;1987||3;2005||1;2010||4;2020##2077929558;1119;1284;52
2149674761;2016-02-13;40;1883502;false;0##14;37;30##94049589;697||89269794;729||87586992;841||94338967;884||106809101;681##623;429;216;-405;-132;-1872;897##true;-16##false;937##false;590##8;16||8;265||4;268||1;366||4;487||6;514||2;557||5;640||2;641||9;647||3;660||1;662||4;672||3;937||2;956||5;975||10;1033||3;1117||1;1192||1;1253||6;1261||2;1268||5;1271||2;1340||1;1355||1;1509||3;1511||2;1524||8;1829||5;1862||1;1871||3;1873||6;2027||8;2031||7;2073||3;2122||2;2196||3;2197||6;2201||5;2203||9;2205||7;2210||2;2214||10;2214||4;2238||1;2243||6;2388||10;2388||1;2397||5;2397||2;2400||4;2409||3;2410##2149674761;1067;1020;47
2149799258;2016-02-13;31;1883502;false;0##20;25;41##94049589;898||89269794;1279||87586992;1199||94338967;1149||106809101;1499##827;1621;40;-390;564;606;815##true;194##true;923##true;1112##7;194||8;253||7;411||10;474||8;485||7;488||2;566||9;570||7;625||1;761||9;761||6;764||5;768||2;777||6;923||9;985||2;986||1;1003||9;1210||1;1210||6;1233||4;1233||3;1239||7;1245||5;1248||2;1251||2;1280||1;1283||9;1362||6;1378||2;1381||1;1382||2;1462||7;1564||6;1574||3;1583||2;1631||9;1731||5;1731||2;1735||1;1737||4;1740||6;1747||4;1866||2;1870||5;1870||1;1875##2149799258;1020;1067;47
