2273979009;2016-04-05;21;2539098;false;0;812;9999;9999;TongFu;20##4;22;5##164244344;415||117197143;311||120374476;801||89166519;510||182325064;948##1;522;138;-355;horrible;normal;947##1;1758;844;790;perfect;normal;1070##false;91##false;498##false;955##1;91||10;93||3;99||6;136||5;137||10;197||5;297||6;299||4;311||1;448||4;449||4;486||2;487||1;498||4;620||2;742||4;746||1;756||10;908||5;911||2;1160||1;1169||4;1179||4;1269||5;1270||3;1273||2;1306##perfect##perfect##ML##2273979009;1000;1051;52
2274178144;2016-04-05;24;2539098;false;1;945;9999;9999;CDEC.Youth;2635099##10;22;30##120374476;781||164244344;940||117197143;1091||89166519;696||182325064;669##1;1025;519;-588;horrible;horrible;791##1;1218;912;682;perfect;perfect;988##false;1##false;674##false;1059##9;1||10;134||10;231||1;269||9;277||5;367||9;379||10;384||7;392||3;439||5;451||6;508||1;663||7;665||10;674||8;732||9;798||2;807||7;808||4;906||7;909||5;951||4;999||5;1166||3;1171||9;1180||8;1250||9;1313||6;1316||9;1410||10;1411||7;1412||6;1419##normal##normal##ML##2274178144;948;848;67
2274254640;2016-04-05;13;2539098;false;0;9999;9999;9999;CDEC.Youth;2635099##8;26;18##120374476;695||117197143;1234||164244344;887||89166519;1087||182325064;490##1;0;548;-1810;horrible;good;431##1;943;798;678;perfect;bad;874##true;47##false;376##false;9999##8;47||2;94||9;118||2;150||3;203||8;214||4;216||1;221||5;258||1;266||3;270||5;337||4;376||1;385||5;454||4;472||3;478||6;488||9;509||7;549||1;566||2;583||5;593||8;664||2;676||10;685||1;719||2;739||4;741||3;750||4;797||3;801||2;806||1;809##normal##normal##ML##2274254640;881;915;52
2274055990;2016-04-05;23;2539098;false;1;968;9999;9999;TongFu;20##9;26;15##164244344;659||117197143;866||89166519;833||120374476;648||182325064;793##1;343;877;33;bad;bad;853##1;1067;513;742;good;good;1140##false;-13##false;637##false;1132##7;13||3;97||6;101||1;115||3;198||9;203||3;257||6;286||4;304||9;321||10;421||9;465||8;517||5;537||10;584||8;637||4;638||9;638||6;648||10;650||7;656||3;835||8;835||7;839||10;841||9;877||9;946||7;984||4;1006||6;1049||7;1247||6;1301||10;1330||7;1356||10;1373##perfect##perfect##ML##2274055990;829;1103;35
2276150078;2016-04-06;15;2539098;false;1;904;9999;9999;Team duobao;2208748##2;16;6##120374476;654||89166519;631||117197143;641||164244344;660||182325064;724##1;514;223;0;horrible;perfect;823##1;221;885;333;perfect;horrible;757##true;49##false;751##true;9999##1;49||1;277||10;416||7;447||7;539||10;562||6;563||9;567||7;660||6;661||9;664||7;751||3;766||8;774||10;778||7;842||8;866||6;870||10;911##normal##normal##L##2276150078;794;899;43
2275610822;2016-04-06;34;2539098;false;1;1296;887;9999;Team Braveheart;1983234##16;29;38##164244344;1024||117197143;983||120374476;769||89166519;950||182325064;1187##1;476;688;-232;good;good;937##1;1112;688;328;bad;bad;1044##true;83##true;596##true;465##3;83||9;97||2;261||9;264||10;319||4;322||2;323||4;397||2;441||10;442||5;519||1;532||9;566||6;572||2;574||3;577||7;591||1;596||6;681||5;681||9;682||8;684||8;698||1;739||2;852||6;869||7;957||1;1037||3;1055||9;1187||6;1192||2;1197||8;1289||9;1471||8;1485||7;1705||6;1706||8;1738||9;1741||7;1743||7;1878||6;1880||7;2007||8;2011||9;2011||6;2017||10;2044##normal##normal##L##2275610822;751;1000;33
2276225636;2016-04-06;33;2539098;true;0;1013;1719;9999;Team duobao;2208748##26;13;49##120374476;1335||164244344;1168||117197143;1493||89166519;902||182325064;1712##1;1440;203;189;good;bad;1205##1;231;656;301;bad;good;1097##false;110##true;1179##true;1273##3;110||3;265||4;377||2;411||9;412||10;437||7;458||4;514||6;760||1;779||10;866||7;899||6;924||4;975||9;1072||6;1074||8;1179||3;1193||6;1246||10;1331||3;1387||9;1388||2;1390||8;1412||7;1512||10;1512||2;1514||5;1516||8;1527||3;1619||8;1622||10;1632||6;1641||8;1803||6;1961||10;1966||9;1975||6;1983||4;1986||8;1987##normal##normal##L##2276225636;718;892;62
2276337823;2016-04-06;21;2539098;false;1;741;9999;9999;Team duobao;2208748##4;12;12##164244344;741||120374476;485||117197143;576||89166519;1352||182325064;568##1;248;93;-375;bad;perfect;730##1;1295;744;484;good;horrible;986##true;2##false;1167##true;9999##5;2||2;9||10;300||7;416||6;555||2;612||8;678||7;706||10;804||6;830||7;886||10;909||5;963||7;1167||9;1197||6;1240##bad##bad##ML##2276337823;780;800;53
2305092868;2016-04-19;25;2539098;true;0;1205;9999;9999;Energy Pacemaker gaming;1960029##19;8;42##247607981;1178||117197143;1565||89166519;1041||182325064;1402||120374476;1213##1;1008;648;485;good;good;899##1;65;598;-649;bad;bad;524##true;181##true;1165##true;814##7;181||10;252||3;261||4;269||9;270||8;308||1;436||1;529||8;627||9;781||3;817||10;818||9;818||6;819||10;992||4;1019||4;1030||6;1070||8;1165||2;1169||9;1181||6;1182||10;1186||9;1409||10;1417||1;1469||9;1474||7;1480||8;1498||6;1499##normal##normal##ML##2305092868;727;842;69
2304872203;2016-04-19;52;2539098;true;1;970;963;1578;TongFu;20##33;21;92##89166519;1217||117197143;1078||247607981;731||182325064;2034||120374476;964##1;1021;316;575;normal;good;1190##1;291;251;488;normal;bad;1111##false;104##false;1516##true;1645##3;206||7;340||8;459||10;505||2;513||2;645||10;754||8;787||8;878||1;970||1;1291||3;1292||2;1296||6;1310||5;1319||4;1333||10;1514||6;1516||4;1518||8;1519||7;1524||4;1645||7;1647||6;1649||8;1651||9;1655||10;1670||9;1672||2;1833||3;1835||4;1835||1;1844||10;1904||3;1910||6;1914||3;2101||9;2102||2;2108||4;2108||1;2112||5;2118||3;2271||4;2273||2;2275||1;2290||4;2374||3;2936||2;2938||10;3126||2;3137||4;3139##perfect##perfect##H##2304872203;796;1261;79
2304821493;2016-04-19;25;2539098;false;0;572;9999;9999;TongFu;20##12;28;31##247607981;978||117197143;579||89166519;917||120374476;658||182325064;852##1;0;148;-1004;horrible;bad;757##1;2030;480;705;perfect;good;936##false;170##false;703##false;835##3;170||4;323||6;332||10;490||4;539||4;609||3;628||1;628||2;633||5;669||2;699||8;700||1;705||3;788||3;903||5;953||10;1139||2;1150||4;1168||9;1177||8;1183||9;1281||2;1281||3;1285||9;1362||1;1362||8;1364||4;1366||9;1437||2;1442||3;1442||1;1468||5;1471||7;1480||3;1484||8;1505##perfect##perfect##ML##2304821493;875;1164;35
2304992287;2016-04-19;48;2539098;true;1;1510;1491;1434;Energy Pacemaker gaming;1960029##33;19;84##247607981;875||117197143;1546||120374476;988||89166519;1288||182325064;2014##1;1026;373;981;perfect;good;1450##1;1;771;-994;horrible;bad;806##true;102##true;784##true;1294##5;102||7;123||8;193||5;220||5;317||6;380||8;495||1;497||2;507||7;507||4;510||3;521||2;589||5;711||3;784||2;788||6;788||9;797||9;890||2;893||3;894||6;897||8;1007||3;1138||9;1141||4;1146||1;1148||7;1195||9;1210||6;1331||5;1335||3;1336||4;1338||2;1342||2;1348||6;1457||2;1547||3;1554||3;1828||1;1828||4;2012||1;2014||8;2035||2;2040||2;2047||6;2047||7;2048||8;2059||9;2607||2;2622||1;2624||3;2625||2;2631||5;2684||2;2690||2;2703||1;2876||2;2878||2;2891||4;2896||3;2897||5;2902##nice##bad##L##2304992287;840;733;42
2304755006;2016-04-19;38;2539098;true;1;1590;1559;9999;TongFu;20##31;13;67##247607981;1056||89166519;1303||117197143;1307||182325064;2033||120374476;1158##1;1527;726;736;good;good;1250##1;429;202;-72;bad;bad;788##true;256##true;941##true;852##5;256||10;332||2;336||3;341||1;419||2;424||5;431||1;514||10;545||3;623||1;662||2;941||5;942||7;949||9;1002||3;1002||10;1009||10;1019||8;1045||3;1213||5;1329||8;1349||3;1575||1;1584||2;1711||3;1721||1;1721||6;1724||6;1833||3;2059||2;2075||5;2078||1;2082||6;2102||7;2102||8;2162||2;2198||6;2199||5;2200||10;2210||1;2211||4;2217||3;2221##perfect##perfect##L##2304755006;882;1240;70
2306885518;2016-04-20;49;2539098;false;0;1136;861;1189;Team Braveheart;1983234##38;36;90##247607981;981||89166519;638||117197143;727||182325064;1458||120374476;1258##1;-45;529;-45;normal;bad;917##1;733;25;-271;normal;good;1016##false;1##true;681##false;773##2;1||10;206||2;206||1;238||9;316||3;317||7;333||2;413||9;534||10;554||1;560||2;563||6;566||3;567||8;572||5;576||9;576||10;671||9;681||2;689||7;701||9;866||6;868||1;936||2;972||9;977||8;978||1;995||6;1091||7;1319||3;1326||10;1330||4;1332||8;1334||6;1335||8;1588||6;1591||9;1596||3;1669||7;1889||9;1893||10;2041||9;2045||7;2049||8;2061||2;2164||3;2179||8;2190||10;2193||1;2198||4;2202||7;2206||5;2212||9;2319||6;2321||3;2322||10;2325||5;2328||1;2330||7;2352||8;2364||2;2555||10;2566||9;2568||4;2570||7;2574||3;2575||1;2597||1;2734||2;2848||1;2931##bad##bad##H##2306885518;952;951;50
2306830493;2016-04-20;24;2539098;true;1;1612;9999;9999;Team Braveheart;1983234##24;7;54##247607981;1185||117197143;1368||89166519;2131||120374476;1200||182325064;1716##1;1232;499;824;perfect;horrible;1049##1;94;329;82;horrible;perfect;829##false;47##true;807##true;967##7;47||9;158||3;238||10;292||3;381||4;387||5;555||6;560||4;562||4;628||2;800||3;802||5;806||4;807||5;893||9;1003||3;1014||9;1015||1;1016||5;1025||4;1029||8;1090||7;1241||3;1243||5;1244||1;1254||4;1254||1;1368||2;1370||2;1456##bad##bad##ML##2306830493;902;1001;66
2306972638;2016-04-20;22;2539098;true;1;1686;9999;9999;Team Braveheart;1983234##20;5;49##247607981;1603||117197143;1549||89166519;1423||182325064;1589||120374476;1553##1;1718;242;676;perfect;perfect;1057##1;237;829;-138;horrible;horrible;827##true;71##true;724##true;801##1;71||1;162||7;239||4;242||5;252||7;340||5;342||8;347||1;387||8;521||3;654||1;654||1;722||2;724||5;730||4;736||2;1133||5;1228||6;1231||1;1232||4;1235||5;1334||1;1335||4;1347||2;1352##bad##bad##ML##2306972638;968;935;53
2309169740;2016-04-21;33;2539098;true;1;1494;1363;9999;Vici Gaming;726228##23;10;58##247607981;942||117197143;921||182325064;1792||89166519;1292||120374476;800##1;1614;1098;364;normal;bad;969##1;322;45;10;normal;good;1060##false;255##true;787##true;878##6;255||1;349||2;354||1;381||7;383||9;390||6;398||4;405||5;409||2;420||10;422||6;475||1;544||10;633||2;732||5;784||2;787||9;788||1;795||8;795||4;795||3;802||2;1347||9;1363||5;1655||1;1761||5;1766||2;1771||1;1864||5;1873||4;2001||3;2003||5;2013##nice##normal##L##2309169740;1021;963;46
2309082590;2016-04-21;43;2539098;true;0;1337;1170;9999;Vici Gaming;726228##27;28;70##247607981;893||117197143;909||89166519;1426||120374476;1223||182325064;1804##1;1091;970;-270;normal;bad;930##1;639;259;262;normal;good;981##true;271##true;866##true;1069##1;241||5;271||10;274||6;279||1;279||3;283||8;406||4;409||4;471||8;472||6;478||8;624||10;629||6;790||1;791||8;799||4;851||7;854||5;860||2;865||8;866||3;867||4;992||7;1050||10;1178||3;1335||1;1338||10;1424||7;1429||3;1489||7;1573||9;1777||6;1854||3;1864||1;1868||4;1868||5;1879||5;1887||9;2216||1;2260||8;2288||6;2293||4;2305||5;2322||3;2335||1;2414||2;2422||4;2438||7;2446||3;2456||10;2459||9;2464||8;2515||9;2520||1;2536||7;2539||9;2543||6;2583##normal##normal##MH##2309082590;1067;945;43
2311722902;2016-04-22;29;2539098;false;0;855;9999;9999;CDEC.Youth;2635099##7;19;17##247607981;613||117197143;1103||89166519;980||182325064;724||120374476;788##1;322;610;454;bad;horrible;941##1;950;729;878;good;perfect;1261##false;-32##false;1265##false;1346##1;32||1;294||8;342||2;368||4;440||3;519||4;719||3;737||8;822||7;833||3;930||3;1012||9;1024||8;1234||2;1265||6;1273||5;1277||10;1292||1;1308||4;1399||4;1692||3;1725||1;1730||2;1760||5;1766||4;1766##bad##normal##L##2311722902;1110;1257;43
2311614461;2016-04-22;39;2539098;false;1;1166;905;9999;CDEC.Youth;2635099##14;30;29##247607981;651||117197143;956||89166519;857||182325064;966||120374476;757##1;870;420;553;bad;horrible;902##1;848;572;301;good;perfect;1083##false;-32##false;929##true;1324##8;32||7;21||5;115||7;120||1;285||9;429||5;437||1;661||8;672||6;672||2;730||2;826||9;827||7;836||6;906||8;929||8;1077||5;1146||6;1270||4;1328||5;1339||3;1391||7;1402||2;1406||10;1544||6;1553||8;1618||9;1634||6;1638||10;1644||6;1946||8;2052||6;2060||9;2098||9;2177||6;2183||7;2202||2;2219||5;2222||3;2229||8;2231||7;2235||6;2279||8;2336||10;2337##normal##normal##L##2311614461;1067;1300;39
2314093137;2016-04-23;33;2539098;false;0;922;1005;9999;Invictus Gaming;5##14;29;41##247607981;759||117197143;895||120374476;891||89166519;679||182325064;1263##1;130;836;411;normal;bad;1039##1;1505;430;714;normal;good;844##false;126##false;923##false;667##4;126||1;131||9;142||4;319||10;325||4;578||9;647||2;651||1;732||6;733||4;743||9;746||4;871||10;871||7;876||9;899||1;903||8;915||5;923||4;950||2;954||9;1032||6;1110||2;1150||4;1237||2;1241||3;1249||4;1376||2;1387||6;1399||5;1511||3;1541||4;1543||2;1581||8;1582||9;1590||10;1602||7;1680||9;1690||1;1831||6;1832||4;1834||5;1976||1;1978||4;2010||2;2012||5;2015##normal##normal##L##2314093137;1028;1103;46
2314207410;2016-04-23;25;2539098;false;1;811;9999;9999;Invictus Gaming;5##6;9;11##247607981;769||117197143;690||89166519;643||182325064;781||120374476;752##1;146;326;-10;bad;good;872##1;642;421;1042;good;bad;837##true;182##true;9999##true;702##4;182||10;273||2;337||7;366||8;520||10;587||8;634||3;662||1;760||1;978||4;1193||9;1331||7;1391||6;1499||10;1513##normal##normal##L##2314207410;982;1149;41
2336794153;2016-05-03;28;2539098;false;1;969;9999;9999;iG.Vitality;2640025##8;22;13##117197143;893||120374476;723||89166519;504||92965969;668||182325064;486##1;0;173;426;bad;bad;726##1;1582;471;-256;good;good;1064##false;173##false;734##true;716##9;173||2;199||8;330||4;339||2;349||5;382||3;509||7;520||8;628||10;633||9;711||8;723||4;724||10;734||10;743||6;744||5;869||10;878||6;878||4;881||8;883||9;887||8;1201||10;1435||8;1565||7;1572||8;1656||9;1656##bad##normal##ML##2336794153;941;1079;46
2337359534;2016-05-03;35;2539098;false;0;935;1068;9999;Vici Gaming;726228##18;40;45##117197143;1179||92965969;839||89166519;920||120374476;857||182325064;594##1;83;416;129;bad;bad;1008##1;835;615;-18;good;good;1182##false;139##false;624##false;1212##4;139||4;278||9;279||6;283||8;311||5;428||3;469||9;479||6;558||4;575||5;601||1;615||3;624||10;701||3;705||5;709||6;711||2;719||7;773||1;781||2;783||3;792||10;855||3;855||4;862||2;1021||3;1023||4;1025||5;1032||9;1034||1;1127||9;1236||10;1242||9;1244||5;1246||6;1256||7;1268||10;1335||6;1342||9;1672||6;1705||2;1708||3;1709||4;1710||1;1712||5;1719||3;1859||4;1868||2;1870||1;1871||3;2104||5;2138||2;2141##normal##normal##L##2337359534;895;865;51
2337270660;2016-05-03;31;2539098;false;1;984;848;9999;Vici Gaming;726228##17;19;39##92965969;995||117197143;746||89166519;892||120374476;1271||182325064;838##1;0;579;-117;good;bad;792##1;1055;154;597;bad;good;924##false;215##true;995##false;1649##6;215||7;249||2;336||8;340||5;346||3;349||9;354||2;378||10;379||1;402||9;519||8;537||5;622||4;772||3;791||2;793||1;995||7;1022||1;1239||2;1240||6;1240||8;1242||2;1380||6;1383||1;1383||5;1387||3;1419||9;1655||10;1655||8;1662||6;1812||10;1853##normal##normal##H##2337270660;844;870;48
2336701635;2016-05-03;64;2539098;false;0;1226;1190;803;iG.Vitality;2640025##33;34;84##92965969;914||117197143;827||120374476;984||89166519;903||182325064;1511##1;423;-82;407;normal;good;1081##1;644;818;-338;normal;bad;1208##true;119##true;755##false;1044##9;119||10;169||3;270||6;374||10;385||4;388||3;464||7;475||10;476||9;618||1;622||10;622||4;624||2;629||6;645||5;646||8;755||1;756||6;759||1;846||6;851||4;854||10;944||6;945||7;960||9;1250||7;1250||6;1253||10;1257||6;1265||9;1432||7;1636||9;1691||1;1768||9;1784||10;1937||9;2033||3;2422||9;2435||4;2436||7;2438||1;2447||2;2448||4;2710||5;2768||1;2773||9;2776||2;2778||3;2782||1;2918||9;2929||10;2929||2;2930||3;2938||4;3329||2;3426||4;3453||4;3566||2;3578||6;3580||3;3580||1;3584||8;3585||7;3793||1;3796||3;3806##normal##normal##MH##2336701635;796;1107;21
2338939569;2016-05-04;51;2539098;false;1;1143;1223;1003;EHOME;4##28;36;77##117197143;1341||92965969;1141||89166519;586||182325064;1076||120374476;1006##1;526;260;650;normal;good;1345##1;1384;722;420;normal;bad;906##true;258##false;1141##true;1873##4;258||5;291||6;327||3;391||4;530||7;567||3;621||8;623||4;626||7;632||9;634||10;644||9;738||10;812||1;865||7;917||8;1141||1;1144||6;1149||10;1150||3;1150||2;1156||4;1163||9;1225||7;1277||8;1399||5;1402||6;1407||3;1421||4;1472||1;1538||5;1663||2;1663||3;1668||6;1669||1;1686||7;1843||6;1883||9;1884||9;1915||4;1991||8;2094||4;2143||5;2205||7;2206||8;2212||1;2223||9;2226||2;2369||5;2371||8;2481||9;2482||7;2490||7;2534||9;2754||2;2787||8;2817||1;2819||5;2822||5;2833||10;3073##bad##bad##MH##2338939569;775;1193;16
2339150950;2016-05-04;38;2539098;false;0;992;1028;9999;CDEC Gaming;1520578##14;35;35##117197143;1213||92965969;571||89166519;468||120374476;975||182325064;987##1;568;166;448;horrible;bad;889##1;997;640;334;perfect;good;1015##false;-28##false;809##false;1280##3;-28||10;79||3;178||2;243||2;551||2;584||6;585||10;599||4;648||2;655||3;720||5;776||2;809||4;813||3;822||5;1017||3;1018||10;1023||2;1023||4;1027||2;1101||3;1136||2;1147||7;1147||6;1155||2;1497||6;1507||3;1631||8;1641||7;1643||2;1708||10;1717||1;1721||3;1723||2;1925||3;1930||5;1936||8;2211||2;2211||9;2215||4;2215||6;2218||3;2218||10;2220||1;2232||5;2246||10;2301##normal##perfect##L##2339150950;759;981;35
2338852057;2016-05-04;63;2539098;false;1;797;925;1294;EHOME;4##37;25;94##92965969;1098||117197143;1113||89166519;960||120374476;1421||182325064;2046##1;-207;606;-1013;bad;horrible;1370##1;1331;363;1129;good;perfect;1237##false;77##false;828##false;1403##7;77||7;171||7;382||5;390||9;448||2;481||3;489||2;555||10;556||8;561||3;756||8;771||1;776||10;784||8;828||2;873||8;1166||7;1168||3;1409||2;1423||5;1428||7;1436||5;1449||10;1449||8;1528||7;1600||2;1602||3;1612||9;1615||5;1623||8;1629||3;1949||8;1956||2;1959||7;1959||8;2092||3;2116||2;2123||1;2148||5;2164||5;2174||2;2234||1;2416||3;2488||4;2685||3;2729||6;2848||2;2996||1;3025||5;3161||3;3171||2;3191||4;3221||1;3276||3;3300||8;3337||5;3340||3;3594||3;3679||8;3684||3;3719||4;3738||2;3808##bad##bad##H##2338852057;724;1137;21
2339238697;2016-05-04;23;2539098;false;1;875;9999;9999;CDEC Gaming;1520578##8;24;17##117197143;854||89166519;867||182325064;314||92965969;713||120374476;573##1;0;337;383;bad;good;728##1;1226;482;56;good;bad;1041##true;99##false;736##true;9999##5;99||9;163||3;213||5;346||6;350||10;541||2;632||7;634||10;642||6;647||9;656||5;725||1;732||8;736||2;756||10;830||10;900||8;950||9;961||10;973||7;990||8;1052||10;1090||9;1154||9;1263||6;1265||9;1346||1;1359||7;1370##normal##perfect##ML##2339238697;703;1073;24
2360046114;2016-05-13;58;2539098;false;0;945;1171;683;Team duobao;2208748##24;26;66##89166519;769||120374476;1019||150695733;805||182325064;735||280329186;753##1;690;36;210;good;bad;927##1;826;880;-128;bad;good;910##false;55##true;1685##false;1983##4;55||6;259||6;576||2;639||5;728||8;730||6;734||4;737||3;738||2;741||4;974||8;1159||10;1262||9;1463||8;1545||3;1635||7;1679||8;1685||10;1690||6;1706||7;1820||9;1825||3;1827||10;1829||8;1839||8;1916||4;1936||7;1983||3;1987||10;1995||1;2002||5;2016||3;2175||4;2183||1;2348||4;2348||3;2490||4;2543||2;2701||5;2705||3;2710||3;2722||8;2907||7;2907||9;2919||10;2932||9;3394||2;3412||3;3424||8;3448||10;3517##normal##normal##MH##2360046114;679;843;37
2360452231;2016-05-13;35;2539098;true;0;1080;1327;9999;Team duobao;2208748##27;12;65##150695733;787||120374476;1648||89166519;1365||280329186;1003||182325064;1681##1;988;63;304;good;good;824##1;394;228;-526;bad;normal;822##true;167##true;1082##true;1540##9;167||1;173||6;285||2;537||6;633||5;634||3;662||7;672||9;772||4;799||7;854||1;868||9;887||6;968||4;979||10;980||7;1082||8;1167||9;1275||1;1277||8;1323||1;1701||8;1708||10;1711||6;1713||6;1759||1;1853||9;1887||7;1892||9;1938||1;1943||6;1966||10;1971||5;1988##normal##normal##L##2360452231;642;880;68
2360284360;2016-05-13;47;2539098;true;0;1006;1284;1215;Team duobao;2208748##36;20;94##150695733;1744||120374476;1316||89166519;762||280329186;1011||182325064;1756##1;1167;375;50;normal;bad;1131##1;348;623;812;normal;bad;913##false;301##true;994##false;1659##1;301||3;301||6;444||2;631||4;643||8;673||1;718||7;766||5;766||9;771||3;772||10;778||6;804||8;807||9;846||7;992||8;994||4;995||10;1013||1;1025||7;1070||8;1181||1;1242||5;1342||9;1429||7;1430||1;1447||9;1769||7;1799||3;1802||10;1802||8;1808||6;1821||4;1972||3;1974||7;2017||9;2120||5;2158||7;2160||9;2490||3;2499||6;2500||4;2504||7;2505||10;2511||8;2661||6;2679||10;2692||9;2726||3;2771||1;2786##normal##normal##H##2360284360;710;812;57
2361939398;2016-05-14;41;2539098;false;0;1220;1086;9999;CDEC.Avengers;2643401##18;25;39##150695733;930||120374476;954||89166519;806||182325064;683||280329186;694##1;692;649;508;normal;bad;887##1;666;283;-121;normal;good;1370##false;109##false;781##false;1058##5;109||2;380||6;433||9;487||6;487||3;575||7;578||6;623||4;629||2;637||9;754||1;764||6;764||3;765||10;778||4;781||7;800||5;804||6;821||3;828||1;911||8;1042||6;1070||7;1083||6;1126||2;1184||3;1301||9;1302||6;1311||8;1320||1;1998||7;2041||4;2137||2;2142||10;2154||3;2433##normal##normal##H##2361939398;767;1128;26
2362079469;2016-05-14;33;2539098;false;1;690;712;9999;CDEC.Avengers;2643401##4;29;15##150695733;225||120374476;825||89166519;745||182325064;745||280329186;643##1;0;30;92;bad;horrible;997##1;1683;716;1279;good;perfect;879##false;52##false;821##false;1350##6;52||10;157||9;242||5;693||8;703||9;761||10;789||7;805||4;809||6;821||7;955||9;1035||6;1060||8;1160||6;1161||9;1165||9;1355||4;1373||8;1400||6;1515||8;1517||6;1642||8;1644||1;1729||6;1814||6;1861||10;1863||8;1870##normal##normal##ML##2362079469;741;1154;23
2361758084;2016-05-14;67;2539098;true;0;1213;1274;893;CDEC.Avengers;2643401##36;28;89##150695733;1379||120374476;1050||89166519;783||280329186;1087||182325064;1437##1;949;670;1051;good;good;1026##1;431;-71;-84;bad;bad;1115##true;216##true;1193##true;1535##7;216||8;239||8;360||9;469||6;733||7;740||6;859||4;923||8;1069||3;1070||8;1185||7;1193||9;1224||10;1227||9;1293||3;1293||5;1294||4;1297||6;1297||1;1306||3;1730||1;1740||6;1741||5;1745||6;2027||10;2034||5;2038||4;2041||8;2043||4;2180||10;2182||3;2183||8;2184||1;2621||3;2621||5;2624||3;2757||5;2763||2;2774||4;2835||7;2861||9;2882||9;3013||2;3014||3;3079||8;3422||4;3431||5;3434||1;3461||9;3505||9;3754||4;3769||7;3770||6;3782||10;3855||3;3904||5;3906||9;3967||2;3976||7;3977##normal##normal##MH##2361758084;718;1200;108
2378535872;2016-05-21;31;2539098;false;0;897;736;9999;CDEC.Youth;2635099##10;30;20##92965969;1171||135656964;1189||139822354;786||131766964;606||137144202;520##1;108;-55;389;normal;good;872##1;909;756;16;normal;bad;997##true;122##false;1029##false;1398##6;122||10;158||1;158||9;187||8;303||10;310||9;333||1;346||10;477||3;478||1;608||3;861||1;895||10;1009||6;1012||4;1018||5;1025||1;1029||5;1106||4;1166||1;1195||2;1202||4;1227||4;1324||1;1332||2;1332||5;1339||4;1415||5;1434||4;1500||3;1601||2;1650||5;1651||4;1660||6;1660||4;1821##normal##normal##L##2378535872;826;1125;31
2378442968;2016-05-21;17;2539098;false;1;590;9999;9999;CDEC.Youth;2635099##2;23;5##92965969;348||137144202;579||135656964;1025||131766964;743||139822354;512##1;0;-15;-794;horrible;horrible;833##1;818;511;796;perfect;perfect;923##false;-5##false;564##false;915##10;-5||8;136||10;297||6;324||9;373||7;391||5;406||6;423||10;457||6;544||9;564||10;567||7;653||9;662||6;735||10;749||9;793||7;868||9;921||10;929||6;1029||3;1049##normal##normal##ML##2378442968;795;1156;28
2383648677;2016-05-23;22;2539098;true;0;1844;9999;9999;ThundeRobot Gaming;2524644##27;8;48##92965969;1392||135656964;1836||139822354;1262||131766964;1110||137144202;1978##1;1662;637;734;perfect;perfect;1099##1;534;247;-519;horrible;horrible;916##true;43##true;522##true;1180##8;43||9;144||8;161||8;195||6;204||8;296||3;298||2;299||1;304||8;375||7;485||10;522||3;524||9;587||1;594||10;625||9;640||6;659||8;706||1;752||6;755||8;763||6;813||6;906||3;923||9;927||10;929||8;961||8;1034||8;1298||3;1302##normal##normal##ML##2383648677;767;837;65
2383201619;2016-05-23;36;2539098;false;0;1003;854;9999;EHOME.LUMINOUS;2634810##21;43;52##92965969;966||135656964;969||139822354;837||131766964;874||157475523;993##1;0;487;-507;horrible;horrible;911##1;1632;837;1084;perfect;perfect;837##false;1##false;445##false;1489##2;1||3;6||4;9||7;13||1;19||2;79||10;161||5;278||4;283||1;304||10;383||4;445||5;449||10;482||8;483||2;485||1;493||9;497||7;580||5;643||9;731||6;789||4;801||1;818||9;821||7;940||2;950||6;951||1;952||4;961||5;971||10;1152||6;1155||2;1156||3;1159||8;1230||1;1235||9;1240||2;1246||7;1246||6;1337||6;1369||2;1371||1;1377||5;1381||4;1445||2;1445||2;1566||3;1569||3;1774||4;1775||2;1781||5;1806||2;1923||4;1923||4;2042||3;2106||6;2123||4;2126##normal##normal##L##2383201619;832;924;44
