1899675778;2015-10-29;29;1520578;false;1;732;9999;9999##12;32;25##140153524;781||131237305;1060||142750189;577||101375717;835||130416036;500##1;161;-209;-581;22;-70;742##false;162##false;753##false;1328##8;162||5;322||9;327||8;330||6;373||4;374||2;385||10;429||2;494||2;588||6;709||9;724||7;732||4;733||5;739||8;749||6;753||9;846||6;873||8;899||4;900||10;901||5;904||9;913||1;925||8;939||7;939||10;969||2;1251||6;1252||10;1269||8;1401||4;1416||8;1575||3;1579||6;1588||7;1593||10;1610||9;1616||10;1714||6;1727||9;1733||7;1735||10;1738||8;1741##1899675778;1000;950;61
1899380119;2015-10-29;48;1520578;true;1;781;1628;1215##34;7;88##140153524;1346||131237305;1392||142750189;1017||101375717;1220||130416036;1134##1;991;820;305;1172;220;927##true;148##true;945##true;1385##2;148||9;435||2;447||1;664||4;726||3;733||5;734||5;924||1;934||4;935||3;945||1;997||5;1000||5;1077||4;1081||3;1082||1;1086||2;1198||4;1255||10;1256||8;1266||8;1503||3;1529||1;1530||6;1611||1;1882||1;2302||5;2509||4;2512||3;2515||1;2541||4;2599||1;2618||10;2619||5;2876||1;2880||6;2882||3;2882||2;2898||3;2900||5;2901||4;2903##1899380119;939;1000;46
2012940442;2015-12-19;36;1520578;true;0;999;1395;9999##29;10;60##140153524;1272||131237305;867||142750189;1274||101375717;974||130416036;1908##1;774;337;-61;915;400;977##true;43##true;1003##false;1117##9;43||9;197||7;324||4;417||10;446||8;461||6;469||8;550||7;557||5;611||3;767||6;769||5;1002||10;1003||8;1003||6;1004||3;1007||9;1012||4;1016||7;1018||5;1060||3;1146||8;1147||8;1155||2;1161||6;1202||7;1233||6;1371||7;1375||9;1559||8;1610||7;1615||9;1855||8;1870||8;1875||1;1881||6;1920||9;2079||9;2122||8;2124||8;2131||5;2142||7;2152||10;2157||8;2158||6;2165||10;2171##2012940442;985;856;55
2013039115;2015-12-19;43;1520578;false;1;805;1192;9999##15;22;28##140153524;696||131237305;686||142750189;913||101375717;921||130416036;824##1;254;196;-59;-286;60;1511##true;208##false;1057##true;1007##2;208||6;218||10;227||8;238||2;289||9;367||7;391||1;489||10;575||2;601||1;631||10;763||8;899||1;916||4;929||10;1051||6;1057||9;1066||4;1214||6;1287||7;1298||4;1584||6;1699||10;1919||6;1922||1;1972||9;1992||4;2076||5;2101||4;2276||2;2296||7;2468||7;2476||9;2605||4;2606||8;2608||7;2609||6;2609||10;2611##2013039115;1040;837;37
2028338034;2015-12-25;39;1520578;true;0;965;1290;9999##30;12;64##140153524;963||131237305;913||142750189;1421||148539787;911||130416036;1813##1;542;456;-86;716;-100;1164##false;-36##true;900##true;1893##1;36||9;44||9;107||2;137||8;365||6;459||6;649||9;766||1;771||4;772||5;785||8;790||10;800||7;814||3;818||10;900||1;1202||8;1206||9;1213||6;1219||7;1227||2;1261||10;1358||8;1366||7;1392||6;1407||1;1419||8;1468||9;1574||3;1577||8;1587||8;1724||7;1736||2;1741||6;1742||9;1745||6;2313||8;2343||7;2347||2;2349||10;2355||9;2355##2028338034;1003;1000;49
2030477854;2015-12-26;63;1520578;false;1;1012;1087;886##24;29;41##140153524;750||142750189;819||131237305;646||101375717;781||130416036;1192##1;698;-432;267;61;-30;1275##false;180##true;1567##true;1047##8;180||2;213||4;546||1;578||4;676||5;682||4;780||2;1130||6;1136||2;1208||8;1238||6;1288||6;1556||4;1564||1;1567||10;1572||8;1572||8;1700||7;1721||5;1802||4;1803||3;1813||9;1839||6;1944||8;1951||7;1953||1;2060||1;2438||1;2599||7;2599||9;2606||10;2614||4;2624||6;2630||2;2636||8;2646||9;2746||6;2784||7;2817||1;2822||6;3003||1;3112||7;3113||6;3114||8;3119||1;3661||7;3696||10;3699||6;3705||9;3746||8;3764||5;3778||9;3780||4;3782||1;3825##2030477854;1052;1050;49
2029938095;2015-12-26;34;1520578;false;1;891;746;9999##14;20;25##140153524;956||130416036;712||131237305;558||142750189;641||101375717;836##1;0;308;513;416;400;943##true;47##true;1103##false;1533##2;47||4;231||1;372||8;480||4;658||3;679||9;694||7;762||5;875||4;877||2;908||7;1050||4;1051||10;1062||8;1062||1;1103||9;1105||7;1108||10;1271||8;1307||7;1309||2;1371||7;1375||3;1378||6;1399||9;1414||8;1551||9;1913||6;1927||5;2028||9;2030||8;2030||4;2032||7;2035##2029938095;1003;1000;49
2029823980;2015-12-26;39;1520578;false;0;994;962;9999##17;26;30##140153524;453||142750189;887||131237305;820||101375717;740||130416036;1455##1;519;255;416;-55;400;1161##true;63##false;1172##false;1423##7;63||9;308||7;421||8;460||2;462||2;528||7;554||2;739||3;810||7;814||9;824||4;888||1;924||8;927||1;996||4;1002||3;1007||6;1094||5;1172||1;1276||8;1282||7;1289||4;1293||3;1297||2;1303||10;1690||1;1701||8;1705||5;1711||4;1720||1;1749||1;1971||7;2088||1;2111||8;2115||4;2117||10;2118||9;2140||1;2177||6;2286||3;2317||4;2320||5;2337||2;2338##2029823980;954;1049;45
2176882495;2016-02-25;44;1520578;true;0;1327;983;9999##29;19;73##140153524;1222||131237305;740||130416036;1218||101375717;1491||142750189;1178##1;1562;313;-8;813;220;1127##true;100##true;801##false;892##10;100||3;283||8;292||4;323||4;441||6;536||10;634||6;636||2;692||8;702||3;707||9;712||10;715||1;725||2;786||6;793||8;801||9;802||7;810||5;973||9;1058||10;1079||1;1096||6;1096||4;1359||1;1368||1;1442||5;1447||6;1450||7;1614||10;1908||4;1909||2;1915||1;1929||6;2038||9;2105||7;2149||6;2162||5;2213||10;2214||8;2226||3;2227||9;2575||2;2580||6;2585||7;2610||8;2633||6;2643||10;2648##2176882495;909;1370;32
2176488482;2016-02-25;34;1520578;true;1;821;1571;9999##21;6;53##140153524;1604||131237305;1435||142750189;1143||101375717;1257||130416036;1479##1;1289;420;941;179;-50;1282##false;850##true;1653##false;1101##10;850||8;888||2;964||10;974||3;997||5;1024||2;1160||6;1214||9;1288||4;1393||4;1404||1;1409||4;1639||1;1648||5;1650||2;1653||3;1663||1;1791||4;1792||3;1793||2;1797||5;1800||3;1807||3;1976||1;1980||5;1983||4;2037||1;2039||6;2044||2;2051##2176488482;941;1228;48
2176559949;2016-02-25;24;1520578;false;0;912;9999;9999##6;16;11##140153524;853||131237305;568||142750189;813||101375717;468||130416036;964##1;175;31;336;-462;100;905##true;165##false;1307##false;755##8;165||1;169||10;172||8;243||1;295||6;311||2;444||4;445||5;674||4;1032||9;1041||9;1052||5;1234||2;1237||3;1238||1;1260||4;1307||3;1395||10;1396||2;1397||1;1398||4;1403||5;1408##2176559949;989;1125;51
2176744667;2016-02-25;46;1520578;false;0;1372;1122;550##30;46;69##140153524;1120||131237305;862||142750189;1162||101375717;1061||130416036;1243##1;975;-47;173;880;-200;912##false;-19##true;780##false;768##5;19||6;51||6;104||10;152||2;373||9;382||10;420||3;454||6;483||2;563||9;603||4;623||10;626||6;627||3;730||6;733||6;780||2;782||8;783||5;786||10;789||7;790||4;804||8;805||2;925||7;936||10;938||3;989||10;1010||9;1011||7;1015||6;1018||5;1106||1;1110||2;1147||5;1332||2;1356||4;1603||2;1614||3;1614||10;1617||5;1628||1;1628||8;1647||9;1702||2;1756||4;1777||2;1913||6;1915||1;1932||5;1935||3;1942||3;2057||5;2076||1;2085||3;2231||5;2257||2;2273||10;2280||9;2284||8;2309||2;2401||5;2401||4;2405||3;2407||1;2410||9;2574||6;2581||1;2584||10;2588||5;2593||4;2600||2;2608||9;2728||7;2731||5;2738||1;2739||4;2744||3;2749##2176744667;938;1274;32
2177005584;2016-02-25;46;1520578;false;1;1459;1126;1051##19;33;36##140153524;1377||131237305;596||142750189;729||101375717;809||130416036;1047##1;2021;668;64;-688;230;1056##true;212##false;1398##true;577##5;212||1;308||8;358||6;365||7;444||7;570||8;578||2;582||4;698||8;701||2;703||7;705||2;813||10;837||7;886||7;1398||8;1458||9;1461||10;1480||1;1572||9;1637||3;1644||7;1684||7;1770||1;1847||8;1852||6;1858||3;1858||2;1858||2;1976||4;1981||3;1993||10;1993||1;2191||4;2196||8;2196||8;2281||1;2317||7;2336||9;2338||1;2346||10;2352||8;2509||7;2515||6;2517||10;2530||1;2533||6;2544||10;2547||4;2613||8;2767||10;2773||9;2775||7;2795##2177005584;906;1306;27
2176618946;2016-02-25;32;1520578;false;1;1318;982;9999##14;23;20##140153524;566||131237305;986||142750189;900||101375717;1029||130416036;835##1;938;229;584;375;270;935##true;132##true;941##true;834##2;132||5;400||10;494||8;497||3;553||5;577||4;587||5;687||10;691||1;718||6;725||4;727||8;736||2;740||8;924||7;930||10;934||1;941||10;942||8;1039||2;1150||1;1151||3;1155||8;1207||10;1210||6;1408||5;1411||9;1412||10;1420||7;1423||9;1681||6;1686||8;1703||8;1909||6;1910||10;1949||7;1949||9;1954##2176618946;879;1219;30
2192542709;2016-03-02;62;1520578;false;1;701;1097;941##23;34;37##140153524;800||131237305;984||142750189;644||101375717;872||130416036;1034##1;127;-292;834;-958;-70;1177##false;149##false;1913##true;1189##7;149||4;292||1;467||9;524||2;944||8;959||10;963||6;1074||7;1253||7;1331||1;1592||9;1628||1;1704||9;1713||2;1716||5;1761||8;1763||3;1766||4;1911||8;1913||2;1921||3;1936||3;2187||6;2193||5;2200||6;2421||7;2450||1;2647||8;2658||4;2702||8;2853||3;2853||10;2861||9;2865||7;2868||6;2871||4;2877||10;2927||3;2950||5;2950||2;2959||6;3186||5;3187||8;3190||7;3198||6;3310||10;3410||6;3436||9;3502||8;3553||10;3562||10;3583||6;3679||8;3702||5;3710||1;3723||9;3723||10;3726##2192542709;849;1170;31
