2405555311
2405046808
2405968729
2405053347
2405630794
2405526656
2405659801
2405265680
2404141174
2405240400
2403997603
2405896081
2404059469
2405379940
2405848216
2404943553
2406005390
2406040060
2407115659
2407996315
2406229857
2408217778
2406270807
2408450860
2407508077
2407750564
2407787799
2408037002
2407633602
2407895357
2408139337
2407294384
2408519318
2408583664
2408596949
2408612651
2408596812
2408934303
2410073177
2409393490
2408914595
2410211227
2409012917
2408739164
2408631374
2408737158
2408658682
2408813096
2409156577
2409298043
2409698555
2410312824
2409398145
2409258294
2408676984
2409823701
2410461958
2409375204
2409157187
2409573458
2408862401
2409573630
2408704984
2408659554
2410986712
2410895838
2412553018
2410954215
2412028250
2412622303
2412725966
2411940567
2411397526
2412001984
2410888512
2411196189
2411603661
2411460113
2410892086
2411277988
2411796041
2411032753
2411780572
2411342644
2412105328
2412676290
2411686594
2411150532
2410889717
2411081738
2412797277
2410965721
2411837491
2411569279
2410966933
2412232933
2415286409
2415461299
2415395924
2415350631
2414380415
2415097881
2414962996
2414698099
2415540518
2414851785
2414496751
2416806533
2418090938
2416976852
2417850634
2418024487
2416935894
2417703889
2416740962
2417931396
2417129266
2418580528
2418319460
2418415538
2418664928
2419483371
2419873195
2419236363
2419750817
2419479998
2419158690
2419080892
2419982182
2418854718
2419012929
2419308420
2420758956
2420586461
2420649625
2420842637
2420526669
2421317079
2420952614
2421177492
2421632962
2422315461
2421674092
2421744792
2421505139
2422100487
2422212802
2421316823
2421874914
2421449481
2422924793
2422790094
2422795457
2422859017
2422858795
2423085167
2423773495
2423662664
2423509445
2423665959
2423222858
2424579230
2424486649
2424536913
2424643650
2423678615
2423400514
2427100190
2425267177
2425188750
2426223355
2426945572
2425518994
2425393743
2425646897
2425850818
2426521521
2426375676
2426101283
2426001580
2428159350
2427950507
2427652445
2427792748
2428046296
2428788664
2428563481
2428525172
2428609322
2427720580
2428372192
2428901332
2430618706
2430271395
2430120102
2430738353
2430984806
2431735619
2431404200
2431572778
2430186583
2430853227
2433092992
2432892820
2432795898
2432680311
2432586183
2433200897
2433202920
2433763197
2433354025
2433978917
2434286660
2434067917
2434177195
2434345142
2433864741
2433316366
2433966081
2434251308
2433623109
2433441665
2434101441
2433454088
2433852301
2434251918
2433551482
2436214654
2435259969
2435626756
2435022259
2435272608
2434978588
2435872458
2435307874
2435341927
2435821908
2435551373
2435619189
2435580588
2434908548
2434917095
2435517124
2435014261
2435685900
2434728780
2435194060
2436368215
2435526579
2435298807
2434935621
2435420669
2434922831
2435432286
2435689670
2435185724
2435347523
2434931142
2436802533
2435804703
2434818964
2435516850
2435204078
2435746809
2435752301
2437904702
2437404852
2438350996
2437782930
2437565390
2437493786
2437965343
2437814764
2437449279
2438017221
2437286654
2437531225
2437428560
2437682290
2437629424
2437336042
2437839428
2437920870
2437995937
2438528893
2437558029
2438211781
2437128789
2437894128
2437184139
2437948887
2437583680
2438078016
2437805859
2438080347
2437449176
2437244405
2437453250
2436981034
2437315154
2437245892
2437696905
2437627906
2438183814
2437804571
2437178945
2437818927
2437946108
2438104076
2437471441
2438197772
2437028162
2437184549
2437115317
2437175005
2437312815
2438227264
2438220840
2437197756
2438347973
2438649653
2438808693
2438923264
2439672499
2440364475
2440627819
2441269873
2439295199
2440469434
2440072760
2439819883
2440240941
2439955955
2439579535
2439659337
2440143149
2439240427
2439805230
2439751520
2440436769
2439811503
2440967769
2439570413
2439911452
2439838859
2440500452
2440480895
2439559922
2439445675
2439730874
2440340319
2440366527
2440497239
2440169486
2439936076
2439245198
2439190716
2440173134
2440293569
2439509185
2441055078
2440310511
2440049330
2440709576
2440075535
2439801554
2439725116
2439260524
2440252878
2439559952
2439829291
2440475989
2439643051
2439888064
2439460317
2440469435
2440376648
2439729893
2439583776
2440062300
2439745493
2441205636
2439683823
2439476312
2440008047
2440190742
2440121708
2439804174
2439835717
2440098803
2439402693
2440414793
2440634149
2440605839
2439522909
2439390558
2440849412
2439946663
2440451503
2440329883
2440129277
2440508612
2439459814
2441311652
2441988389
2441601102
2441870926
2441632396
2441546446
2441905752
2441665499
2441614694
2441467983
2441879433
2441750287
2441988649
2441792550
2441500230
2441659625
2441767694
2441956089
2441425925
2441513017
2441459357
2441902694
2441976865
2442409170
2442248917
2442609660
2442814626
2442633563
2442785560
2442631651
2442880235
2442262919
2442165601
2442473115
2442847139
2442899763
2442837594
2443155692
2442994449
2442050367
2442602627
2442832848
2442777662
2442683776
2442079005
2442590375
2442447226
2443155396
2442689934
2443318245
2443399427
2442393276
2443468488
2442676105
2443619695
2442604171
2442361952
2442540306
2442244100
2442477978
2442070612
2443279779
2442649169
2442971767
2442645178
2443378342
2442531922
2442739800
2442687857
2442550112
2443568380
2442182095
2442343238
2442341011
2443977189
2444883863
2444904282
2445167772
2444476782
2444935565
2444766467
2444777259
2444713784
2445058043
2444399524
2445057886
2444413996
2444371662
2444865333
2443895245
2444828857
2444037053
2444959354
2444911803
2445056001
2443665832
2444840488
2444930374
2445082246
2443998518
2444490247
2445100250
2444533151
2444070793
2444220908
2445018944
2444612751
2444289147
2444881470
2444519922
2444663195
2444774503
2444159334
2443816706
2444980752
2444509429
2443743501
2444001646
2444202401
2444065157
2443790200
2445483404
2445270564
2445668674
2445875942
2445194817
2445996055
2445293249
2445445541
2445225082
2445331575
2445384368
2446371792
2446649001
2446982483
2447065491
2447087980
2446816185
2446452104
2446991851
2446745680
2446610654
2446630609
2446534535
2446293061
2446884480
2446885122
2446921274
2446794937
2446966777
2446552186
2447074169
2447077729
2442339414
2442194191
2442813913
2442204165
2442227667
2442714305
2442433381
2442073165
2442113000
2442687053
2442576015
2442565303
2442097128
2442004818
2442390070
2442011484
2443848318
2443790054
2445206790
2445142181
2445291106
2448616842
2447473235
2447182071
2447530129
2447763321
2447647640
2447397655
2447477751
2447608457
2448201980
2447538356
2447228956
2447758189
2447821556
2448310164
2447376537
2447782025
2446433232
2447548927
2447589207
2447719905
2447776894
2447655160
2447379758
2447365661
2447379904
2447706948
2448669619
2447601447
2447566941
2447190474
2447364116
2447732517
2447425220
2447658826
2448082522
2447251799
2447434608
2447841747
2447498681
2446362410
2447577312
2447942165
2447387145
2449667402
2450534146
2449534647
2449423270
2450005203
2449161366
2449505661
2450210885
2449815127
2450017711
2450110505
2449099273
2450027288
2449393484
2449534526
2449740238
2450062160
2449626156
2448844362
2450013945
2448824820
2449970283
2449610686
2449723633
2450557369
2448906790
2449176594
2448738371
2450066692
2450180548
2450441258
2449327489
2449626045
2449278805
2450233710
2450449216
2450095024
2449958944
2449934679
2449625206
2449282596
2452793026
2451620147
2451274381
2451835794
2451934587
2451943733
2451023239
2452035790
2451353878
2452105641
2451737108
2451439716
2452079208
2452344643
2452882116
2451491062
2450969551
2454125403
2454544005
2453499259
2454532381
2453856100
2453884457
2453783289
2453580906
2454075602
2453752380
2454344243
2453646413
2454922855
2454216255
2454522068
2454491938
2454203627
2454471841
2453854590
2455028459
2454271579
2454510789
2455632803
2456140655
2456568356
2456434850
2456656943
2456256658
2456357568
2455734807
2456580801
2455797294
2456464503
2457675135
2457777239
2458254575
2459046751
2457534018
2457539477
2457536519
2457610044
2457563657
2457538648
2458752336
2458252607
2457556422
2458801151
2457643232
2457622476
2457699898
2457543114
2457611031
2457539523
2457538083
2458715870
2457566537
2457849379
2457542297
2457547347
2457655915
2457589456
2458394433
2459675623
2457630952
2457641189
2457621791
2458393902
2457551701
2458243176
2458905130
2457764208
2457650277
2457545616
2457550696
2459672161
2457664485
2457589979
2458193463
2457647026
2457748969
2457797616
2457600232
2457609703
2457550549
2457723495
2458374352
2459675261
2457608604
2457717691
2457576221
2457643203
2457705812
2457537345
2457577372
2457551806
2457962886
2457614491
2457691028
2457621578
2459066888
2457536125
2457778604
2457641146
2457535160
2458614759
2457761697
2458407924
2457702423
2459521437
2459666907
2457753886
2457557187
2457688483
2457610933
2459048057
2457553170
2457548779
2457543099
2459596920
2459045954
2457538217
2457535676
2457596858
2457564003
2459399803
2457665419
2457533093
2457540210
2457537582
2457772043
2457754850
2457548573
2457667026
2457547933
2457653900
2458247387
2457535457
2457682137
2457577718
2457536421
2457598192
2457555328
2457588625
2457598955
2457535878
2457558592
2457664136
2457550161
2457543718
2458574887
2457589166
2459407990
2457542777
2458648036
2459216314
2459005225
2457541744
2459583995
2458844955
2457619145
2457859375
2457590701
2457536896
2457541212
2458883270
2457559781
2457588701
2459066841
2457580724
2457534281
2457565842
2457695082
2457599960
2457767238
2457534631
2457809356
2457579041
2457619584
2457555774
2457734547
2457677014
2457766774
2457539999
2457537564
2459089877
2457533242
2459669433
2459063068
2457545410
2457536435
2457578818
2457571103
2457605177
2457540394
2459676921
2457690129
2457545443
2457575707
2459667615
2458949931
2458040571
2457604978
2457685760
2457687490
2458909866
2457533069
2457634921
2457574910
2457533313
2457575134
2457795132
2457543077
2457872729
2457667279
2458500198
2457545098
2457537838
2457547037
2457617438
2457552398
2457553467
2461369456
2460843202
2460572757
2460844885
2459673425
2461514781
2460703211
2460737408
2460717170
2460023273
2461031730
2459939274
2461746185
2460575010
2460578558
2460720900
2460847765
2460552348
2459838799
2461673740
2460049490
2461550936
2461860027
2461220252
2460572040
2460407804
2460131422
2459947585
2461470969
2459830055
2459741412
2461361885
2461377243
2461926251
2461756732
2459723205
2461668254
2461190427
2460543710
2461017493
2459752821
2460412203
2460419598
2461178161
2460435158
2461552470
2460428144
2460402876
2461203360
2459907895
2461928708
2460688631
2459845477
2461079785
2460305276
2461476971
2461014758
2461049428
2459839444
2460588063
2460102446
2460008781
2461015742
2459665468
2461328439
2460260733
2459664323
2461504999
2461742564
2461845439
2460167956
2460183648
2461672415
2459794479
2459718722
2460396574
2461554668
2460871765
2460678157
2462917508
2464155542
2463391722
2462755300
2462768739
2463866292
2462379612
2462385999
2463639518
2462509279
2464053242
2462540843
2463147675
2463855212
2462476425
2462277891
2462953215
2463531208
2462624640
2463047834
2462948101
2462798717
2463161660
2462376179
2464402989
2463859768
2463253508
2462978052
2463436433
2462821757
2462617735
2463132755
2464237242
2463706598
2462988145
2463492421
2463333087
2464239144
2462525743
2463049102
2462927947
2463303682
2462844785
2464041146
2464317937
2462992113
2462251386
2462822944
2462735745
2463564353
2462247848
2462429521
2462816076
2464111444
2463541690
2462534343
2463232208
2463296249
2464172585
2463214378
2464043004
2462479057
2463084913
2462800117
2462248121
2462652353
2464341147
2463063078
2463407690
2463164128
2462624643
2462926975
2462991375
2463351043
2463721285
2462389587
2462666165
2463549650
2462287435
2462727953
2463089250
2462609100
2463703523
2462295335
2462379425
2463797049
2463008349
2464347560
2463943541
2462606875
2462789056
2463711060
2465101901
2465862253
2466075858
2464869280
2466251464
2464973787
2465299203
2465638938
2466151858
2464657058
2465353157
2464980610
2465754764
2464765728
2465524303
2464767697
2465878808
2464976921
2465530478
2464575463
2464572308
2464848079
2464677668
2464661404
2465824952
2465270502
2465787366
2465954548
2465379514
2465741210
2464971377
2464582563
2464857522
2466394822
2466329104
2465649035
2464572892
2465127321
2464847711
2465129123
2465529645
2465024200
2464759509
2465280543
2465135350
2464459513
2464739613
2466472513
2465533399
2464672010
2467636453
2467933282
2467478609
2468551031
2467731883
2468463759
2467792562
2466917982
2468020222
2468492567
2467593841
2466903757
2468440492
2467198973
2467241036
2467649043
2467373931
2467449437
2467484798
2466794237
2467311403
2467857302
2467346817
2468060568
2466812760
2467763435
2467291841
2467030787
2467119481
2468369993
2466696661
2468608023
2467713099
2467020229
2468559869
2469911737
2470449876
2469469364
2469038175
2470193131
2469889797
2469377521
2469098993
2468957425
2470053125
2468689041
2469606033
2469153904
2469710165
2469295282
2470450728
2469491045
2470085294
2470349461
2468766885
2470289162
2468728087
2470180902
2468922471
2469608363
2469213040
2469829561
2468846659
2472330520
2472067691
2472772851
2471945365
2471297669
2472721956
2472699609
2472570110
2473038079
2471854318
2472966900
2471596465
2471027187
2472535656
2472041836
2472568790
2471306062
2472859052
2471515754
2473011558
2471694900
2471781717
2471127778
2471388138
2471197520
2472226025
2472897627
2472479791
2472283736
2474912312
2474167437
2474449593
2474352493
2473125373
2474642210
2473874524
2473597971
2473400924
2473082189
2474204047
2473102611
2474259360
2474180927
2474104502
2473307910
2473693876
2473931048
2474463624
2474396536
2474530424
2474033512
2474257339
2474243841
2473494084
2473952085
2474325705
2473880183
2473057170
2473583647
2474370220
2474582458
2474423445
2475292264
2475269496
2474277698
2474491038
2474391790
2474599501
2474798842
2474267860
2473489681
2474046226
2474146017
2476689910
2476354216
2476609317
2475684466
2476673025
2476538906
2475604203
2477746257
2476995804
2477800088
2477275657
2476632112
2477291169
2476601885
2475704203
2475317558
2477061868
2476782421
2476908020
2475522442
2477608342
2477809112
2477612698
2475398365
2476997491
2476588069
2477191251
2475771167
2477508297
2476393389
2477713010
2477111585
2476919841
2476027602
2476691977
2475387867
2476979370
2475623174
2475391874
2476606837
2477402399
2476727031
2476890937
2476914902
2475610334
2476779770
2476846664
2475904019
2477072702
2476646714
2476822243
2476119427
2475890691
2476868587
2476461179
2476445460
2479524232
2479105223
2478602010
2479276911
2478018015
2478320310
2479384100
2479545631
2478854400
2477979109
2478755759
2478743809
2479948720
2478603696
2479211141
2478168551
2478656233
2478435967
2477849405
2478314200
2478575666
2479959008
2478203401
2479537399
2479373372
2477859692
2477918657
2479696649
2478793244
2478862924
2478056457
2480045573
2480040612
2478548593
2479838615
2478691986
2480203750
2479865783
2479051277
2480056817
2479399715
2482049776
2481740292
2481086683
2481705481
2481612180
2481643344
2481561789
2481458771
2480429722
2482030715
2480342003
2481545899
2481896186
2482319583
2480390289
2481499773
2481749964
2481176187
2481841486
2480342667
2482142961
2482159406
2481205617
2481714940
2482380261
2481095250
2482280397
2481658915
2482037472
2481604075
2482886627
2483995702
2483298255
2483612974
2484196001
2482583283
2482968657
2482975804
2484657856
2483831617
2483923230
2483069969
2484408810
2483046454
2482738159
2482896234
2482794373
2484712420
2483331021
2483963599
2484001524
2483917856
2483815869
2483595682
2484140146
2483871910
2483908455
2483387121
2483614427
2483246060
2482857789
2483474515
2483481263
2484568995
2483922099
2483488585
2482681118
2484073587
2484299587
2483639972
2483903399
2483491952
2482640950
2483763313
2483769101
2483221439
2483879748
2483868982
2482807919
2483929389
2485526884
2485030583
2485457702
2485714147
2485712344
2485324437
2485795131
2485596509
2486615848
2485233256
2484871312
2486895704
2486283573
2485836552
2486101058
2485112789
2486242634
2485698198
2486821284
2485835876
2485119809
2486503887
2486224184
2485180059
2486235198
2486578490
2485296372
2485038548
2484835754
2486012999
2485046589
2485950907
2485542006
2485763799
2485483619
2484943506
2485544657
2485282131
2485730343
2486067410
2486469932
2486067834
2485935010
2484936023
2484900789
2485846278
2486072096
2485730703
2485475315
2486139997
2485983505
2485905252
2488030151
2488249740
2487561001
2487036904
2487907693
2487017710
2487085535
2488239280
2487834448
2487714524
2487836969
2488487862
2487748107
2487704143
2487191672
2487823099
2488362735
2487684778
2488472018
2488137274
2487596245
2487843241
2487373654
2488753749
2489052148
2487457459
2487250513
2487279084
2488317386
2488684011
2487981101
2488067023
2487598793
2488762719
2488568108
2487931572
2489017951
2487388596
2488224239
2487721345
2487117716
2488438675
2488409139
2486953172
2487855511
2488090033
2487210016
2487807177
2488198093
2487443779
2487426065
2487301698
2488494258
2488113093
2488372262
2487094989
2490057044
2489125331
2490938006
2490581609
2490817196
2490865509
2489260740
2489577745
2490438775
2489150384
2490734785
2491254387
2490718776
2490513244
2490420102
2489644925
2490370740
2489404051
2489425593
2489656950
2490113541
2490453752
2490300202
2489956410
2489350478
2490470362
2489840815
2490901314
2489357139
2489540603
2490872861
2489547363
2489078181
2489929269
2489689205
2490140520
2491306258
2490196041
2491166293
2490456996
2491070688
2490786972
2490610417
2492348583
2492644065
2493699256
2492745047
2492502698
2492642432
2492258690
2493072295
2491965478
2492491538
2492591722
2492154839
2492649216
2491829285
2492586129
2493115248
2491973966
2493083341
2491693435
2492776621
2492857938
2492958521
2491680573
2492950485
2491605871
2492552702
2492675494
2492846884
2492689160
2492235535
2492895902
2491864241
2493231355
2491589352
2492439684
2493647725
2492530161
2492823787
2493127282
2495253904
2495099931
2494438298
2495789386
2495021464
2493848400
2494483717
2494588246
2494697067
2494813116
2494116647
2495257761
2494920249
2495868794
2495722708
2494843224
2495158796
2495347447
2494287314
2494743001
2495454338
2494010365
2497715367
2497528742
2497555157
2497517704
2497918879
2497253017
2497475573
2497962472
2497358993
2498049507
2497932825
2498036690
2497352898
2497256862
2498160734
2497548405
2497402567
2497644777
2497650715
2497141517
2497580037
2496174420
2497242568
2497487263
2497240321
2497358243
2497034863
2497489981
2498017728
2498121900
2500255082
2499567054
2499697566
2498627379
2500053716
2499290486
2498542424
2498829955
2499405431
2499602548
2500153104
2499847091
2498926519
2499917252
2499461927
2499669835
2500302264
2499228298
2498575658
2499022231
2499168365
2500060774
2499635875
2498755746
2498913750
2499708032
2499966236
2499021327
2498763401
2499818639
2500134528
2499523541
2498708290
2498634257
2500246729
2499171175
2501237169
2502387920
2500694760
2501691238
2501818150
2501342105
2501779590
2500623971
2501727957
2501003221
2501796363
2501563722
2501502841
2502305932
2501098786
2501373944
2502039240
2501626678
2502091915
2501660731
2501910512
2501088650
2500811393
2501294293
2501986398
2501789898
2500916535
2501637055
2500816344
2501007313
2501246411
2500881491
2501579492
2502229047
2501583910
2500632973
2501896537
2501442165
2500724300
2501259591
2502555791
2504519631
2502917620
2502902045
2503633886
2502711579
2503213342
2503496979
2504180385
2504354745
2502510285
2502994512
2502428208
2503954156
2502972140
2503348969
2503540451
2503365698
2503085154
2503942537
2503743859
2503594738
2503727730
2502908087
2504081168
2503486221
2502804453
2503724282
2503516642
2502830849
2503195259
2503626896
2503359927
2504247299
2504108182
2503746680
2503302080
2503821179
2502820698
2503389591
2502714148
2503695786
2503091835
2504438779
2502478249
2503428644
2505063600
2504584763
2505779988
2505613611
2504983361
2504642292
2505883130
2506602590
2505484651
2506189203
2504645577
2504710320
2504779798
2505723978
2506014084
2505962245
2505881672
2506690235
2505773200
2505711783
2505565622
2505864413
2504746331
2506261838
2506349579
2506471754
2505844649
2508043661
2508176473
2508984462
2506858239
2508820859
2507706768
2508059262
2508732666
2508903361
2507782600
2508207898
2508641831
2507512808
2506922128
2508519627
2508585061
2508490564
2507952925
2507892790
2507668625
2507801793
2508080317
2508034556
2506751633
2507911163
2510880321
2510183651
2510090215
2509022908
2510708924
2510229689
2510756612
2509430102
2511192816
2510293806
2510984142
2509512975
2510369924
2509888363
2510524532
2509781610
2510831821
2509882514
2510076188
2510335375
2511147044
2510235840
2510614054
2510927175
2510861215
2511078183
2510414939
2510427102
2510199719
2511160630
2511116836
2512752334
2512317248
2512651257
2512650202
2512582303
2513157515
2512558631
2511236913
2512526386
2511445717
2512363688
2512487730
2512999219
2511360961
2512453983
2512126172
2512474356
2512504241
2512270460
2512549256
2511239695
2513053122
2511284755
2512869691
2512635763
2515394312
2514770548
2514575187
2513531885
2514394571
2515339437
2515338113
2515170516
2514886654
2515021916
2515261660
2514259442
2513478472
2514756265
2513423345
2513597584
2516422290
2516767488
2516724813
2516732691
2516159062
2516849432
2516066293
2516927236
2516835075
2517474624
2516374201
2515976901
2516898736
2516527499
2516775236
2516437272
2516050244
2516320820
2517347414
2517241649
2517145787
2516179440
2517543247
2516322001
2518311144
2518557862
2518745501
2517642379
2519578655
2517688499
2518906276
2518077827
2518855634
2518310741
2518557831
2519003016
2518561906
2519104109
2518745619
2518831064
2518204894
2518418001
2518455526
2519205206
2519304127
2519026101
2519118696
2518063442
2519381339
2518471287
2518182762
2519500261
2518864618
2520295162
2519797903
2520172538
2521669378
2520628278
2521743304
2520617412
2520179596
2520431372
2519727701
2519721164
2521452337
2520551852
2521556894
2520593056
2520689953
2520775794
2521126403
2520310430
2520468399
2520445492
2521160548
2520690527
2521806388
2519876015
2520486522
2520567878
2519945146
2521458298
2521547512
2521160349
2521030247
2519681958
2521344018
2521014037
2521194379
2520859545
2521186839
2519656393
2521064902
2521056471
2521342948
2523834511
2522499676
2523102187
2522319724
2523271480
2522469944
2522031042
2523925191
2522078549
2522130935
2522842914
2522730902
2523310646
2523032357
2524202291
2523000065
2524072750
2523645512
2523273929
2524119811
2523190308
2522950527
2524031077
2522165489
2522518741
2522889565
2523836370
2522627750
2521929716
2522019610
2524029429
2522713248
2522810774
2523366946
2524144375
2524124127
2522910647
2523475375
2522277294
2523359413
2522531680
2521888035
2521988223
2523718598
2523718533
2523927706
2523017540
2522665718
2526429133
2525566002
2526354357
2524532644
2524443650
2524959542
2525156136
2525745437
2525447612
2525095455
2525295008
2525944649
2525294228
2525936759
2525810868
2524350186
2525905872
2525344944
2525410961
2524289078
2526571661
2525567742
2525452390
2525840889
2525493439
2525355757
2527452764
2527263527
2527614412
2528069381
2527726877
2526630868
2527366750
2526692434
2528674982
2527506424
2527259975
2527926557
2526759078
2527119907
2528716832
2527350837
2528359506
2527506479
2527129302
2527625642
2528436359
2529407904
2528758862
2529247320
2529154603
2529567442
2529781268
2529648536
2530403998
2530284678
2529891997
2530490207
2530154239
2530566335
2529706756
2529840818
2529744998
2530479268
2530576649
2530669102
2531263117
2532053655
2531621610
2532026266
2531915495
2531494486
2531581273
2531367770
2531333316
2531760761
2532151432
2532639921
2532137026
2532548100
2532467081
2532327086
2533570928
2534163455
2534046339
2533964711
2533891520
2534117760
2534037418
2533712629
2534231650
2534358398
2534438961
2533661491
2533813822
2535552089
2536261080
2535809369
2536154058
2535207324
2535897900
2536107888
2535693301
2536498621
2536426800
2536084521
2536231949
2535084899
2536559265
2536188751
2535674255
2535960870
2536005907
2537971829
2538610003
2537577547
2537448241
2538322995
2538763520
2537685831
2538272702
2537574496
2537758514
2537838147
2538165637
2537286429
2537828917
2537381784
2537163589
2538377181
2538849632
2537964088
2538261461
2539890484
2540139671
2540132733
2540027204
2539406696
2540136621
2540290141
2539498252
2540275204
2540406742
2540424572
2540366603
2540570439
2542271978
2542145443
2542533574
2542379906
2542153158
2542684939
2542690642
2542539411
2545299883
2544369501
2544223465
2544223156
2545320723
2545034458
2544686268
2545254388
2545114502
2544544557
2545028860
2545251072
2544942608
2544547342
2544689023
2545101126
2544940901
2544315274
2547115445
2546940273
2547137044
2547040899
2545393745
2547301927
2547363773
2547208285
2547303225
2547012516
2547014655
2547154885
2546935618
2547331853
2547305725
2546938575
2546943823
2547200329
2547224905
2547165450
2547018705
2547286015
2547353470
2547354532
2547405264
2547404209
2547411769
2547592629
2547532940
2547459841
2547541147
2547545013
2547593329
2547524050
2547614737
2547598732
2547470370
2547438767
2547448984
2549111670
2548899546
2549313529
2549304968
2549312032
2549222661
2549189874
2549023865
2549289998
2549351943
2548970550
2549370824
2549124641
2549342148
2549141737
2548889995
2548968400
2548903189
2548908956
2549200733
2549211234
2549029930
2549139153
2549658092
2549424687
2549644214
2549583869
2549498173
2549469759
2549431849
2549567377
2549650330
2549589275
2549509878
2549410407
2549664835
2549584654
2547401914
2551241703
2551444424
2551398791
2551334799
2550972124
2551217301
2551458951
2551385390
2551125992
2551167223
2551292188
2550969678
2551419679
2551042502
2551226728
2550971502
2550962469
2551023876
2551353251
2551219428
2551170074
2551078113
2551398734
2551608784
2551558915
2551529539
2551542809
2551633824
2551474091
2551542175
2551582637
2551509577
2553558067
2553254085
2553622478
2553778624
2553019163
2553163304
2556203024
2555658865
2555772440
2558190331
2558033556
2557955371
2558290213
2556241822
2557619736
2558255566
2556270379
2558113366
2558534849
2560226228
2558473213
2560069057
2559987699
2560320998
2560158271
2558387942
2558332885
2560502724
2560377671
2560446360
2562303634
2561829234
2562262737
2562207201
2562184751
2562388622
2562012880
2562036409
2562091541
2561854653
2562425844
2564485350
2562671370
2564408925
2564547149
2562482317
2564310434
2562582896
2562521800
2563385587
2563812215
2564211031
2563872243
2565746258
2565535942
2566482748
2565915276
2565858316
2566725198
2565907776
2566107616
2565999946
2566072375
2566123892
2566866066
2566594115
2566065593
2565450096
2566022985
2566104605
2566011237
2564619977
2565931300
2565687842
2565535370
2566601300
2566097936
2564666119
2566800064
2566934520
2569015825
2568509934
2568531686
2569122199
2569007402
2569280949
2568045830
2568964954
2569189653
2568465870
2569114163
2568830807
2568474386
2569405813
2569011425
2569415435
2568877098
2568431773
2569340481
2568407869
2568256260
2569227952
2568580867
2568816976
2569266090
2568317281
2568134399
2569357939
2569119771
2568755888
2569107013
2568025153
2568502283
2569223522
2569085191
2569075641
2568658731
2568189089
2568748606
2569311644
2569244868
2568414733
2569610900
2569531910
2569470828
2573378239
2573084288
2572756319
2573478081
2573926684
2573301021
2573421678
2572930729
2573221798
2572638069
2574012035
2572199443
2575809726
2575620376
2575828925
2575833596
2575415314
2575849358
2575773680
2575135911
2575276783
2575275602
2575418706
2575962841
2575869867
2575939995
2575826453
2575655711
2576005562
2575643093
2575295113
2575014976
2576049868
2575845829
2575450092
2575756778
2575895705
2568899416
2576330803
2576239791
2578276735
2578146776
2577275970
2577865653
2577389111
2577763041
2578664531
2578149383
2578316493
2578754563
2578320449
2578115512
2578295629
2578168668
2578154611
2578541156
2578039926
2577774515
2578716868
2578318161
2577367735
2578258952
2578218341
2578274408
2577979392
2577947732
2578002096
2578122400
2578554147
2578693723
2578427058
2578172295
2577895715
2577777217
2578590101
2581152637
2581036237
2579777055
2580942550
2580859674
2579683652
2580407050
2580648195
2580547933
2580759566
2580484756
2580066963
2580387843
2580636916
2580105667
2580414828
2579928658
2580207155
2580546360
2580464619
2580340880
2583360422
2582419453
2582284647
2583535779
2582840585
2582700351
2583447169
2582016424
2582516287
2582847171
2581931414
2583392091
2582952961
2582347765
2583434880
2582036063
2582602097
2582355886
2583273373
2582490617
2583051792
2583294797
2582214236
2582825505
2584731376
2585105361
2584894444
2584855031
2585693150
2584673048
2584957033
2584787183
2586261501
2585308495
2585462980
2584933975
2586117814
2585275824
2585667364
2585972364
2585450762
2584593783
2585518430
2585097433
2588042488
2587968520
2587981860
2587690659
2588830075
2588367147
2588356135
2588224746
2588921360
2587982498
2588542991
2587832048
2587477506
2588153979
2588679291
2587244717
2587648563
2587824792
2588267231
2588140048
2588681520
2588241827
2587360035
2588272230
2588024070
2588586683
2588317584
2588500108
2591064996
2590640348
2590475161
2591163076
2591050295
2590368290
2589905829
2589888152
2590460386
2591226843
2589817232
2591381241
2591481065
2590859207
2590220550
2590637901
2592264661
2592415496
2592901113
2593220438
2593668385
2593970730
2593125830
2593843512
2593351350
2593615941
2593310830
2593429545
2593324587
2593726467
2593108528
2593273196
2593360179
2593192433
2592979329
2593621839
2593805728
2594167758
2595866817
2595565813
2595160589
2595501138
2595834652
2595014626
2595724093
2595491735
2594828209
2594710208
2596033928
2595911558
2596144255
2595893889
2596246859
2598335261
2598144567
2598137087
2598019573
2598175115
2598624228
2597290165
2597591490
2598544849
2597982489
2598432678
2597699701
2597179283
2597815811
2598577500
2598441804
2597824460
2597987111
2599914469
2599040409
2598965126
2600483841
2600692663
2600205350
2600139014
2600062082
2600031267
2599712184
2599700068
2600408856
2600422242
2600267452
2600355556
2600204363
2601070611
2600989416
2600746169
2600376016
2600443919
2600674001
2600307060
2600453920
2600535747
2602633866
2602770467
2603208187
2601921155
2603163389
2602609875
2602846303
2603387578
2601747869
2603068732
2603164562
2602740586
2603006260
2602959414
2601516818
2601951931
2602707460
2602128903
2603114349
2602331109
2602869451
2602692096
2601446205
2603314598
2601834020
2602778388
2602756134
2602286025
2602631835
2603190632
2603018042
2603216183
2603001805
2602170474
2603440202
2601469980
2603320248
2601414544
2606148047
2606049941
2606399429
2606488757
2604711095
2606073554
2605815163
2605664028
2606273603
2605673516
2605106239
2605819642
2605528069
2605406807
2605459867
2604408194
2604821073
2605214600
2605406862
2605700699
2605417891
2605749151
2605387517
2605030698
2605494653
2605285981
2605822193
2605777845
2605563599
2606037207
2604891443
2605960381
2606214242
2606154219
2607386654
2607980195
2607480045
2606760951
2608464942
2608197760
2608223561
2608051892
2607834639
2608414821
2608546737
2608773667
2607886135
2608688827
2610474953
2611047166
2611401482
2609206192
2610955997
2610398194
2609282535
2610872425
2611159915
2610959422
2610697408
2610531939
2611012131
2611114319
2609980279
2611065470
2609874136
2610957654
2610707465
2611085243
2613020700
2613155285
2613508430
2613382574
2613291660
2613071027
2612859443
2612711175
2611491997
2615107556
2614998076
2615246016
2615275949
2615138939
2615493185
2615378496
2615394486
2615577441
2617678095
2617230473
2617416275
2617454276
2617586467
2617344449
2617208982
2616765005
2616885663
2617677272
2617566978
2617066817
2617343599
2616975502
2616774839
2616654771
2615922270
2615856818
2618170193
2618101123
2620413094
2620218851
2620470226
2619332570
2619149783
2619805817
2620321990
2620767739
2620869535
2622506703
2620485547
2620613409
2620515045
2620993043
2620508273
2622866224
2622933841
2622799544
2622676505
2622538773
2622770336
2622283299
2622403947
2622991274
2623048563
2611458034
2624591419
2624333112
2624750565
2624730885
2624422804
2624634779
2624819715
2624797730
2624403132
2624296946
2624342231
2624681413
2624218459
2626290468
2626606218
2626475068
2626035748
2626054417
2626370554
2626459274
2626399179
2626696552
2626086945
2626205014
2626166027
2628377292
2628155762
2628180500
2628788327
2628344546
2628355316
2628875896
2628530178
2628319926
2630390019
2630077556
2630512131
2630860400
2630705238
2630800116
2631420628
2631522412
2631317733
2631622003
2631194720
2632222817
2632169486
2632182102
2632079518
2632146493
2632115759
2632238570
2632134425
2631762404
2632137800
2632637217
2631734781
2632180842
2632098537
2632199611
2632946372
2632859902
2632767165
2633944516
2634664348
2634591147
2634611766
2634643183
2634046939
2634487991
2634453544
2634686461
2634457160
2634508932
2634350256
2634166828
2634475984
2634445363
2634788628
2634518599
2634529289
2634548091
2633603755
2634677518
2633497272
2634640319
2634391528
2634581115
2633734776
2634420960
2634540289
2634401603
2634709676
2635236751
2634804247
2635379350
2634788181
2635124314
2635103229
2634973789
2634844509
2635267637
2635073565
2636317210
2636096325
2636220638
2636600744
2637396972
2637504162
2637917322
2637063485
2637242223
2637024593
2637380751
2637752774
2637143242
2637075417
2637505113
2638022277
2637520870
2637503649
2637332128
2637031654
2636839455
2637190637
2637290408
2637687793
2639764510
2639375547
2638511776
2639763737
2639172034
2640219503
2639377909
2639323300
2638454276
2639897984
2639471617
2639882870
2639492468
2639076230
2640306476
2639999214
2641123719
2641570549
2641605607
2641209311
2643601561
2643437261
2643540020
2643190472
2644349082
2644301380
2644154772
2644420063
2644265672
2646049302
2645689286
2645715146
2646136908
2646281852
2645733874
2645620299
2646100832
2645941029
2646458668
2645587025
2645645338
2646992800
2647816150
2648131044
2648342020
2647999621
2647059880
2632154860
2653110356
2653009266
2652781213
2655375559
2654899324
2655334362
2655212725
2655513202
2654854045
2655742455
2655449401
2655367015
2655068220
2654836293
2654676857
2655078602
2654774693
2655162963
2655029266
2655352685
2655517662
2654929584
2655509487
2656784254
2656912753
2657232992
2657348720
2656346968
2657411166
2657098674
2657494507
2657079649
2657011606
2656660495
2656925945
2656390711
2657278511
2657275307
2656918057
2656733100
2658178662
2656861720
2656501041
2657135047
2657008002
2657039842
2656658532
2656808297
2657335884
2656839144
2659023523
2658598435
2658671456
2659070743
2658261184
2659133421
2658846855
2659242179
2658656916
2658298652
2659139527
2659452604
2658953057
2659086906
2658594638
2658934424
2659405702
2659131392
2659264957
2658764620
2659411495
2659261501
2659546197
2659515433
2658670835
2660153361
2659481498
2659046325
2658837692
2658752820
2658392151
2658977031
2659288432
2659437101
2658591667
2658259556
2659286830
2660925933
2660839032
2660646701
2661209558
2660227960
2660735396
2661802587
2662107100
2660336918
2660957713
2660739466
2661783205
2660695595
2660589253
2661977503
2660651126
2661817200
2660586088
2661885609
2661917179
2661297271
2661679285
2661718368
2661689012
2660775262
2661036778
2660860004
2661913157
2660283010
2661674463
2662072050
2661576001
2661503678
2662179216
2661406162
2661875544
2661152315
2661344409
2661929547
2660834477
2661805196
2661785371
2661097630
2662027296
2660821798
2660942998
2661658741
2660586214
2663851844
2663104715
2663153838
2662309172
2663040106
2663526204
2663984811
2663696428
2664338380
2662648221
2662820869
2662428994
2662895738
2663104277
2662571515
2662349068
2664461721
2663278018
2663312953
2663904284
2663283670
2663422895
2663780669
2662697323
2664082722
2662901113
2664235177
2663002354
2662815285
2664133836
2662666835
2663478604
2663007619
2662932759
2662809840
2662837981
2663854398
2663703123
2664559224
2664607109
2664559038
2665388881
2665415486
2665385898
2665390171
2665526451
2665685154
2665567071
2665017560
2665256563
2666544559
2666665527
2665852609
2665268372
2666268005
2667103957
2666056666
2666539352
2665144721
2665530146
2665764359
2665279316
2664996581
2667057578
2665827474
2665664898
2665635982
2665864727
2666414264
2665250017
2667838287
2667384586
2667687125
2667725054
2667169504
2667796296
2667295362
2667251333
2653590458
2668188814
2668243892
2667940762
2669441630
2667934665
2668072792
2668433317
2668240963
2667931748
2668065777
2668397922
2668603980
2668579414
2668683512
2668056625
2668233373
2669168499
2668243797
2668552251
2668528370
2668721584
2668524323
2668365100
2667937372
2668812761
2668369305
2668096375
2668905365
2669368847
2668100246
2668928106
2668549684
2668156923
2670296334
2670669936
2671053639
2671322845
2671295852
2670213991
2670270728
2671348558
2670502591
2670106443
2670573609
2670821060
2671218819
2671409178
2670179489
2670758262
2670566662
2671367922
2670834129
2671086132
2670335517
2670876368
2670963806
2671443623
2670208637
2670879025
2670715913
2670622958
2670278649
2670564951
2670958140
2670530361
2670311866
2670592575
2670716484
2670406990
2670013584
2670421547
2670681352
2670991138
2670723455
2671168361
2670511882
2670639785
2672222743
2672326891
2672015477
2672152921
2673404240
2672504386
2672554873
2672370565
2672240195
2672067137
2672665196
2672292353
2672073478
2672981573
2672665616
2672244389
2673192000
2673074764
2672825100
2672407158
2673327701
2672548218
2672171681
2672611914
2673095597
2672952596
2672417229
2672819661
2672135463
2674162943
2674178807
2675384369
2674472023
2674453935
2674309994
2674644594
2674597609
2675444196
2674947871
2675028838
2673815580
2675287268
2674045536
2674654010
2673871205
2674314206
2673841826
2675263040
2674606122
2674224152
2674774361
2674823725
2675150359
2674097781
2675348216
2674754751
2674391478
2674540208
2673796814
2673934091
2674123837
2673749773
2674504498
2674731383
2674269571
2674015636
2674016347
2674795738
2675568667
2674424505
2674686471
2674850752
2673965642
2674275191
2673748591
2675947244
2676008277
2676379849
2675691627
2676722486
2676079441
2676158637
2675743100
2675801172
2675845030
2676164722
2676447420
2676560965
2675796143
2675996162
2676574577
2675961713
2676661938
2676520507
2676310529
2676276054
2675768938
2675863393
2676065116
2676167491
2676457888
2675871272
2676216524
2677591521
2677197824
2677624868
2677097398
2677007381
2677090549
2677192630
2677586110
2676675909
2677281063
2676785171
2677626358
2678331923
2677941169
2677775647
2678676706
2679071095
2678898609
2678436359
2678557318
2678250134
2679668417
2678784833
2678558089
2678421549
2679393976
2677795728
2678164166
2677868731
2679573209
2677718897
2677839586
2678664812
2678048298
2678238536
2678335502
2679837580
2680533462
2680188819
2680540231
2680694877
2679987112
2680595658
2680245477
2680143543
2680269151
2680522217
2680373276
2680333068
2680123577
2680597596
2680420252
2680156787
2680048021
2680122681
2680673019
2680343919
2680220334
2680843902
2681150104
2680906391
2681427071
2681505105
2681599767
2681493139
2681262267
2681337578
2681343185
2680978460
2681729841
2681211544
2681454480
2681046133
2681319822
2681208900
2681220465
2681136267
2681207777
2681364632
2681058820
2681141217
2681295808
2681175463
2681010742
2681435648
2681078179
2681273314
2683452569
2682659502
2682658950
2682629257
2683695285
2682602045
2683035523
2682879623
2682989099
2682803101
2683229309
2682641037
2683558874
2683337192
2682753974
2683682946
2683495393
2682804660
2682570461
2683359847
2683240646
2683065908
2682745535
2683309223
2683019055
2683864078
2682597524
2683338166
2682825489
2682964827
2683352766
2683272278
2682587305
2685347017
2684970934
2684908804
2685923169
2685003511
2685083574
2685562950
2684969765
2685211724
2686164113
2684917367
2684951260
2686154047
2686030274
2685266895
2686309374
2685274513
2685201757
2685075999
2684927109
2687318626
2686984160
2687295102
2687033811
2687244722
2687364638
2687811707
2687476423
2687994168
2687929891
2688112512
2687977564
2687635219
2687506599
2687828538
2687663985
2689713440
2689794999
2689323632
2689614710
2689840115
2689604617
2689694600
2689730932
2689514891
2689415501
2690327155
2690180156
2690188265
2690025308
2690117773
2689625324
2689427827
2691730557
2692794991
2692329098
2692615185
2691754513
2691607075
2692910644
2692217005
2692062872
2692918404
2692361113
2691924619
2692209839
2691543922
2691797007
2692974404
2692236327
2691362326
2692761389
2691749029
2691449871
2691429903
2691709901
2691969159
2691583645
2691452197
2692479148
2691941687
2691694345
2691858168
2692340490
2692612798
2692974314
2691465961
2691363375
2691626848
2694340862
2694127685
2694368386
2694228878
2693724172
2693897355
2694287002
2693908642
2693617352
2693667702
2694213657
2694579681
2693600175
2693998716
2694389372
2694210702
2695010359
2694215431
2694504334
2695000584
2694580690
2694078644
2693537435
2694476613
2693871459
2694130429
2693547335
2693722208
2694292520
2694859237
2694301210
2693894025
2693787381
2693769277
2694540420
2694422410
2693494291
2693447665
2693644106
2694535351
2694765725
2694035303
2693447553
2694022188
2693489412
2694900569
2694746061
2694152178
2695904828
2696466820
2696245381
2695866686
2695878207
2695848169
2695921963
2696114414
2696440435
2695820398
2696033977
2696098958
2696164591
2696429092
2696343456
2695998284
2696371495
2696411088
2696260281
2696157417
2696184573
2696293515
2696262763
2696204632
2695958805
2695719783
2695936459
2696472652
2695984914
2696357059
2697030191
2696521278
2697484544
2696843714
2697223192
2696864414
2697268185
2696455590
2696830535
2696519230
2697491527
2696704860
2696533597
2696721108
2697388470
2696721623
2696902418
2696800498
2696534181
2696635670
2696722540
2696571972
2697379124
2696487511
2696464492
2696605376
2698794126
2699547725
2699410429
2699840571
2699436897
2698987059
2699546318
2699412352
2698876192
2699257513
2699284437
2698111332
2698895759
2698359538
2699187650
2699125909
2699014786
2699691501
2698730571
2698784426
2699030547
2698569659
2698859789
2699265875
2698254185
2699027722
2698905699
2699457652
2699279165
2699458565
2698471166
2698663165
2698715386
2699046037
2700859282
2700523900
2701595482
2700673845
2702114426
2700624368
2700547808
2701440386
2701256565
2700466185
2701010907
2701369873
2701159257
2700781961
2701158339
2700960937
2700603982
2700668641
2700732352
2701313563
2700831927
2700916444
2701001981
2701102486
2700779068
2700522662
2700957746
2702585514
2702545276
2703061424
2703189858
2702537344
2702632119
2702877924
2702803805
2702881633
2702390681
2702712371
2702976634
2702473251
2703116247
2702986251
2703000569
2702831932
2702529360
2703316291
2703019676
2702647195
2702162136
2702299142
2702926612
2702746949
2704004787
2703800163
2703377370
2703616243
2703499764
2703919320
2703929484
2703494497
2703926104
2703752766
2703993074
2703839903
2703849095
2703697249
2703687011
2705346639
2705634222
2705666524
2705240016
2704880245
2705691231
2704823566
2704594062
2704981789
2705090150
2705329321
2704760646
2704661192
2704975615
2705730909
2705263981
2706026434
2704751332
2704518260
2705068081
2705496741
2705453156
2705906457
2705517140
2705565420
2704979325
2705910492
2704709099
2706086605
2705979816
2704845110
2706004596
2705571558
2705803957
2705239678
2705107339
2706112060
2704597606
2704587400
2706788034
2707056835
2707295843
2707173188
2707132437
2707012657
2706886080
2708158481
2707455434
2707407121
2707965511
2708144611
2707461608
2707294087
2707922076
2707689229
2708056862
2707993817
2707573960
2709432528
2709586711
2710035960
2709755448
2710277838
2708296618
2710045006
2710256267
2709894460
2709362445
2708845194
2709050623
2708960090
2709174420
2708942061
2710180803
2709731113
2710191376
2708676118
2709915195
2708604050
2710062986
2708862807
2709739975
2710465212
2709885980
2712845793
2712797760
2712697587
2712347649
2711420339
2712275274
2711523914
2712985060
2712739902
2712631211
2712728833
2711290321
2711930641
2711770146
2712559726
2712507877
2712341613
2712419419
2711425953
2711597842
2712226979
2711650212
2711752583
2715344966
2714605975
2715353113
2715176538
2714555624
2714900949
2714880439
2714546861
2714235087
2714379865
2715182460
2715383801
2715277069
2715042389
2714052908
2714837376
2715290389
2714912582
2713766674
2715301084
2715490848
2714758845
2715135228
2715080172
2713893418
2715554686
2715292774
2714761176
2714694526
2716283869
2716158120
2717058055
2715610842
2715707364
2716594603
2716214852
2716885639
2716572821
2716715369
2716465673
2716173396
2715997946
2716259547
2716954240
2716807205
2716673369
2716389710
2717267408
2715663224
2717268342
2716078420
2716254823
2716708411
2717155735
2708121940
2707859015
2708009312
2707751660
2717347882
2717415283
2717502894
2717363456
2717444292
2717600898
2717560456
2718450754
2718197851
2718710265
2719226671
2719079436
2717653391
2719214280
2718584492
2718785428
2718211792
2718085961
2717992081
2718111760
2719177952
2719395739
2718033207
2718467209
2718613332
2719009069
2718893780
2718918129
2719307715
2719361223
2718037600
2718133922
2719269391
2718338979
2719272863
2718751587
2719307202
2718135970
2718337560
2719345353
2718769964
2717993300
2717713390
2719116845
2719828633
2719973293
2720072605
2720078346
2720006980
2719886557
2719895980
2720150759
2720154930
2720819279
2720521410
2720699522
2721180302
2720655835
2721046064
2721269191
2721319658
2720305840
2720688643
2721116910
2721261967
2721119493
2720571991
2721329773
2720381672
2721005610
2721084448
2720857009
2721400291
2720549228
2720732352
2720643874
2720677296
2720550238
2720414555
2721020383
2720302503
2720428562
2721270640
2722465502
2722659958
2721837724
2722824666
2722070534
2722084839
2722156522
2722010507
2722829800
2721933261
2722324990
2722908545
2722692318
2714421000
2713637707
2714140348
2714439095
2714701204
2714178143
2714275612
2713999086
2713644866
2714265292
2713762743
2714065568
2713795862
2713885592
2714563527
2714593222
2716349344
2716469767
2716262215
2716356437
2716457576
2716860875
2717147367
2716244363
2716163884
2716578673
2716955834
2716754010
2718356794
2718409982
2718138733
2718294000
2718210341
2718564315
2718703515
2718450395
2718217171
2718592440
2718126036
2720609075
2720528854
2720147508
2720496853
2720699362
2720252794
2720068203
2720261185
2720063000
2720320918
2720376357
2723353736
2722643515
2722546341
2723014224
2723306714
2723008567
2723373532
2723249268
2722481467
2722270504
2723384574
2722276413
2722149130
2722963150
2722368057
2722568733
2722176489
2722087191
2722423037
2723307851
2723133668
2723055159
2723059334
2723414813
2722080608
2723167989
2723169236
2723454781
2724051464
2724268094
2724508884
2724704963
2724541905
2724379071
2723964283
2724144429
2724160249
2724616088
2724390790
2724699405
2724423636
2724534978
2724579408
2724230258
2724057651
2724717421
2724334649
2724252211
2724321799
2724556363
2723971993
2724750976
2724029488
2723966762
2724142742
2724254108
2724141763
2724485432
2725437104
2725122243
2725532988
2725520520
2725237849
2725109842
2725401535
2725650073
2724872197
2724923894
2725281449
2724900238
2724843712
2728188375
2727175160
2728261141
2726515102
2727022170
2726618460
2728148271
2727610491
2726439589
2727828902
2726805463
2727672233
2726537865
2726575776
2726826414
2727977540
2727237969
2726306768
2726374600
2727139225
2726470950
2726610951
2727462166
2727767397
2727607676
2727505966
2727062769
2727976981
2726698075
2726270976
2726601833
2726933981
2726305857
2727374655
2727428126
2726497195
2727327445
2727145576
2727223021
2726932125
2728228878
2727813625
2726700625
2727005615
2726851753
2727362914
2726749420
2726821521
2726728259
2728317804
2728066629
2730230807
2730344894
2729673896
2728968982
2729157240
2729950082
2729836226
2729678939
2730231450
2729315310
2728439419
2729627144
2729357664
2729329575
2729542546
2729811548
2729801094
2729539874
2730013674
2729102776
2729887221
2729158600
2730414230
2729503911
2730074088
2728393044
2729192598
2729691186
2730533456
2730775296
2730809018
2730685415
2730701912
2730819904
2730742034
2730809178
2730792638
2730432722
2730769027
2730760902
2730516908
2730773308
2730763192
2730623327
2730767091
2730383879
2730775006
2730810324
2730797501
2730680469
2730794282
2730807747
2730804563
2730739136
2730787374
2731577856
2731482080
2731617510
2732017221
2731615159
2730884214
2731489223
2731167816
2731244753
2731491328
2731959227
2731474463
2731490700
2731020121
2731647555
2730786446
2731523133
2731569516
2730901337
2730849692
2731416502
2731816086
2731871360
2731571750
2731015897
2731707921
2731476196
2731146292
2731264188
2730874986
2731486839
2731015822
2730856540
2730817998
2731368036
2731020888
2731503064
2732116113
2734752494
2733572493
2734762262
2734691591
2734798853
2734554256
2734753559
2734732454
2734777605
2734000781
2734782627
2734731544
2733465184
2733869671
2734747416
2734731606
2734743324
2734657183
2734762787
2734773604
2733653285
2734791453
2734736717
2734788593
2734737182
2734736889
2733733226
2734452096
2734804314
2734798782
2734764173
2734730853
2734318994
2735168802
2734875492
2735434293
2734867076
2735430185
2735428111
2735444025
2735436014
2735175047
2734850325
2734814205
2734983063
2735538908
2735432187
2734985954
2735483781
2735523773
2734851230
2735104415
2735265401
2734830948
2734916063
2734983472
2735105674
2736553047
2736296946
2735875310
2735575627
2736462887
2736137630
2736109509
2736741729
2736741164
2735584124
2736145839
2736685463
2736679782
2736741387
2736143053
2736683572
2736734168
2735984240
2735648299
2736144964
2736535496
2736672364
2736386793
2735712280
2736611319
2736676549
2736344390
2736260415
2736399954
2735998239
2736724413
2736681324
2735761286
2736250204
2737407729
2736997513
2737336515
2737492619
2737135509
2737426491
2737050929
2737329857
2736884283
2737636507
2736907451
2736807013
2736831810
2737061217
2737507041
2737524381
2737580331
2737247032
2737422908
2737217746
2737079320
2737621578
2737515540
2737001961
2736783511
2737326148
2737140614
2737325203
2736964735
2736921333
2737401801
2737218263
2737565757
2737135197
2738098377
2737968257
2738163861
2738315436
2738242665
2737765606
2737871123
2738058122
2737734106
2738480868
2738512449
2738365296
2738678785
2738595659
2738496608
2738755806
2738454486
2738747491
2738542959
2738348820
2738608159
2738581695
2738673858
2738872552
2739588641
2739068804
2739287708
2739373619
2739919221
2739254368
2739447433
2739155707
2738929210
2739358610
2739822782
2739453952
2739185023
2739095086
2739347066
2738863031
2738810223
2739285942
2739912560
2739646288
2740099399
2739236684
2740305850
2739662793
2739178354
2739526620
2739382279
2739584028
2738927030
2739632750
2739533185
2739740929
2738990808
2739368825
2739471868
2738812191
2738938108
2740120432
2739016157
2739706757
2739482966
2739469647
2739356374
2739907255
2739069168
2738990460
2739787665
2739945449
2739497510
2739124809
2739757784
2739434764
2739055826
2739625496
2738999961
2738932967
2739585043
2739147075
2740880429
2740960816
2740725576
2740335070
2740549631
2740818402
2740634318
2741016896
2740785367
2740485757
2740966265
2740681929
2740920284
2740678805
2741014942
2740492401
2740497200
2740663777
2740851412
2740778557
2740429436
2741307913
2741147871
2741403542
2741216200
2741553470
2742072564
2741791552
2742112250
2741787963
2742488657
2741318410
2741219726
2742552149
2741903719
2741147908
2742296197
2742011320
2741298287
2741548006
2741749359
2741642795
2741585092
2742378319
2742337551
2742937255
2742259068
2741241696
2741056485
2741632006
2741400636
2743037193
2741887525
2741957127
2742135988
2741389688
2741865248
2743155000
2742014780
2743230633
2743298309
2743671519
2744028658
2743414037
2743352161
2744118356
2743690402
2743495470
2743891515
2744009172
2743564450
2744259144
2743805307
2743577586
2743840559
