2176363477;2016-02-25;58;2447557;true;0##33;28;46##8591574;651||106067717;1995||109883841;712||110397360;923||136636129;1050##694;361;525;9999;-303;-1670;1247##true;139##false;1237##true;1779##8;139||4;142||9;154||1;208||7;264||1;285||10;373||4;378||4;473||10;591||1;650||9;859||1;904||5;927||10;1087||1;1114||1;1184||3;1191||4;1237||1;1269||2;1277||9;1279||8;1421||9;1469||7;1724||9;1728||6;1764||4;1773||2;1794||1;1813||2;1814||3;1847||9;1848||7;1854||6;1855||6;2028||2;2089||4;2095||6;2157||7;2166||1;2168||3;2170||1;2582||4;2586||5;2596||9;2596||6;2611||5;3001||4;3051||3;3059||9;3068||7;3076||6;3132||10;3133||8;3343||9;3365||7;3370||6;3376||8;3439||9;3451||10;3455||6;3461##2176363477;1000;983;49
2188682838;2016-03-01;40;2447557;true;0##29;18;42##8591574;859||109883841;852||106067717;785||110397360;2242||136636129;1117##1005;422;841;9999;409;-392;768##true;184##false;1144##false;770##6;73||10;184||6;331||3;404||6;424||3;487||6;534||1;603||1;691||5;694||2;716||10;786||1;798||10;963||6;964||9;969||1;973||7;983||4;984||8;997||1;1144||6;1307||10;1347||10;1501||7;1539||3;1615||3;1623||10;1809||7;1816||6;1859||1;1952||7;2023||9;2046||6;2052||6;2119||2;2132||10;2135||7;2139||1;2142||4;2155||5;2159||2;2206||6;2213||8;2213||9;2213||10;2245||7;2295||6;2297||10;2381||1;2384||9;2386||8;2393##2188682838;1049;941;44
2188745481;2016-03-01;33;2447557;true;1##31;11;48##8591574;1158||109883841;1122||106067717;1537||110397360;1354||136636129;1350##1142;1178;620;9999;404;-352;1148##false;116##true;961##true;785##6;116||7;128||3;226||6;266||1;332||8;332||4;443||6;447||1;499||4;508||2;527||9;537||2;579||3;699||8;843||1;846||6;956||3;961||3;1035||1;1056||2;1061||4;1171||3;1181||9;1263||2;1264||3;1272||5;1279||1;1297||6;1450||3;1579||1;1607||10;1618||5;1628||4;1633||3;1657||2;1660||1;1662||4;1666||9;1667||3;1968||1;1973||2;1979||4;1985##2188745481;1093;897;49
2190806996;2016-03-01;37;2447557;true;1##30;4;51##8591574;1251||106067717;1058||109883841;1191||110397360;1430||136636129;1487##1000;1291;301;9999;497;249;1276##true;187##true;960##true;1331##1;187||4;365||8;372||6;461||5;484||5;645||3;652||4;655||1;789||5;954||4;960||3;960||6;1015||1;1123||4;1360||1;1369||7;1414||4;1494||2;1615||1;1732||4;1785||5;1928||1;1952||4;1961||3;1975||4;2134||2;2135||1;2139||3;2148||5;2176||4;2221||5;2236||1;2245||3;2249||9;2261##2190806996;1142;1050;45
2190994175;2016-03-02;24;2447557;false;1##3;16;6##8591574;772||109883841;655||106067717;475||136636129;1084||110397360;1000##225;435;420;-600;-532;-7128;778##false;243##false;1359##true;700##6;216||8;243||6;324||9;422||8;510||1;616||8;765||9;768||3;958||6;1071||6;1225||10;1352||6;1353||9;1359||8;1364||4;1416||7;1423||6;1433||8;1434##2190994175;1187;1005;55
2190864003;2016-03-02;27;2447557;false;0##12;22;20##8591574;632||109883841;1276||106067717;966||110397360;818||136636129;1194##593;0;466;-785;660;262;1014##true;-19##true;898##false;977##6;19||7;253||6;334||9;370||9;484||1;516||6;525||6;592||3;663||9;666||5;747||10;838||7;898||1;916||5;918||2;923||5;1119||7;1120||4;1129||2;1148||10;1200||4;1208||5;1213||2;1220||3;1342||4;1349||1;1373||3;1388||1;1411||7;1431||4;1470||1;1635||4;1645||5;1651||2;1657##2190864003;1132;1060;46
2190956118;2016-03-02;19;2447557;true;0##19;4;35##8591574;1438||110397360;2134||109883841;1465||106067717;1075||136636129;1272##1353;1577;320;9999;858;566;861##true;73##true;823##true;702##10;73||9;178||10;186||10;267||3;286||8;478||1;480||5;487||9;496||6;497||8;662||10;668||6;731||8;823||8;939||10;941||10;999||6;999||8;1023||4;1085||8;1139||9;1140||6;1143||10;1150##2190956118;1086;1106;63
2208687179;2016-03-09;31;2447557;true;0##36;15;60##8591574;1206||106067717;1596||109883841;1830||110397360;1234||136636129;1723##1388;1232;355;9999;-254;187;774##false;103##true;610##true;657##4;103||1;117||10;166||8;219||10;265||1;269||9;278||4;283||3;287||7;323||9;400||8;403||6;452||2;474||1;493||3;507||4;608||9;609||10;610||6;622||8;626||6;731||2;737||1;742||3;750||2;751||8;753||9;754||10;829||7;830||8;838||6;861||6;948||9;1041||9;1170||7;1175||1;1257||4;1323||8;1331||9;1334||8;1409||8;1487||8;1683||9;1684||1;1741||7;1743||6;1766||7;1816||6;1851||9;1853||8;1859||1;1860||10;1865##2208687179;1149;1022;57
2208640896;2016-03-09;30;2447557;false;1##3;18;9##8591574;757||110397360;997||109883841;737||106067717;664||136636129;581##194;379;57;-590;-118;-4140;686##false;109##false;1224##false;1265##10;109||10;211||9;271||8;519||10;716||9;782||8;809||2;836||9;900||6;916||2;1024||1;1157||8;1224||9;1236||6;1416||1;1420||7;1432||9;1439||6;1443||9;1832||7;1838||6;1841##2208640896;1206;965;52
2218321585;2016-03-12;33;2447557;false;1##13;25;24##8591574;1152||109883841;690||106067717;904||110397360;1094||136636129;900##522;1516;-58;-670;128;-1036;1008##false;262##true;1281##true;811##10;262||3;331||1;340||10;387||10;487||6;615||7;629||10;721||4;734||3;738||1;799||10;862||7;868||6;901||4;987||2;1038||1;1125||1;1267||4;1281||6;1312||7;1314||10;1341||6;1393||7;1402||7;1505||8;1505||6;1506||2;1571||1;1669||10;1671||9;1674||7;1679||2;1871||10;1950||6;1956||9;1963||7;1975||8;1975##2218321585;1154;879;49
2221060553;2016-03-13;36;2447557;false;1##15;36;36##8591574;830||110397360;925||106067717;676||109883841;1263||136636129;655##600;216;491;-625;194;-633;727##true;46##false;786##false;390##3;46||1;141||3;317||8;419||3;428||6;463||9;478||7;504||6;507||8;511||7;593||4;604||5;617||9;618||10;688||1;747||8;786||9;814||9;912||7;913||3;920||1;988||9;994||4;995||6;1005||8;1208||10;1234||8;1277||9;1279||5;1292||6;1296||7;1306||10;1321||5;1445||4;1448||7;1474||8;1521||10;1524||6;1531||9;1539||6;1596||8;1600||4;1620||5;1621||3;1623||9;1833||7;1847||10;1853||10;2054||8;2082||9;2140||6;2145||7;2148##2221060553;1105;958;43
2221112196;2016-03-14;64;2447557;false;0##36;38;90##8591574;884||109883841;1284||106067717;930||136636129;1054||110397360;2023##876;138;-5;175;98;886;1394##true;1##true;556##false;554##6;1||4;137||8;177||10;183||3;218||7;270||6;312||7;342||4;349||10;362||9;442||7;449||7;556||3;564||3;616||8;1346||4;1399||3;1552||2;1559||8;1646||10;1682||9;1706||8;1756||7;1756||7;1865||1;1871||2;1871||1;2165||4;2292||7;2435||9;2462||1;2473||7;2488||6;2492||6;2515||8;2518||7;2573||10;2677||1;2703||3;2714||5;2806||1;2948||2;2966||3;2968||4;2975||7;3024||6;3028||10;3043||7;3099||1;3283||10;3317||2;3332||8;3332||3;3342||4;3354||6;3354||7;3358||5;3358||1;3359||3;3368||4;3527||7;3535||1;3536||3;3597||9;3735||7;3762||5;3770||10;3771||2;3779||1;3780||3;3783||4;3798||8;3802||5;3811||2;3824||4;3849||1;3861##2221112196;1062;1001;47
2223135300;2016-03-14;26;2447557;false;0##7;25;19##8591574;871||106067717;910||110397360;598||70673409;904||109883841;803##531;253;245;-510;202;-2318;764##false;385##false;1035##false;1008##2;385||1;498||5;508||7;512||3;727||2;742||4;774||1;774||3;777||5;824||6;873||10;875||6;997||5;1035||1;1069||4;1080||3;1157||7;1175||8;1265||3;1292||1;1292||2;1299||3;1362||4;1379||4;1479||2;1496||9;1557||5;1566||10;1571||3;1571||1;1575||2;1579||4;1588##2223135300;1015;1180;51
2223185352;2016-03-14;34;2447557;true;1##24;18;45##8591574;1493||70673409;1009||106067717;1364||109883841;962||110397360;1512##863;1220;263;9999;-163;-597;999##false;119##true;1150##true;878##8;119||5;230||7;280||4;298||8;339||9;363||10;425||2;430||4;435||1;549||9;699||4;746||1;906||8;933||5;951||2;982||5;1150||6;1172||10;1265||7;1291||4;1295||6;1301||8;1315||9;1316||1;1317||4;1413||1;1416||10;1473||6;1492||9;1636||1;1717||7;1721||4;1725||5;1899||4;1904||1;1930||6;2021||5;2025||10;2033||4;2050||2;2061||3;2063||1;2065##2223185352;964;1231;39
2225288518;2016-03-15;16;2447557;false;1##8;19;11##8591574;788||109883841;836||110397360;600||106067717;887||136636129;688##647;0;373;-130;-385;-119;739##false;40##false;708##false;521##9;40||1;47||5;51||10;105||10;199||6;288||6;345||10;402||2;590||6;605||8;608||10;612||5;623||3;646||10;708||3;767||2;779||4;903||6;923||3;930||10;931||7;934||8;944||9;947||7;958||8;963||6;973||10;991##2225288518;1003;1915;22
2225327053;2016-03-15;49;2447557;false;0##43;35;89##8591574;1291||110397360;1632||109883841;1055||106067717;812||136636129;1325##1324;236;652;2520;-756;254;946##true;107##false;658##false;-10##6;107||4;216||1;226||10;258||3;259||5;262||9;351||4;453||3;473||6;482||1;513||10;523||4;527||6;569||1;574||8;574||4;658||2;663||6;663||8;667||5;671||3;682||9;684||7;700||2;710||10;737||4;739||9;748||3;750||1;996||10;1024||10;1031||5;1034||9;1045||8;1052||7;1054||2;1189||10;1220||1;1276||5;1322||9;1327||6;1350||1;1382||1;1483||10;1483||9;1492||10;1501||6;1511||3;1568||4;1583||9;1757||10;1785||3;1803||6;1810||7;1834||10;2188||4;2194||6;2197||9;2202||10;2217||10;2307||8;2381||8;2395||8;2512||9;2684||1;2757||6;2759||7;2764||2;2773||8;2810||9;2810||3;2886||5;2899||6;2902||2;2907||10;2926||8;2931||10;2948||5;2953||9;2954||4;2991||1;2991##2225327053;981;1937;20
