2243079646;2016-03-23;16;1276785;true;0;2380;9999;9999##21;4;24##86992358;947||106204137;1855||39256913;1887||113272381;1672||196228187;941##1;1895;359;2498;perfect;good;1061##1;0;505;-738;horrible;bad;740##true;196##true;441##true;629##10;196||9;216||6;216||7;280||9;321||10;323||7;358||10;409||3;411||6;418||8;441||10;508||8;516||5;519||6;520||9;611||7;617||10;675||1;760||6;774||5;915||10;966||9;974||7;978||8;978##normal##normal##2243079646;1000;1000;60
2243168066;2016-03-23;18;1276785;true;0;1430;9999;9999##20;4;43##86992358;2151||196228187;1163||39256913;1502||106204137;1989||113272381;1711##1;1364;97;465;perfect;bad;973##1;124;117;-719;horrible;good;913##false;159##true;721##false;9999##3;159||6;187||10;232||7;263||3;317||1;328||10;336||7;399||5;401||6;439||7;576||10;583||10;687||6;721||6;922||6;985||10;985||9;990||6;1034||7;1036||10;1038||7;1086||9;1095||6;1102##normal##normal##2243168066;1060;940;47
2253075426;2016-03-27;38;1276785;true;0;995;1608;9999##32;14;76##86992358;817||196228187;1160||39256913;1334||113272381;1956||106204137;1786##1;1055;451;566;good;perfect;1249##1;401;44;183;bad;horrible;961##true;4##true;1346##false;1269##10;4||7;5||8;281||2;287||5;291||1;343||8;345||8;760||8;861||5;866||1;871||2;871||1;1065||10;1069||7;1083||9;1149||1;1339||10;1346||7;1347||8;1349||6;1357||6;1376||10;1417||7;1417||9;1423||9;1510||8;1514||10;1514||9;1923||10;1923||8;1925||7;1940||7;2105||10;2105||5;2109||6;2116||3;2121||2;2122||4;2123||1;2124||10;2134||2;2138||6;2143||10;2256||7;2263||5;2269||9;2269||6;2273##nice##normal##2253075426;1107;923;40
2253214448;2016-03-27;31;1276785;true;1;1472;1890;9999##23;14;53##86992358;1518||113272381;1527||39256913;1388||196228187;768||106204137;1712##1;1565;597;845;good;normal;1156##1;589;31;1220;bad;normal;1157##true;140##true;912##true;568##3;140||10;141||2;231||1;367||10;377||1;456||7;457||2;466||6;499||9;500||4;660||5;662||1;676||2;697||6;715||9;724||4;730||3;912||1;1184||7;1207||9;1216||10;1229||1;1230||5;1234||1;1537||3;1542||5;1584||4;1585||7;1608||9;1633||6;1638||8;1681||3;1820||5;1863||7;1863||1;1878||5;1886||4;1889||2;1901||10;1909##nice##normal##2253214448;1147;883;35
2260208514;2016-03-30;36;1276785;false;0;1324;1217;9999##16;19;42##86992358;812||39256913;556||113272381;999||106204137;1154||196228187;1288##1;771;470;982;good;bad;1208##1;1572;232;502;bad;good;1185##false;-24##true;1201##false;779##2;24||9;54||10;73||2;272||7;275||9;360||1;470||7;479||6;483||10;547||1;622||6;882||8;889||2;891||7;893||1;903||7;1194||1;1199||8;1201||6;1208||2;1609||8;1616||9;1620||7;1626||8;1628||6;1672||3;1859||10;1880||5;1883||4;2071||1;2090||3;2097||3;2113||5;2125||2;2128||5;2143||2;2172||4;2182##normal##normal##2260208514;1182;1822;22
2260362995;2016-03-30;31;1276785;false;0;941;764;9999##15;40;28##86992358;531||196228187;957||39256913;497||113272381;666||106204137;935##1;262;316;-720;bad;bad;841##1;777;705;485;good;good;1168##true;233##false;660##false;954##2;109||1;233||8;299||4;341||2;347||1;356||6;405||5;428||2;434||10;493||1;494||3;527||7;534||6;565||10;639||3;640||6;659||2;660||8;697||2;758||2;902||1;906||6;918||3;918||4;922||7;989||1;1042||3;1045||2;1049||6;1051||4;1053||3;1118||1;1133||2;1139||6;1141||5;1237||4;1249||1;1256||2;1263||3;1358||2;1387||6;1399||10;1470||5;1576||1;1577||2;1581||4;1674||1;1679||2;1683||8;1700||5;1796||3;1845||1;1848||2;1849||4;1858##normal##normal##2260362995;1160;1844;21
2271628754;2016-04-04;35;1276785;true;1;1196;1877;9999##29;15;78##86992358;1760||113272381;1219||39256913;1692||106204137;1454||196228187;1223##1;1379;156;324;normal;normal;1155##1;389;226;302;normal;good;1416##false;127##true;993##true;808##6;127||1;133||1;272||5;277||10;348||6;365||4;438||1;488||1;564||6;572||4;584||10;593||9;594||7;717||9;728||2;771||6;774||2;933||4;993||10;1000||1;1001||2;1008||3;1018||2;1229||5;1234||1;1237||8;1353||1;1363||5;1365||6;1366||7;1367||9;1588||3;1626||8;1640||5;1838||4;1860||5;1898||7;1899||1;1902||3;1903||2;1910||3;2105||4;2109||5;2117||2;2121##bad##bad##2271628754;1139;1082;47
2271574027;2016-04-04;16;1276785;false;0;926;9999;9999##6;20;6##86992358;527||196228187;593||39256913;1013||106204137;958||113272381;560##1;324;4;-699;bad;good;629##1;681;715;285;good;bad;796##true;254##false;733##false;820##8;201||8;254||3;272||2;303||6;395||5;442||2;444||3;492||5;495||1;504||8;553||7;588||9;625||3;625||10;627||3;728||1;733||4;737||2;739||3;890||1;898||2;901||4;901||1;993||5;1005||2;1007||4;1012##bad##bad##2271574027;1186;1035;68
2271496864;2016-04-04;28;1276785;true;1;1675;9999;9999##28;9;50##86992358;1174||106204137;1463||39256913;1470||196228187;1253||113272381;1254##1;950;79;972;perfect;good;1010##1;552;646;429;horrible;bad;1277##true;173##true;578##true;634##3;173||5;184||2;315||8;334||1;334||4;387||4;424||2;425||5;453||4;504||8;543||1;568||10;573||7;574||2;578||6;579||9;765||6;767||2;768||4;772||3;785||1;848||2;879||5;1048||3;1313||2;1323||6;1324||5;1325||4;1337||5;1470||2;1600||3;1604||10;1617||9;1650||2;1654||5;1659||4;1663||1;1700##bad##bad##2271496864;1118;1103;49
2280241827;2016-04-08;33;1276785;false;0;1547;1073;9999##31;38;70##86992358;1554||196228187;1040||39256913;997||113272381;385||106204137;2588##1;639;520;-170;normal;normal;661##1;704;493;71;normal;normal;967##true;139##true;504##false;596##6;139||5;143||4;176||2;177||3;184||7;186||10;190||4;264||6;268||2;268||10;350||9;362||4;380||2;383||8;406||10;417||7;419||6;429||6;499||10;502||9;504||1;526||4;552||10;715||6;718||7;721||9;726||4;727||6;876||7;881||4;895||8;902||10;910||3;935||1;984||2;1099||1;1108||3;1137||6;1152||2;1155||10;1268||2;1274||9;1278||1;1285||7;1286||4;1294||4;1424||10;1452||1;1466||3;1484||7;1507||2;1522||9;1525||6;1539||8;1546||4;1553||6;1555||7;1565||10;1669||2;1686||1;1687||7;1690||4;1699||3;1705||1;1753||9;1761||3;1779||4;1787||2;1950||5;1954||4;1958||2;1966||3;1972##bad##normal##2280241827;1167;1338;42
2280164069;2016-04-08;21;1276785;false;0;940;9999;9999##12;30;26##86992358;957||113272381;1125||39256913;156||106204137;933||196228187;829##1;115;646;-835;bad;horrible;514##1;1277;139;92;good;perfect;801##false;2##false;470##false;612##4;2||1;5||4;61||7;83||4;162||8;201||1;243||8;317||2;340||7;380||2;432||1;438||8;445||7;451||5;453||6;469||4;470||9;485||8;718||10;722||5;733||3;733||1;741||6;746||3;809||3;880||10;882||4;888||5;893||1;893||1;942||6;1008||1;1093||3;1106||5;1108||4;1111||10;1121||2;1125||3;1247||5;1249||1;1250||4;1255||2;1259||3;1282##normal##normal##2280164069;1125;1380;42
