2167329759;2016-02-21;21;1105664;true;1;1665;9999;9999##31;13;37##90547237;1846||119939006;2045||121404228;1534||250733860;1800||111372926;1808##1;2045;368;881;1042;400;1153##true;51##true;568##true;886##3;51||1;95||10;98||6;162||3;192||4;267||10;272||3;316||8;382||5;390||6;391||4;419||4;539||8;554||1;564||2;568||8;621||3;672||9;675||8;767||2;821||3;860||7;969||1;973||4;979||3;980||5;980||2;981||1;1016||3;1148||1;1161||5;1166||2;1173||7;1176||4;1178||1;1204||2;1211||4;1214||8;1217||5;1218||6;1220||3;1252||2;1279||7;1282||4;1294##2167329759;1000;1000;60
2167860747;2016-02-21;18;1105664;true;1;1952;9999;9999##22;6;35##90547237;1552||101609459;1027||121404228;2888||250733860;1610||119939006;1380##1;1341;438;1038;1316;400;937##true;70##true;391##true;790##1;70||2;77||3;78||7;137||2;151||1;170||9;202||7;209||2;214||1;223||8;242||7;320||4;326||2;386||5;391||3;466||4;470||5;606||4;657||3;671||5;857||1;860||10;863||8;893||3;910||4;1071||3;1076||2;1080||5;1095##2167860747;1060;1050;59
2170666631;2016-02-22;48;1105664;true;0;1364;1223;1110##27;25;57##90547237;880||119939006;1366||121404228;1100||250733860;1325||111372926;1218##1;1681;193;175;1;-300;1324##false;-27##false;711##true;1025##4;27||1;149||10;172||4;307||5;315||9;319||3;328||8;419||5;450||4;453||8;622||1;626||6;632||3;634||7;710||1;711||10;716||3;717||8;720||9;723||6;854||5;1164||2;1173||10;1177||3;1185||7;1257||1;1258||10;1291||3;1297||5;1298||1;1464||8;1572||3;1617||5;1624||5;2193||9;2293||8;2297||10;2298||1;2305||4;2310||6;2504||7;2509||8;2511||6;2513||10;2518||9;2524||3;2834||6;2842||1;2842||8;2845||10;2847||7;2864||9;2903##2170666631;1119;1111;49
2173041442;2016-02-23;23;1105664;true;0;1864;9999;9999##23;5;45##90547237;1418||169141480;1505||121404228;1692||250733860;2089||119939006;1428##1;1309;760;963;1341;270;1139##true;108##true;772##true;798##7;108||10;125||8;178||8;268||8;326||10;629||1;636||3;697||8;701||6;704||7;707||7;772||8;774||9;777||10;781||6;791||2;854||10;888||8;980||1;982||7;985||9;988||4;989||3;994||8;1348||6;1363||7;1366||10;1369||6;1375##2173041442;1168;1149;63
2172908130;2016-02-23;22;1105664;true;1;1241;9999;9999##27;8;70##90547237;1520||169141480;1114||121404228;2996||250733860;1996||119939006;1716##1;1546;342;63;661;-100;865##false;53##true;956##true;876##9;53||1;53||1;281||1;360||2;363||5;363||7;395||1;482||6;513||7;609||5;614||8;691||6;841||2;894||3;905||10;944||2;956||1;969||4;974||5;975||2;1003||4;1077||2;1081||5;1147||4;1149||2;1159||6;1166||7;1209||3;1224||5;1224||4;1233||2;1234||1;1243||2;1301||3;1305||4;1314##2172908130;1231;1086;51
2222362019;2016-03-14;46;1105664;true;1;869;944;1444##35;35;74##90547237;1251||169141480;1197||121404228;1162||250733860;2445||119939006;1038##1;531;450;-414;-681;-170;1070##false;101##false;821##true;994##9;101||10;207||5;229||6;233||4;246||7;364||8;370||7;560||6;584||8;649||2;743||7;761||8;821||6;826||10;849||9;854||7;907||10;1016||10;1024||4;1112||7;1112||6;1118||1;1195||8;1259||2;1264||8;1404||6;1414||3;1420||7;1422||1;1423||10;1430||2;1437||4;1441||5;1453||3;1528||10;1541||10;1736||4;1791||10;1796||2;1803||8;1809||1;1817||8;2009||4;2012||5;2014||10;2016||1;2025||6;2033||3;2037||5;2239||6;2246||2;2251||4;2254||7;2262||3;2265||7;2357||1;2422||2;2422||5;2425||4;2466||1;2517||8;2525||9;2541||3;2541||7;2546||5;2696||10;2699||3;2704||2;2712||2;2777||4;2779||5;2784##2222362019;1282;1000;35
2226513696;2016-03-16;40;1105664;true;1;1111;1112;9999##26;21;52##90547237;1479||169141480;812||121404228;916||250733860;1791||119939006;1259##1;1227;422;896;-694;230;1195##true;189##false;1561##true;726##3;189||1;197||6;324||6;594||7;647||8;771||2;773||7;780||4;781||10;790||9;799||9;809||4;918||2;954||4;990||7;1192||5;1354||8;1543||7;1561||9;1565||9;1583||10;1631||5;1703||1;1705||7;1707||9;1723||5;1849||3;1988||3;2128||8;2130||9;2130||2;2131||5;2169||1;2171||4;2211||7;2214||6;2216||3;2218||7;2331||6;2337||8;2338||3;2358||4;2359||5;2365||1;2367||2;2378||3;2401||1;2436||5;2439||7;2444##2226513696;1317;1127;41
2226828289;2016-03-16;48;1105664;false;1;1130;1352;731##21;25;41##90547237;1051||169141480;841||121404228;961||250733860;1162||119939006;919##1;898;82;407;218;0;847##false;304##true;1203##true;905##6;304||4;396||8;445||2;537||2;824||3;838||4;856||10;934||5;957||9;959||2;964||3;971||1;975||8;1021||10;1196||6;1201||2;1203||8;1211||9;1272||10;1436||8;1442||1;1482||7;1484||2;1496||3;1499||4;1630||7;1660||6;1667||4;1682||2;1699||9;1708||10;1714||2;2161||7;2219||4;2243||3;2274||10;2275||2;2278||9;2420||10;2430||8;2433||7;2440||9;2441||6;2454||7;2518||1;2682||8;2863||9;2867||3;2889||10;2906##2226828289;1358;1086;37
2226655284;2016-03-16;44;1105664;false;1;855;967;9999##19;30;23##90547237;696||169141480;688||121404228;891||250733860;1412||119939006;854##1;118;58;711;-791;-170;1236##false;152##false;1177##true;741##6;152||8;192||6;203||6;320||8;448||1;520||6;687||1;845||10;919||6;926||8;1066||7;1177||7;1349||8;1352||3;1354||2;1360||9;1360||3;1460||8;1517||3;1519||10;1520||4;1523||6;1525||2;1525||3;1579||5;1594||2;1602||9;1809||6;1986||7;1991||2;2079||1;2215||6;2221||2;2299||6;2304||3;2307||10;2317||9;2323||7;2326||8;2335||5;2406||10;2527||6;2533||8;2536||7;2647||5;2650||1;2652||4;2653||3;2659||9;2665||10;2672||6;2676##2226655284;1321;1123;41
2238414958;2016-03-21;38;1105664;false;1;736;1272;9999##21;43;48##90547237;1162||169141480;845||121404228;1189||250733860;819||119939006;920##1;275;686;-234;-800;-170;981##false;137##false;716##false;926##6;137||7;299||1;307||6;347||10;364||8;368||6;389||2;491||9;602||6;613||7;674||6;716||10;726||8;733||2;734||7;739||6;935||7;938||8;940||9;943||10;964||8;1046||7;1067||3;1073||9;1074||2;1080||10;1080||1;1087||5;1089||9;1092||4;1097||8;1110||4;1121||4;1265||6;1271||2;1272||3;1273||1;1279||5;1313||8;1351||6;1572||7;1576||8;1675||1;1677||9;1683||2;1683||7;1685||3;1685||4;1698||5;1709||10;1709||6;1715||4;1723||1;1730||6;2027||9;2029||6;2042||3;2042||5;2059||6;2201||7;2207||9;2213||8;2231||10;2243||6;2273||7;2278||10;2278##2238414958;1280;1004;36
