2293174415;2016-04-14;24;2791586;true;0;1477;9999;9999;Shazam~;2640099##28;21;73##41470731;1161||108452107;1627||85805514;1681||38515149;944||99643683;1392##1;1889;698;-296;normal;bad;745##1;147;598;-91;normal;good;702##false;274##false;664##true;823##5;274||2;353||9;422||5;468||1;474||3;478||6;508||6;548||10;550||4;553||2;553||9;556||7;573||1;631||10;651||3;656||6;658||2;664||2;719||7;726||10;798||4;848||1;850||2;857||8;864||2;866||6;878||5;878||7;878||6;945||7;980||6;1026||5;1028||2;1049||4;1157||10;1160||6;1162||7;1202||1;1206||6;1325||10;1326||9;1328||8;1335||5;1336||1;1442||7;1444||6;1448||10;1449||8;1453||9;1454##normal##normal##L##2293174415;1000;995;49
2293212602;2016-04-14;27;2791586;false;0;839;9999;9999;Shazam~;2640099##5;22;10##41470731;612||108452107;1011||85805514;1069||99643683;540||38515149;986##1;425;466;79;bad;bad;882##1;1017;566;619;good;good;930##false;141##false;1113##false;1157##1;141||9;272||5;439||1;477||3;494||6;521||5;526||4;643||5;657||9;785||4;1089||5;1111||3;1113||1;1117||6;1117||5;1225||4;1230||3;1236||1;1239||7;1333||10;1351||1;1426||4;1429||3;1436||1;1643||4;1643||5;1644||3;1655##normal##normal##ML##2293212602;1049;946;66
2293145754;2016-04-14;22;2791586;false;1;658;9999;9999;Shazam~;2640099##4;15;5##41470731;659||85805514;490||108452107;829||38515149;624||99643683;681##1;0;456;-437;bad;bad;886##1;1624;633;341;good;good;842##false;97##false;1144##false;993##7;97||7;270||8;326||9;466||5;467||10;472||6;483||7;719||7;849||3;850||5;855||7;917||6;1144||7;1148||10;1160||5;1301||10;1302||6;1305||8;1309##normal##normal##ML##2293145754;983;1012;53
2338414744;2016-05-03;28;2791586;false;1;987;9999;9999;Infamous -_^;2672298##17;19;27##108452107;1419||38515149;654||85805514;839||41470731;779||29110522;768##1;660;338;-41;good;normal;639##1;711;571;707;bad;normal;1302##false;325##true;1028##true;892##9;325||5;326||3;396||4;553||3;605||7;647||10;787||7;809||1;847||1;940||4;942||3;976||7;976||9;977||1;1024||4;1028||5;1096||4;1118||2;1150||8;1316||4;1318||3;1332||7;1334||10;1334||9;1339||3;1500||9;1504||10;1506||6;1520||8;1583||9;1585##normal##normal##H##2338414744;930;843;55
2338300743;2016-05-03;44;2791586;false;0;934;1150;9999;Infamous -_^;2672298##31;19;77##108452107;1578||29110522;936||85805514;1380||41470731;845||38515149;1036##1;588;869;18;good;good;844##1;797;257;134;bad;bad;1331##true;323##true;909##false;1502##6;323||7;355||8;419||7;447||3;490||7;553||7;679||8;735||5;739||7;767||10;769||2;838||7;909||6;1052||7;1053||8;1055||4;1272||10;1278||9;1284||5;1284||2;1289||8;1290||1;1291||3;1297||8;1421||3;1666||8;1731||10;1751||4;1843||1;1844||5;1850||9;1852||7;1852||2;1863||8;1863||10;1938||6;2068||10;2124||9;2141||3;2369||7;2371||5;2371||4;2373||9;2415||1;2420||1;2431||8;2448||6;2662##bad##normal##H##2338300743;875;898;48
2340351818;2016-05-04;21;2791586;false;1;619;9999;9999;Digital Chaos;2512249##6;18;15##85805514;883||29110522;806||108452107;612||41470731;489||38515149;601##1;0;319;-1006;horrible;bad;611##1;754;324;1614;perfect;bad;1261##false;128##false;861##true;975##6;128||10;131||4;220||8;331||7;405||8;469||6;498||9;509||2;602||1;657||6;684||6;774||10;861||3;988||5;1007||6;1108||8;1115||9;1123||9;1206||6;1256||2;1256##bad##normal##ML##2340351818;827;1125;33
2338809536;2016-05-04;33;2791586;false;1;1422;962;9999;FriendshipDedicationLove;2677025##21;22;56##85805514;1284||41470731;722||38515149;1408||108452107;769||29110522;1030##1;598;386;954;good;good;793##1;1466;135;1014;bad;bad;1083##true;98##true;889##false;862##4;98||2;163||4;232||5;468||3;572||6;618||5;619||7;733||6;747||6;860||3;862||5;867||1;874||8;886||7;888||2;889||10;889||4;897||7;971||9;1107||7;1114||3;1236||1;1239||4;1243||9;1243||5;1248||7;1302||3;1347||4;1521||3;1524||1;1525||2;1529||9;1648||10;1654||10;1879||4;1882||9;1887||6;1954||7;1968##normal##bad##H##2338809536;794;1053;33
2338771383;2016-05-04;30;2791586;false;1;820;736;9999;FriendshipDedicationLove;2677025##5;29;13##108452107;713||29110522;107||85805514;421||41470731;977||38515149;873##1;310;185;-57;horrible;bad;795##1;1072;563;1615;perfect;good;966##false;148##false;653##true;751##7;174||7;225||7;323||2;330||6;381||9;448||8;500||8;641||9;651||7;653||6;886||9;892||1;906||6;1073||8;1080||7;1103||2;1126||10;1236||7;1264||9;1284||7;1388||8;1389||6;1390||9;1397||10;1398||7;1494||2;1496||10;1499||1;1501||8;1518||7;1627||8;1689##normal##bad##ML##2338771383;761;1086;30
2354518391;2016-05-11;20;2791586;false;1;605;9999;9999;Dragon Slayerzzz;2837183##7;27;14##38515149;651||94364925;640||108452107;248||99643683;542||247874780;453##1;0;73;-1547;horrible;horrible;656##1;1267;601;1017;perfect;perfect;1114##true;46##false;401##false;1086##10;77||6;83||9;89||8;161||8;215||10;236||9;246||1;307||7;318||8;373||9;401||8;474||9;477||1;529||6;532||8;637||7;651||8;724||10;771||5;838||10;863||4;972||5;1022||8;1026||1;1033||6;1034||7;1037||7;1176||10;1181||1;1184||9;1188##nice##nice##ML##2354518391;731;1101;25
2354564617;2016-05-11;53;2791586;true;0;1015;1496;1191;Dragon Slayerzzz;2837183##30;27;62##38515149;748||94364925;1044||108452107;1411||99643683;1825||247874780;877##1;950;623;-133;horrible;horrible;1254##1;277;305;412;perfect;perfect;1552##false;50##false;593##false;1055##2;50||5;161||10;166||2;187||3;243||3;336||2;338||1;341||9;477||6;493||1;498||7;512||4;587||5;593||7;619||7;781||2;869||10;977||1;984||6;987||2;993||5;996||5;1112||9;1172||6;1175||3;1185||4;1316||1;1368||6;1373||6;1511||6;1775||7;1889||4;2097||10;2156||7;2239||6;2277||1;2484||5;2486||6;2506||2;2511||1;2725||10;2732||5;2746||3;2764||6;2897||8;2909||1;2910||7;2916||9;2959||6;3031||1;3036||7;3039||9;3043||10;3051||8;3123##perfect##perfect##MH##2354564617;706;1126;103
2358588779;2016-05-12;36;2791586;false;1;1353;1321;9999;Kingdom DotA~;2217730##27;29;60##38515149;876||94364925;1696||85805514;807||108452107;1115||99643683;1129##1;751;273;83;perfect;bad;963##1;730;527;806;horrible;good;1298##false;-21##true;440##true;1025##10;-21||1;89||8;200||5;217||5;274||4;365||1;379||9;385||4;401||3;434||1;440||4;540||8;542||5;608||2;743||1;745||8;746||9;746||6;749||4;758||8;868||6;915||10;917||3;918||1;934||8;957||1;1085||5;1125||4;1133||10;1219||8;1227||4;1315||7;1318||5;1430||8;1457||2;1536||8;1580||4;1614||8;1709||10;1774||7;1815||5;1831||6;1832||9;1983||5;2061||7;2095||6;2100||1;2104||8;2106||4;2106||10;2107||9;2139||5;2183##bad##bad##H##2358588779;809;942;41
2358513462;2016-05-12;42;2791586;false;0;816;1004;9999;Kingdom DotA~;2217730##11;30;32##38515149;1050||94364925;854||108452107;586||99643683;1327||85805514;701##1;425;506;85;bad;good;1307##1;1305;100;1084;good;bad;1212##true;46##false;1025##false;1476##10;46||5;515||2;578||8;679||5;740||3;759||8;786||3;883||1;924||1;1012||5;1019||2;1025||3;1112||5;1124||10;1184||5;1327||2;1360||7;1361||4;1428||5;1564||7;1655||1;2003||6;2009||2;2010||5;2171||7;2196||5;2302||1;2323||2;2325||8;2326||6;2344||7;2363||4;2419||1;2420||5;2427||3;2497||8;2521##bad##bad##L##2358513462;768;983;36
2363605997;2016-05-14;54;2791586;true;0;1345;1294;1184;Team Freedom Dota 2;2701329##39;27;94##38515149;966||94364925;1889||85805514;1502||108452107;1156||99643683;1681##1;1386;-32;903;good;good;1071##1;182;625;504;bad;bad;1348##false;148##true;869##true;1296##10;281||9;293||2;300||2;472||6;617||3;629||8;657||10;664||10;711||4;746||5;749||8;756||3;757||7;837||4;850||6;858||10;869||10;930||1;954||7;957||4;1073||6;1169||5;1310||3;1310||1;1318||5;1323||4;1329||7;1416||1;1417||6;1624||7;1640||10;1642||7;1715||1;1734||5;1734||7;1992||2;2035||1;2270||6;2270||9;2292||10;2293||3;2411||7;2430||9;2447||9;2457||7;2532||1;2553||10;2560||6;2579||7;2611||5;2617||4;2635||7;2744||3;2765||6;2912||10;2934||7;2954||7;3016||2;3019||3;3116||9;3134||5;3249##bad##normal##MH##2363605997;732;1077;95
2363547416;2016-05-14;27;2791586;true;1;1241;9999;9999;Team Freedom Dota 2;2701329##26;4;66##38515149;1322||94364925;980||85805514;1497||108452107;1634||99643683;2087##1;913;188;138;perfect;good;850##1;314;401;247;horrible;bad;835##true;4##true;871##true;799##5;4||9;228||4;377||7;384||2;456||8;557||1;633||3;644||3;716||1;733||4;738||7;757||5;757||5;871||5;935||2;1089||1;1126||4;1250||3;1455||3;1486||2;1499||5;1499||1;1505||5;1563||1;1591||3;1592##bad##normal##L##2363547416;827;982;59
2363757344;2016-05-15;27;2791586;false;0;1107;9999;9999;EnemyGG;2634364##15;30;22##38515149;837||94364925;690||85805514;746||108452107;821||99643683;259##1;231;498;411;normal;normal;815##1;332;448;-289;normal;normal;849##true;142##false;770##false;963##9;142||2;143||5;253||6;266||6;372||9;389||6;530||9;553||6;580||5;587||1;618||9;648||8;662||3;665||2;667||5;683||5;768||3;770||8;774||1;775||2;791||5;875||4;907||2;917||10;958||5;1023||1;1199||5;1230||2;1287||5;1331||7;1345||8;1348||4;1359||3;1364||4;1455||2;1463||5;1551||9;1552||1;1553||3;1563##bad##bad##L##2363757344;886;659;67
2363692148;2016-05-15;48;2791586;false;1;1345;1366;893;EnemyGG;2634364##34;36;63##38515149;784||94364925;1238||85805514;579||108452107;1428||99643683;1231##1;762;-37;-150;good;bad;936##1;287;806;766;bad;good;1117##false;-45##true;860##true;681##8;-45||4;261||10;338||3;484||10;570||3;684||7;684||8;686||10;692||4;704||3;760||6;838||4;844||3;849||1;860||5;876||7;879||2;1072||4;1076||3;1087||7;1229||8;1316||6;1382||3;1392||4;1396||3;1481||1;1497||4;1535||3;1539||10;1541||2;1572||10;1629||8;1641||6;1645||2;1675||8;1746||4;1748||5;1749||10;1751||3;1755||7;1756||4;1920||2;1925||8;2112||6;2118||7;2129||5;2139||9;2150||10;2164||3;2168||8;2236||6;2242||7;2242||9;2245||7;2251||10;2315||6;2317||4;2375||4;2556||8;2571||7;2577||10;2766||5;2775||3;2775||4;2793||7;2839||10;2887##bad##bad##MH##2363692148;819;726;56
