2199144312
2198989614
2198763106
2198604205
2198359197
2198252097
2198141418
2198057551
2197232058
2197006785
2196830083
2196501846
2196306427
2196139871
2195950707
2195854935
2195748703
2195617106
2195561641
2194260255
2180357452
2180278248
2180141650
2178572793
2178430378
2178362915
2178259496
2177667673
2177504892
2176353974
2176134660
2175861659
2175448141
2175279003
2173864093
2173255322
2171668128
2171209198
2159399305
2159333520
2159253863
2159163566
2157033796
2156956446
2154907851
2154825443
2154612088
2154495042
2154396583
2152595788
2152521794
2152321364
2152176639
2150227455
2150143180
2150046912
2149799258
2149674761
2159281122
2159170413
2159077225
2158982046
2157050994
2157002584
2156845846
2156753171
2155091523
2155057012
2155027337
2154918475
2154827205
2154633446
2154521505
2147504037
2147422945
2147218943
2154850496
2154740404
2152608924
2152560345
2152400343
2152290464
2142612562
2142507011
2140619101
2140559679
2136030360
2135936884
2130818462
2130751109
2130584254
2130439555
2128537550
2128484079
2128381185
2128285457
2118226357
2118027293
2117886431
2117469845
2116001889
2115832770
2115601185
2115403451
2115207703
2115065683
2114856246
2114744832
2114632374
2114485241
2114390635
2114301791
2112955180
2112812155
2085059868
2083137467
2082949424
2082106725
2081957054
2081841527
2080584907
2080442164
2080280770
2079593863
2079482219
2078120447
2077933059
2077929558
2077734638
2077718141
2077571730
2077552827
2077430052
2060049634
2060023488
2059918120
2059905010
2059876083
2059815612
2059799777
2033930307
2033684435
2033255399
2033137997
2033006219
2032776461
2032614329
2032505340
2030982417
2030735369
2030477854
2030320107
2030119810
2029938095
2029823980
2029688671
2028338034
2016482876
2016383165
2016250491
2016100756
2015945300
2015692611
2015617679
2015564443
2013794982
2013668459
2013646526
2013578837
2013467161
2013317286
2013254571
2013188506
2013128377
2013039115
2013000755
2012940442
2001143037
2001089587
2001032297
2000987764
2000926804
2000762142
2000678327
1998715126
1998652203
1998547629
1998496853
1998424806
1998318531
1998201818
1998032937
1995989266
1995917878
1995874559
1995781321
1984801723
1984698282
1984529130
1984422652
1983978130
1983817900
1983602094
1983480663
1981953141
1981733381
1981562036
1981322667
1981088223
1980941553
1929742453
1929624798
1929522822
1927929201
1907594589
1907429060
1907275614
1907055118
1906861533
1901927995
1901799577
1901711932
1901511818
1901428136
1900046746
1899850056
1899675778
1899521370
1899380119
1897861905
1897532328
1897311736
1966694893
1966617949
1966487311
1966225213
1966064376
1965886551
1965682653
1964135256
1964046839
1963952938
1963838471
1963631832
1963496331
1963272790
1963134007
1962013966
1961970320
1961893492
1961829627
1961729453
1340466951
1340285404
1339887947
1339701953
1339531080
1339137801
1339124089
1339023007
1339002579
1338881956
1338853684
1337377384
1337172626
1337120175
1337012811
1336844548
1336753796
1336690391
1336672432
2197852915
2190994175
2190956118
2190864003
2190806996
2188745481
2188682838
2186366044
2176363477
2174252967
2174219394
2174170321
2174115820
2171836459
2171780641
2163869501
2197814888
2197771156
2183654271
2183577879
2180813369
2180756773
2178558266
2178495747
2171939129
2171887740
2171755960
2171700333
1982564735
1982464051
1982331068
1979852314
1979520259
1979389184
2190635520
2190543949
2190329562
2190233639
2188554472
2188507355
2188233879
2176247972
2176201643
2176031068
2175943133
2175727806
2174075177
2174024074
2173877610
2173759904
2173629739
2173469515
2169352705
2169293575
2169200180
2169098823
2168971864
2168761260
2168584594
2168462214
2168459929
2168455403
2168216612
2168216356
2168206277
2168204512
2167967059
2167960618
2186374732
2186334600
2186281567
2186078724
2186011766
1931711078
1931576675
1931488269
1931415793
1924109491
1924058157
1923977220
1923909329
1923741910
1923642959
2183826611
2183690050
2183574981
2183500588
2183376413
2183278970
2166539251
2166444510
2166370482
2166241906
2097910425
2042408568

1936213193
1936174854
2178500530
2157401107
2150271573
2124308220
2119580416
2119541501
2116905069
2114247407
2114198392
2111820844
2111750309
2103130726
2103055367
2173370055
2173152588
2173041442
2172928683
2172908130
2170666631
2170537909
2170432731
2167860917
2167860747
2167625721
2167606774
2167329759
2167327028
2167325769
2167156076
2167144663
2171587249
2171471155
2171376942
2171246036
2169476955
2169417482
2169344757
2169252990
2169188139
2168918093
2168847425
2166643695
2166589193
2166445828
2166362075
2166118578
2165940034
2161220081
2161143146
2161061177
2160963802
2154396655
2149903269
2149805113
2130777536
2130685908
2130581527
2128307829
2128250878
2128130868
2123892526
2123791368
2123693654
2121616151
2121534597
2156792310
2111546317
2097526304
2025075459
2024991909
2024915712
2024783448
2024666599
2024614271
2022440389
2022390944
2022347875
2022277135
2041088292
2041025397
2040931536
2040909613
2040757034
2040714804
2040634000
2040545523
2040539666
2040099956
2038072220
2037968425
2037868358
2037776812
1981062950
1980935716
1980774462
1980644465
1980552989
2138638290
2138574904
2138497064
2131129958
2131079341
2128594760
2128557124
2114306261
2114243659
2114206849
2111878655
2111816681
2111759221
2105338847
2105297570
2095366171
2095305164
2095244332
2093179602
2093135715
2201993554
2201838263
2201624014
2201456363
2201116123
2201019839
2203662380
2203601018
2203539406
2203443774
2203238887
2203020505
2206397048
2206332579
2206240813
2206174719
2206077451
2206001051
2206196903
2206151998
2206081123
2205999111
2205833528
2205764532
2210804336
2210754624
2208829537
2208764398
2208687179
2208640896
2208569149
2208511321
2211015954
2210971342
2208748859
2208705613
2214337150
2214163959
2215796971
2215717267
2215414143
2215310272
2212899673
2212842319
