2167625721;2016-02-21;29;2458565;true;0;1199;9999;9999;Marfel Gaming##28;16;61##105197654;2305||115394125;1295||86918453;565||136255115;874||131048535;1546##1;1198;1019;252;normal;good;793##1;340;806;-945;normal;bad;554##false;177##true;991##true;1149##8;126||3;177||2;238||2;336||4;338||3;427||10;439||7;473||6;476||9;486||8;520||7;659||10;774||8;784||3;788||2;867||3;869||4;981||7;985||10;991||9;994||8;1002||7;1055||3;1062||2;1072||8;1294||4;1297||9;1301||10;1304||7;1309||9;1371||3;1377||8;1378||10;1382||3;1525||4;1530||7;1596||6;1596||8;1627||9;1631||7;1760||8;1762||10;1770||3;1770||6;1782##normal##normal##L##2167625721;1000;1000;50
2170537909;2016-02-22;44;2458565;true;0;1248;1479;9999;Alliencee##25;19;45##115394125;1201||86918453;677||105197654;1861||136255115;1196||131048535;1012##1;1505;680;9;good;bad;1081##1;-119;309;-723;bad;normal;870##false;515##true;991##true;1074##4;515||2;545||7;567||9;573||8;697||5;704||1;708||4;709||9;712||7;727||6;863||9;881||7;883||6;952||4;952||1;955||7;991||3;1100||2;1102||5;1106||1;1115||6;1433||4;1440||7;1454||10;1579||7;1585||2;1590||4;1602||5;1609||8;1796||9;1800||2;1832||10;1955||7;1960||2;1973||3;2387||5;2387||4;2424||6;2430||10;2595||9;2599||7;2603||6;2604||8;2607||7;2618||8;2637##normal##normal##H##2170537909;1050;1050;50
2170432731;2016-02-22;18;2458565;true;1;1209;9999;9999;Alliencee##12;1;28##136255115;908||86918453;1309||115394125;1348||105197654;1640||131048535;1892##1;2104;501;396;good;perfect;939##1;211;100;-1352;bad;horrible;559##false;98##true;1069##true;991##2;90||1;98||2;304||4;310||1;320||1;375||1;581||2;641||1;655||7;821||5;1065||4;1069||3;1072||2;1118##normal##normal##ML##2170432731;1100;1000;49
2172908130;2016-02-23;22;2458565;false;0;757;9999;9999;Rex Regum QEON##8;27;16##105197654;483||136255115;724||86918453;2064||115394125;543||131048535;913##1;260;98;-699;bad;good;654##1;1552;580;-56;good;good;804##true;53##false;956##false;876##9;53||1;53||1;281||1;360||2;363||5;363||7;395||1;482||6;513||7;609||5;614||8;691||6;841||2;894||3;905||10;944||2;956||1;969||4;974||5;975||2;1003||4;1077||2;1081||5;1147||4;1149||2;1159||6;1166||7;1209||3;1224||5;1224||4;1233||2;1234||1;1243||2;1301||3;1305||4;1314##nice##nice##ML##2172908130;1149;1158;54
2173041442;2016-02-23;23;2458565;false;1;678;9999;9999;Rex Regum QEON##5;23;10##115394125;424||136255115;602||86918453;707||105197654;861||131048535;586##1;453;337;-524;horrible;bad;693##1;1314;998;844;perfect;good;1059##false;108##false;772##false;798##7;108||10;125||8;178||8;268||8;326||10;629||1;636||3;697||8;701||6;704||7;707||7;772||8;774||9;777||10;781||6;791||2;854||10;888||8;980||1;982||7;985||9;988||4;989||3;994||8;1348||6;1363||7;1366||10;1369||6;1375##perfect##perfect##ML##2173041442;1095;1212;49
2167625721;2016-02-21;29;2458565;true;0;1199;9999;9999;Marfel Gaming##28;16;61##105197654;2305||115394125;1295||86918453;565||136255115;874||131048535;1546##1;1198;1019;252;normal;good;793##1;340;806;-945;normal;bad;554##false;177##true;991##true;1149##8;126||3;177||2;238||2;336||4;338||3;427||10;439||7;473||6;476||9;486||8;520||7;659||10;774||8;784||3;788||2;867||3;869||4;981||7;985||10;991||9;994||8;1002||7;1055||3;1062||2;1072||8;1294||4;1297||9;1301||10;1304||7;1309||9;1371||3;1377||8;1378||10;1382||3;1525||4;1530||7;1596||6;1596||8;1627||9;1631||7;1760||8;1762||10;1770||3;1770||6;1782##normal##normal##L##2167625721;1000;1000;50
2170537909;2016-02-22;44;2458565;true;0;1248;1479;9999;Alliencee##25;19;45##115394125;1201||86918453;677||105197654;1861||136255115;1196||131048535;1012##1;1505;680;9;good;bad;1081##1;-119;309;-723;bad;normal;870##false;515##true;991##true;1074##4;515||2;545||7;567||9;573||8;697||5;704||1;708||4;709||9;712||7;727||6;863||9;881||7;883||6;952||4;952||1;955||7;991||3;1100||2;1102||5;1106||1;1115||6;1433||4;1440||7;1454||10;1579||7;1585||2;1590||4;1602||5;1609||8;1796||9;1800||2;1832||10;1955||7;1960||2;1973||3;2387||5;2387||4;2424||6;2430||10;2595||9;2599||7;2603||6;2604||8;2607||7;2618||8;2637##normal##normal##H##2170537909;1050;1050;50
2170432731;2016-02-22;18;2458565;true;1;1209;9999;9999;Alliencee##12;1;28##136255115;908||86918453;1309||115394125;1348||105197654;1640||131048535;1892##1;2104;501;396;good;perfect;939##1;211;100;-1352;bad;horrible;559##false;98##true;1069##true;991##2;90||1;98||2;304||4;310||1;320||1;375||1;581||2;641||1;655||7;821||5;1065||4;1069||3;1072||2;1118##normal##normal##ML##2170432731;1100;1000;49
2172908130;2016-02-23;22;2458565;false;0;757;9999;9999;Rex Regum QEON##8;27;16##105197654;483||136255115;724||86918453;2064||115394125;543||131048535;913##1;260;98;-699;bad;good;654##1;1552;580;-56;good;good;804##true;53##false;956##false;876##9;53||1;53||1;281||1;360||2;363||5;363||7;395||1;482||6;513||7;609||5;614||8;691||6;841||2;894||3;905||10;944||2;956||1;969||4;974||5;975||2;1003||4;1077||2;1081||5;1147||4;1149||2;1159||6;1166||7;1209||3;1224||5;1224||4;1233||2;1234||1;1243||2;1301||3;1305||4;1314##nice##nice##ML##2172908130;1149;1158;54
2173041442;2016-02-23;23;2458565;false;1;678;9999;9999;Rex Regum QEON##5;23;10##115394125;424||136255115;602||86918453;707||105197654;861||131048535;586##1;453;337;-524;horrible;bad;693##1;1314;998;844;perfect;good;1059##false;108##false;772##false;798##7;108||10;125||8;178||8;268||8;326||10;629||1;636||3;697||8;701||6;704||7;707||7;772||8;774||9;777||10;781||6;791||2;854||10;888||8;980||1;982||7;985||9;988||4;989||3;994||8;1348||6;1363||7;1366||10;1369||6;1375##perfect##perfect##ML##2173041442;1095;1212;49
