1899380119;2015-10-29;48;15;false;0;674;666;608;CDEC Gaming##7;35;15##91698091;933||106863163;800||114239371;604||108382060;441||89407113;508##1;296;191;301;bad;bad;994##1;960;876;311;good;good;905##false;148##false;945##false;1385##2;148||9;435||2;447||1;664||4;726||3;733||5;734||5;924||1;934||4;935||3;945||1;997||5;1000||5;1077||4;1081||3;1082||1;1086||2;1198||4;1255||10;1256||8;1266||8;1503||3;1529||1;1530||6;1611||1;1882||1;2302||5;2509||4;2512||3;2515||1;2541||4;2599||1;2618||10;2619||5;2876||1;2880||6;2882||3;2882||2;2898||3;2900||5;2901||4;2903##normal##normal##1899380119;1000;937;53
2013794982;2015-12-19;44;15;true;0;1062;1501;9999;Team Liquid##38;9;73##91698091;1500||106863163;1333||108382060;1910||114239371;1273||89407113;1378##1;747;779;325;good;good;1426##1;329;-26;303;bad;bad;1180##true;181##true;912##true;1994##6;181||2;182||9;185||2;221||9;440||5;446||7;520||9;641||4;677||8;685||5;691||3;794||8;807||6;811||10;814||7;814||9;826||7;912||2;946||6;948||9;952||9;1072||10;1133||5;1281||8;1306||6;1312||9;1404||10;1432||8;1468||6;1490||9;1492||7;1575||8;1654||8;1776||6;1819||9;1927||6;1947||9;2069||10;2119||9;2223||6;2229||8;2232||5;2570||6;2634||8;2637||7;2638||10;2641||9;2643||8;2647##perfect##normal##2013794982;947;1145;60
2013317286;2015-12-19;40;15;true;1;953;1622;9999;Team Empire##32;17;66##91698091;1233||106863163;1134||108382060;2093||89407113;1093||114239371;952##1;1231;515;-43;normal;horrible;1120##1;215;225;-443;normal;perfect;933##false;1##true;989##true;1674##7;1||9;218||3;285||9;285||10;363||5;392||6;480||1;540||2;554||4;576||8;691||3;696||4;764||1;766||9;803||10;872||4;884||4;989||2;1020||7;1050||4;1096||3;1127||10;1148||9;1179||6;1202||1;1274||4;1307||5;1317||1;1483||4;1487||3;1495||6;1531||5;1553||2;1556||10;1724||2;1736||4;1736||6;1739||1;1741||3;2222||4;2224||1;2224||5;2238||2;2238||2;2430||6;2432||3;2433||5;2436||9;2451##normal##normal##2013317286;1007;1055;52
2013467161;2015-12-19;32;15;true;1;961;1457;9999;Team Empire##13;4;20##91698091;837||106863163;1437||114239371;494||108382060;1646||89407113;671##1;900;411;538;good;good;1155##1;287;386;-492;bad;bad;1083##false;339##true;1915##true;1003##4;272||5;339||1;507||4;515||5;740||6;931||8;1448||2;1609||3;1794||6;1829||8;1831||2;1838||1;1842||4;1895||1;1915||2;1918||3;1919||5;1923##normal##normal##2013467161;1059;1003;47
2013646526;2015-12-19;33;15;true;1;1517;1770;9999;Team Liquid##31;14;56##91698091;1130||106863163;1155||114239371;651||108382060;2197||89407113;1553##1;1307;367;93;good;good;1096##1;112;598;-278;bad;bad;933##true;116##true;693##true;1053##5;116||8;131||4;187||3;198||7;225||2;231||7;281||4;282||2;291||10;309||6;508||5;515||3;530||8;569||1;608||3;671||8;687||6;691||4;693||2;700||1;710||4;737||6;847||3;851||1;852||4;857||5;858||2;863||4;1126||10;1306||8;1688||3;1697||2;1705||1;1710||4;1716||5;1741||3;1777||7;1781||10;1788||2;1966||8;1969||4;1980||5;1990||3;1991||1;1993##perfect##normal##2013646526;1106;1170;63
2013188506;2015-12-19;28;15;false;1;936;9999;9999;Team Empire##11;32;20##91698091;886||106863163;714||114239371;929||108382060;1005||89407113;757##1;684;625;-176;horrible;bad;840##1;1299;343;32;perfect;good;592##false;192##false;729##true;1084##7;192||6;288||4;290||5;336||1;457||6;461||4;464||8;524||2;524||6;529||2;599||9;640||10;641||6;658||7;663||6;729||10;730||7;743||9;829||6;851||7;859||8;867||8;947||6;953||5;1056||10;1056||3;1067||6;1070||8;1088||6;1255||8;1312||6;1376||2;1377||3;1382||10;1398||7;1400||8;1421||6;1536||3;1554||10;1680||8;1707||6;1713||7;1721##normal##normal##2013188506;1169;956;73
2016250491;2015-12-20;31;15;true;0;1314;1344;9999;Alliance##21;9;42##91698091;1045||114239371;1196||106863163;1531||108382060;1502||89407113;1168##1;1302;381;-11;good;normal;1136##1;83;180;6;bad;bad;806##true;431##true;972##true;1089##10;431||6;465||9;766||7;774||4;775||6;784||10;791||8;793||9;805||2;856||7;877||4;971||6;972||3;978||10;1037||8;1073||6;1209||1;1300||5;1409||2;1410||9;1489||5;1552||1;1583||9;1788||6;1803||10;1818||9;1870||7;1872||6;1884||10;1888##bad##normal##2016250491;1096;991;44
2016482876;2015-12-20;57;15;false;1;869;856;1315;Alliance##12;17;23##91698091;958||114239371;731||106863163;882||108382060;1169||89407113;974##1;467;517;80;normal;bad;1487##1;1149;53;49;normal;good;1256##true;121##true;1959##true;1890##8;80||2;121||4;194||4;371||8;394||6;413||1;742||6;875||5;875||8;968||6;1003||1;1017||5;1028||6;1281||1;1579||6;1579||1;1850||5;1959||7;2290||9;2697||8;2698||6;2714||8;2974||6;2975||6;3111||6;3121||5;3125||5;3256||6;3416||7;3424||9;3440##bad##normal##2016482876;1140;947;60
2016100756;2015-12-20;42;15;false;0;857;846;9999;Alliance##13;33;26##91698091;332||106863163;994||114239371;628||108382060;957||89407113;493##1;168;146;-281;horrible;good;1214##1;1300;968;559;perfect;bad;806##true;0##false;800##false;945##8;0||2;87||9;132||2;185||9;200||5;312||1;317||3;328||1;393||10;696||1;705||5;727||5;794||3;800||1;802||9;807||4;808||2;910||1;1038||9;1048||4;1050||5;1051||8;1054||5;1195||1;1531||6;1596||3;1624||3;1750||5;1769||8;1776||2;1789||4;1797||7;1799||1;1804||5;2107||1;2112||6;2115||9;2118||4;2121||10;2126||8;2149||10;2292||3;2413||5;2473||8;2482||3;2484||4;2486||2;2489||1;2490##bad##normal##2016100756;1080;1007;53
2016383165;2015-12-20;22;15;true;1;908;9999;9999;Alliance##18;2;40##91698091;1762||114239371;1229||106863163;1284||108382060;1277||89407113;980##1;946;596;40;good;good;910##1;0;95;658;bad;bad;863##true;327##true;1135##true;1018##4;327||4;398||5;403||5;528||9;537||7;543||1;847||3;851||1;976||2;1033||2;1111||5;1135||4;1145||5;1264||4;1265||3;1274||9;1310||4;1331||5;1338||3;1340||1;1345##bad##normal##2016383165;1027;1060;61
2015945300;2015-12-20;35;15;false;1;796;994;9999;Alliance##10;18;17##91698091;1043||106863163;878||114239371;570||108382060;862||89407113;968##1;177;-42;411;good;perfect;1129##1;876;736;-295;bad;horrible;1029##true;48##true;1645##false;1922##4;48||4;466||1;606||6;632||3;692||5;813||4;919||2;926||6;944||5;945||7;948||8;948||6;1034||6;1254||5;1339||5;1645||7;1671||6;1671||6;1806||7;1807||8;1809||10;1813||6;1915||7;1966||9;2102||6;2105||7;2107||10;2110##bad##normal##2015945300;1088;999;54
2030735369;2015-12-26;46;15;false;1;1321;1195;659;EHOME##20;28;41##91698091;1283||106863163;814||108382060;1002||114239371;803||89407113;722##1;888;449;406;good;perfect;1070##1;974;433;-191;bad;horrible;991##true;2##true;777##true;1217##1;2||3;19||1;218||6;243||5;251||3;257||6;292||9;385||7;389||7;586||5;689||7;691||3;724||4;737||5;766||1;777||7;941||1;942||2;945||6;948||9;1019||1;1046||8;1066||4;1408||5;1424||10;1548||7;1555||1;1557||4;1560||5;1577||6;1702||4;1789||7;1968||6;1976||7;2002||10;2250||9;2260||3;2268||6;2271||7;2273||1;2274||8;2276||6;2522||10;2528||8;2533||7;2537||10;2744||7;2752||4;2760||6;2761||8;2763##normal##normal##2030735369;1034;1100;46
2029688671;2015-12-26;36;15;false;1;1066;699;9999;Vici Gaming##13;26;22##91698091;191||106863163;403||108382060;979||114239371;643||89407113;1135##1;344;433;-298;perfect;good;885##1;765;384;-462;horrible;bad;1072##false;155##true;1041##false;1591##2;70||7;155||7;199||4;201||3;308||3;461||3;539||9;619||3;650||1;696||5;708||10;718||6;722||4;725||4;898||2;899||8;899||7;900||6;922||1;1041||6;1043||10;1045||6;1153||6;1230||2;1258||8;1260||8;1334||7;1340||6;1358||7;1636||9;1648||4;1654||3;1657||10;1783||7;1784||8;1789||3;2061||7;2071||7;2170||8;2176||9;2179||6;2187##perfect##bad##2029688671;988;850;58
2060146450;2016-01-07;45;15;true;1;1050;1481;1369;TongFu##20;9;37##91698091;1346||106863163;1129||114239371;560||108382060;1715||89407113;764##1;1194;518;434;good;bad;1468##1;297;92;282;bad;good;1147##true;426##true;1725##true;1458##10;201||3;426||4;432||8;524||4;785||3;787||3;1076||5;1159||2;1168||4;1497||6;1501||3;1725||4;1725||8;1794||2;2069||6;2271||8;2420||3;2420||10;2441||2;2444||4;2447||1;2450||3;2450||7;2456||6;2474||5;2475||2;2484||3;2646||1;2667##normal##normal##2060146450;930;1000;53
2060213109;2016-01-07;36;15;true;1;1444;1528;9999;TongFu##23;19;46##91698091;1348||106863163;1594||108382060;1266||114239371;886||89407113;863##1;1599;159;1061;normal;bad;1141##1;174;344;-526;normal;good;1066##false;162##true;1016##true;750##6;162||1;205||3;215||7;218||1;359||2;507||9;602||6;694||2;897||3;920||6;957||2;958||7;958||1;960||3;960||10;961||7;969||8;1009||5;1016||10;1018||3;1025||2;1032||10;1258||6;1259||9;1388||3;1393||6;1397||2;1401||6;1464||3;1473||1;1559||7;1591||1;1714||6;1792||10;1813||3;1817||2;1818||4;1822||8;1864||5;1865||7;1871||9;1873||5;2081||3;2126||4;2149||2;2151||5;2153##normal##normal##2060213109;983;952;48
2060301497;2016-01-07;39;15;true;0;940;1120;9999;Invictus Gaming##19;11;41##91698091;774||106863163;1152||108382060;1776||114239371;865||89407113;1017##1;1217;355;190;normal;good;1103##1;446;405;323;normal;bad;1048##true;372##true;1788##false;995##6;115||1;298||6;372||3;594||10;639||5;846||1;851||2;867||6;876||4;1055||2;1257||8;1390||1;1418||10;1451||6;1461||7;1471||6;1581||5;1611||10;1611||4;1618||6;1788||9;1830||10;1833||10;1840||9;1945||10;1957||8;2192||6;2233||7;2239||10;2255||4;2263||9;2314##normal##normal##2060301497;1031;1000;48
2060377693;2016-01-07;48;15;true;0;994;1126;1092;Invictus Gaming##27;16;44##91698091;1059||106863163;1116||108382060;2210||114239371;760||89407113;616##1;972;553;157;bad;bad;1100##1;414;55;320;good;good;918##false;164##false;1294##false;1430##1;164||8;185||2;342||1;537||3;676||7;752||3;879||4;886||5;891||2;895||3;1000||6;1029||7;1190||6;1237||3;1294||2;1544||1;1640||6;1741||9;1755||2;1759||10;1762||8;1768||7;1787||8;1850||9;1977||6;2040||8;2267||6;2273||7;2277||9;2279||4;2348||7;2382||9;2415||1;2466||1;2592||9;2607||9;2691||6;2815||9;2854||8;2860||7;2880||10;2902||7;2907##normal##normal##2060377693;1079;1041;48
2062882855;2016-01-08;34;15;true;0;1162;1070;9999;iG.Vitality##19;13;31##91698091;808||106863163;1063||114239371;465||108382060;1989||89407113;1098##1;1078;292;666;normal;perfect;1160##1;876;504;-213;normal;horrible;847##true;53##false;1688##false;1009##6;53||6;217||6;287||7;686||1;821||8;826||5;828||8;958||10;1188||3;1284||5;1286||1;1288||10;1290||2;1294||3;1383||5;1394||9;1397||10;1407||3;1685||2;1688||9;1692||5;1699||6;1709||8;1718||6;1909||1;1927||3;1997||7;2010||6;2012||10;2019||8;2023||10;2045##normal##normal##2062882855;1127;1271;56
2062482167;2016-01-08;49;15;false;1;689;1397;969;Team FanTuan##15;25;26##91698091;827||106863163;917||114239371;785||108382060;998||89407113;750##1;583;248;440;normal;good;1162##1;666;423;-133;normal;bad;1095##true;336##false;1334##true;1184##4;336||3;363||7;399||8;599||6;802||6;917||7;990||2;994||5;1001||6;1085||2;1087||7;1089||1;1102||6;1321||4;1322||8;1332||5;1333||7;1334||2;1340||7;1354||7;1464||6;1567||10;2227||6;2283||3;2294||2;2302||9;2306||4;2614||5;2625||3;2627||7;2635||2;2642||8;2657||10;2664||6;2670||8;2864||9;2871||9;2924||10;2927||6;2927||7;2928##normal##bad##2062482167;1183;760;77
2062986571;2016-01-08;29;15;true;1;918;9999;9999;iG.Vitality##22;9;46##91698091;759||106863163;934||114239371;605||108382060;2490||89407113;1712##1;1025;740;430;good;horrible;1012##1;345;370;-40;bad;perfect;787##false;49##true;922##true;1445##10;49||6;83||6;237||4;522||8;699||2;702||2;710||5;725||7;729||4;732||8;903||5;909||1;911||4;912||2;912||3;922||6;1200||2;1205||4;1207||2;1225||1;1233||5;1236||4;1289||5;1468||2;1681||4;1682||5;1686||2;1687||6;1727||4;1734||5;1735||4;1760||3;1770||8;1773##bad##normal##2062986571;1106;1215;65
2062552528;2016-01-08;34;15;true;0;1258;1225;9999;Team FanTuan##26;11;62##91698091;1308||114239371;893||108382060;1507||106863163;1456||89407113;998##1;1010;696;355;good;bad;1173##1;310;115;-138;bad;good;845##false;152##true;1073##false;9999##4;152||5;194||3;199||10;249||10;312||7;327||1;379||7;457||8;489||3;521||8;537||9;610||2;666||3;795||9;803||8;889||7;890||1;960||7;1063||8;1073||1;1473||5;1474||9;1475||8;1475||6;1476||10;1479||7;1481||8;1547||6;1578||5;1579||7;1807||6;1813||8;1817||9;1964||6;2012||8;2024||7;2024||9;2038||10;2039##normal##normal##2062552528;1171;837;31
2065193805;2016-01-09;50;15;true;1;1019;969;1269;Newbee##18;16;53##91698091;568||106863163;1084||114239371;993||108382060;1663||89407113;782##1;702;486;961;normal;horrible;1092##1;741;423;640;normal;perfect;1367##false;49##false;1517##false;1627##6;49||7;210||6;267||5;361||6;384||5;483||9;705||7;786||3;894||5;990||2;1027||7;1226||4;1238||6;1359||4;1374||3;1381||1;1384||10;1387||7;1393||6;1517||9;1667||8;1843||1;1843||4;1845||2;1848||3;1849||8;2224||1;2287||10;2303||3;2307||5;2313||2;2328||9;2527||2;2632||5;2632||6;2912||3;2971||4;2983||2;2986##normal##nice##2065193805;1202;1112;45
2065752934;2016-01-09;33;15;true;1;1628;1157;9999;iG.Vitality##28;12;60##91698091;1205||106863163;1186||114239371;866||108382060;2519||89407113;1239##1;1475;551;580;perfect;good;913##1;83;251;126;horrible;bad;854##true;239##true;716##false;560##2;239||4;280||4;401||6;437||1;568||5;570||5;659||6;674||1;686||5;701||2;711||1;716||4;720||9;788||9;796||4;918||5;952||8;953||1;982||4;995||5;1150||9;1161||10;1182||8;1186||6;1191||1;1261||4;1265||3;1267||7;1524||1;1798||2;1823||10;1878||8;1885||5;1971||3;1995||1;1997||4;2000||5;2001||2;2005||10;2012||7;2014||3;2018##normal##normal##2065752934;1247;1199;47
2065112786;2016-01-09;32;15;false;1;1050;922;9999;Newbee##11;28;20##91698091;821||106863163;751||114239371;901||108382060;738||89407113;539##1;464;134;134;bad;bad;986##1;1589;526;343;good;good;1251##false;142##false;754##false;1214##6;142||8;245||4;247||6;256||10;270||3;283||7;308||6;430||5;536||2;553||9;556||3;556||1;557||4;559||7;564||9;664||10;697||9;754||8;756||6;760||7;761||10;763||9;928||5;937||4;1016||9;1018||6;1027||2;1319||10;1333||9;1365||6;1418||6;1617||10;1618||5;1671||8;1677||6;1940||10;1940||9;1949||8;1952||1;1959##normal##nice##2065112786;1294;1067;72
2065046175;2016-01-09;26;15;true;1;936;9999;9999;Newbee##16;4;35##91698091;1155||106863163;1207||108382060;1884||114239371;926||89407113;766##1;1280;159;874;good;normal;1022##1;480;314;-107;bad;bad;974##false;533##true;1392##true;1362##1;409||1;533||9;582||2;604||7;656||6;658||10;675||3;878||2;965||5;1051||2;1058||4;1065||1;1084||5;1262||3;1392||3;1504||2;1552||1;1564||5;1581||3;1593||4;1596##normal##nice##2065046175;1222;1139;50
2065614124;2016-01-09;39;15;true;0;971;1332;9999;iG.Vitality##30;24;71##91698091;961||106863163;1291||114239371;1065||108382060;1613||89407113;1113##1;1002;179;1259;bad;good;1125##1;806;634;196;good;bad;1105##true;112##false;798##false;1172##8;112||6;300||2;315||10;316||1;398||8;405||10;430||5;586||2;626||8;630||3;633||5;638||8;782||4;786||1;786||3;793||5;798||1;840||9;848||10;911||1;997||8;1002||7;1003||3;1004||5;1006||2;1347||9;1347||3;1351||5;1552||3;1565||7;1686||9;1690||8;1694||6;1745||1;1755||10;1889||7;1898||1;1898||8;1902||9;1908||6;2122||2;2123||7;2125||10;2141||8;2216||4;2219||5;2226||6;2227||7;2234||9;2262||9;2341||4;2352||10;2354||7;2355||5;2357||6;2360||8;2363##normal##normal##2065614124;1272;1204;47
2081957054;2016-01-16;50;15;true;0;992;1369;1128;Evil Geniuses##23;25;48##91698091;1095||106863163;1285||108382060;1565||114239371;850||89407113;892##1;971;501;1011;bad;normal;1534##1;621;-128;567;good;bad;1198##true;374##false;1349##true;806##7;374||2;378||1;435||8;488||4;634||2;816||9;818||8;821||5;821||10;830||4;833||2;880||5;891||1;896||4;1111||9;1268||1;1349||6;1459||2;1468||4;1471||5;1471||7;1551||6;1566||1;1820||10;2031||1;2040||7;2044||6;2048||8;2049||9;2053||5;2067||4;2067||1;2533||9;2535||4;2540||2;2544||3;2547||1;2753||6;2766||10;2783||8;2814||1;2822||9;2823||8;2976||7;2977||9;2985||4;2987||6;2987||2;2988||10;3003##normal##normal##2081957054;1319;1219;45
2081841527;2016-01-16;34;15;false;1;872;1076;9999;Evil Geniuses##9;26;20##91698091;878||106863163;916||114239371;753||108382060;847||89407113;419##1;609;527;456;bad;bad;1088##1;1266;370;1208;good;good;1126##false;377##false;1216##true;1643##6;169||6;377||8;393||10;399||2;412||4;623||2;716||8;766||6;771||9;778||7;781||6;870||1;886||9;1075||2;1214||6;1216||10;1225||3;1225||9;1230||8;1255||10;1762||5;1762||6;1762||8;1863||3;1881||7;1885||9;1887||10;1901||9;1926||8;1926||6;1933||7;1975||2;2026||10;2026||6;2027||9;2027##normal##normal##2081841527;1364;1174;58
2082106725;2016-01-16;30;15;false;1;673;804;9999;Evil Geniuses##8;27;18##91698091;658||106863163;917||114239371;836||108382060;712||89407113;375##1;168;641;-760;horrible;horrible;933##1;1962;118;1144;perfect;perfect;1131##false;51##false;862##false;1163##9;51||9;101||9;251||9;360||5;369||8;466||10;524||5;685||8;692||2;703||10;824||1;854||7;859||6;862||8;867||10;991||2;1013||1;1016||4;1026||6;1222||2;1254||8;1481||10;1534||9;1557||6;1566||7;1621||8;1623||10;1624||9;1627||6;1636||7;1786||6;1786||10;1789||9;1798||8;1801##nice##nice##2082106725;1306;1232;63
2112812155;2016-01-29;26;15;false;1;811;9999;9999;OG Dota2##3;22;6##91698091;438||106863163;694||114239371;513||108382060;800||89407113;950##1;494;659;-182;horrible;bad;1084##1;1269;-54;467;perfect;good;1100##false;33##false;670##false;845##6;33||4;72||6;150||6;169||6;346||10;381||1;411||5;412||9;473||2;636||7;638||8;644||10;650||6;670||6;819||7;860||10;864||6;1284||1;1494||6;1498||10;1499||8;1502||7;1513||5;1514||9;1523||8;1540||10;1552||6;1556##normal##normal##2112812155;1243;1168;63
2112955180;2016-01-29;64;15;false;1;1111;1195;731;OG Dota2##14;13;18##91698091;964||106863163;819||114239371;589||108382060;1289||89407113;800##1;985;611;476;normal;good;1331##1;642;-57;-344;normal;bad;1318##false;126##false;2612##true;1024##2;62||6;126||1;158||7;159||2;163||5;242||2;1086||5;1125||1;1391||6;1653||10;2190||7;2217||10;2339||6;2346||7;2355||8;2362||4;2366||1;2372||3;2384||2;2388||8;2612||3;2946||1;2960||8;3630||9;3636||10;3641||3;3686||2;3842||10;3843||9;3853||2;3853##normal##normal##2112955180;1180;1231;47
2115832770;2016-01-30;40;15;true;1;905;1287;9999;Evil Geniuses##27;18;71##91698091;881||106863163;1203||114239371;1060||108382060;1076||89407113;1040##1;516;740;-756;normal;bad;992##1;821;-7;370;normal;good;1145##true;215##true;1022##true;1062##7;73||2;215||1;343||8;357||6;367||9;376||3;496||5;558||1;566||6;575||9;650||2;724||7;798||6;925||4;1011||6;1012||2;1017||5;1020||3;1022||1;1030||7;1031||4;1039||6;1124||1;1633||8;1651||5;1654||4;1657||3;1670||2;1673||1;1683||10;1789||6;1796||7;1801||9;1808||9;1817||6;1936||8;1953||4;2219||2;2220||1;2225||5;2267||1;2396||2;2398||3;2399||5;2407||4;2417##perfect##nice##2115832770;1133;1241;54
2114744832;2016-01-30;26;15;false;0;652;9999;9999;Newbee##5;21;10##91698091;1187||106863163;670||114239371;695||108382060;774||89407113;507##1;249;479;-442;bad;bad;887##1;1576;30;548;good;good;1014##false;197##false;934##false;722##1;197||1;257||6;290||3;430||1;466||9;629||3;793||5;807||1;844||2;857||4;891||5;934||3;936||2;940||6;942||9;1103||3;1106||7;1114||5;1117||2;1236||4;1357||1;1388||2;1460||5;1461||5;1593||4;1599##perfect##normal##2114744832;1187;1224;53
2116001889;2016-01-30;23;15;false;1;743;9999;9999;Evil Geniuses##7;28;17##91698091;508||106863163;864||114239371;631||108382060;834||89407113;732##1;0;-99;-801;horrible;good;817##1;1574;993;1049;perfect;bad;1170##true;88##false;905##false;856##3;88||6;229||6;284||4;301||2;367||7;376||10;380||6;436||4;493||7;496||10;501||9;528||8;557||10;793||4;795||8;799||10;905||6;912||9;971||10;976||2;992||1;1025||8;1119||6;1127||8;1130||2;1158||6;1215||8;1226||9;1235||8;1270||10;1341||8;1347||6;1376||8;1394||4;1397||10;1400||9;1408##perfect##normal##2116001889;1134;1219;50
2115601185;2016-01-30;50;15;false;0;1074;1426;786;Evil Geniuses##17;24;31##91698091;605||106863163;1032||108382060;1103||114239371;786||89407113;862##1;1409;743;372;good;good;1000##1;735;-111;58;bad;bad;1175##true;131##true;1520##true;1091##7;131||1;194||8;260||5;285||7;329||5;330||8;374||1;384||7;493||5;547||6;557||1;626||5;677||3;864||7;1071||6;1330||6;1420||6;1520||7;1525||1;1615||6;1973||8;2007||1;2010||10;2013||5;2025||6;2429||4;2447||1;2451||8;2467||5;2470||2;2475||2;2483||1;2539||1;2672||3;2677||4;2680||4;2728||6;2729||4;3001||1;3004||2;3009||5;3011##perfect##normal##2115601185;1084;1195;44
2114632374;2016-01-30;32;15;true;1;665;1488;9999;Newbee##21;7;56##91698091;1093||106863163;1414||108382060;893||114239371;1008||89407113;1229##1;434;160;504;good;bad;1131##1;284;631;-370;bad;normal;801##false;802##true;1677##true;1318##9;802||1;892||3;894||2;1097||5;1103||8;1110||1;1111||5;1124||10;1124||2;1332||1;1669||2;1673||5;1677||6;1682||4;1683||3;1688||3;1770||1;1778||10;1783||2;1799||5;1883||1;1915||3;1919||8;1919||2;1922||5;1924||6;1925||4;1928##perfect##normal##2114632374;1040;1277;61
2114856246;2016-01-30;30;15;true;0;1164;1847;9999;Newbee##24;9;47##91698091;1436||106863163;1291||108382060;1491||114239371;1358||89407113;943##1;1352;261;474;good;bad;952##1;506;493;614;bad;bad;750##true;280##true;940##true;750##7;280||10;281||4;352||9;369||4;447||3;621||1;667||10;682||6;700||10;813||3;912||10;913||7;918||8;925||4;927||2;929||9;940||6;941||6;1112||8;1116||7;1271||5;1275||9;1283||8;1291||6;1292||10;1296||7;1375||8;1381||4;1599||10;1706||7;1779||5;1807||6;1811||8;1813##perfect##normal##2114856246;1101;1216;66
2181195992;2016-02-27;52;15;true;1;1244;1113;1240;Newbee##24;15;43##91698091;979||106863163;1169||108382060;1208||114239371;1053||89407113;698##1;829;289;447;good;good;1264##1;611;354;-339;bad;bad;1214##false;275##true;1240##true;951##1;188||6;275||4;300||8;416||1;473||3;489||2;505||6;637||5;642||10;648||1;650||5;751||3;756||10;804||8;1144||5;1219||4;1240||10;1382||1;1393||5;1396||5;1470||8;1497||5;1764||1;1883||5;1947||6;2165||8;2206||2;2353||5;2443||6;2444||2;2447||9;2450||10;2487||3;2529||1;2531||1;3060||5;3062||6;3092||10;3092||3;3107##normal##normal##2181195992;1167;1150;49
2181038082;2016-02-27;43;15;true;0;1110;1362;9999;Newbee##32;16;64##91698091;1417||106863163;1273||114239371;996||108382060;1614||89407113;1003##1;1062;535;75;normal;perfect;1152##1;330;222;-405;normal;horrible;1136##true;60##false;710##true;1634##7;60||7;197||1;201||3;252||9;369||2;434||8;436||6;437||4;453||5;520||2;528||8;662||4;662||10;668||3;688||5;699||6;701||9;709||1;710||10;718||8;900||6;911||9;923||3;1027||10;1030||10;1178||8;1179||10;1231||2;1241||6;1241||3;1257||8;1261||9;1270||8;1384||6;1420||5;1488||7;1499||4;1520||6;1871||9;1947||10;2155||8;2209||8;2401||3;2407||9;2408||8;2572||9;2577||6;2580||10;2583||7;2586##normal##normal##2181038082;1216;1148;47
2181130001;2016-02-27;21;15;false;1;850;9999;9999;Newbee##8;27;20##91698091;971||106863163;772||114239371;1086||108382060;858||89407113;907##1;111;-244;-509;horrible;bad;768##1;810;873;817;perfect;good;1096##false;93##false;406##false;956##6;93||8;109||6;206||8;240||5;246||7;279||10;311||4;317||9;357||4;363||2;369||10;370||8;373||7;406||9;418||8;524||5;524||1;527||10;629||4;642||2;644||6;760||8;857||9;868||10;872||6;876||7;960||9;960||8;970||6;973||6;1144||7;1217||4;1220||8;1224||6;1231||9;1233##normal##normal##2181130001;1263;1101;68
2181823003;2016-02-27;75;15;true;0;990;1132;957;OG Dota2##33;31;87##91698091;1297||106863163;1017||114239371;1242||108382060;1024||89407113;828##1;990;550;402;normal;bad;1414##1;946;-11;1247;normal;good;907##false;185##false;1295##false;580##4;185||10;231||7;372||3;405||3;479||2;505||1;572||10;580||4;648||7;658||2;683||2;789||9;790||7;793||3;797||8;803||1;814||9;820||10;962||4;1295||4;1483||5;1500||10;1509||2;1509||3;1513||10;1757||4;1760||9;1775||6;1785||1;2053||8;2071||6;2081||9;2087||10;2108||8;2259||2;2294||7;2296||1;2308||8;2704||2;2713||10;2726||4;2728||6;2733||8;2741||10;2872||10;3032||2;3262||5;3273||9;3275||6;3280||4;3284||7;3288||1;3604||6;3656||9;3658||7;3659||8;3668||10;3966||1;4000||2;4002||3;4018||8;4303||3;4304||5;4309||7;4310||9;4312||10;4470||9;4525||2;4539||4;4540##normal##normal##2181823003;1195;1159;48
2182565525;2016-02-27;28;15;true;0;1366;9999;9999;Newbee##24;11;51##91698091;1553||106863163;1523||114239371;1229||108382060;1445||89407113;1093##1;1298;948;189;perfect;bad;938##1;508;157;-516;horrible;good;1022##false;204##true;971##true;1572##1;204||6;250||8;259||10;409||5;501||9;506||7;507||2;582||7;653||7;814||5;817||3;819||6;819||9;822||9;880||3;968||6;971||8;974||5;980||1;984||2;1061||6;1073||2;1279||8;1286||7;1292||10;1295||6;1458||10;1522||7;1596||6;1596||10;1656||6;1656||5;1663||7;1667||9;1671||8;1675##normal##normal##2182565525;1243;1210;48
2182047120;2016-02-27;39;15;false;1;1222;1078;9999;OG Dota2##22;25;56##91698091;1345||106863163;879||114239371;1031||108382060;1406||89407113;833##1;634;119;209;normal;perfect;938##1;834;398;868;normal;horrible;1046##true;83##true;1125##true;860##4;83||4;220||10;222||5;369||1;492||5;517||10;577||10;778||6;782||3;819||8;893||1;898||5;899||6;902||2;906||9;912||8;1058||4;1125||7;1133||2;1137||8;1140||6;1144||5;1242||1;1245||10;1315||7;1330||8;1338||9;1389||2;1390||3;1403||1;1539||2;1542||9;1543||10;1723||2;1728||4;1732||10;1879||4;1993||9;2114||2;2278||1;2282||6;2284||10;2293||9;2294||8;2297||8;2339||7;2344||9;2346||3;2357##normal##normal##2182047120;1291;1111;58
2182314158;2016-02-27;58;15;true;1;845;1288;1007;Newbee##25;7;42##91698091;1160||106863163;1541||114239371;750||89407113;780||108382060;1415##1;558;522;748;good;bad;1398##1;2052;-148;120;bad;good;1226##false;90##true;1284##false;1044##6;90||4;109||2;133||2;255||9;528||3;579||5;631||7;765||6;996||2;1124||1;1160||5;1186||3;1277||1;1284||8;1388||8;1548||5;1745||4;1847||5;2375||4;2930||3;2939||2;2972||1;2976||3;3035||3;3099||4;3104||5;3109||5;3384||1;3398||4;3430||2;3435||3;3494||8;3505##nice##normal##2182314158;1233;1162;46
2181696818;2016-02-27;31;15;false;0;958;829;9999;OG Dota2##6;28;13##91698091;683||106863163;611||114239371;869||108382060;917||89407113;574##1;865;-209;-190;bad;bad;857##1;409;991;1191;good;good;1228##false;76##false;1025##false;851##5;76||10;137||1;169||6;189||9;247||2;269||5;387||10;428||6;551||1;679||2;871||3;874||5;888||1;895||4;1025||5;1066||2;1073||2;1391||5;1546||6;1552||4;1555||1;1561||3;1574||5;1634||1;1640||9;1641||8;1646||3;1693||6;1712||5;1803||2;1806||3;1881||2;1885||4;1887||5;1888||1;1890||2;1899##normal##normal##2181696818;1279;1207;63
2191441268;2016-03-02;23;15;false;1;696;9999;9999;MVP Phoenix##4;18;7##91698091;749||106863163;533||114239371;589||108382060;474||89407113;819##1;0;538;82;bad;bad;826##1;2135;686;308;good;good;936##false;253##false;1086##false;902##7;253||8;276||7;363||5;366||10;373||6;407||5;714||2;731||7;750||10;785||6;862||9;1045||8;1086||7;1128||9;1133||1;1134||6;1151||6;1278||9;1331||10;1334||6;1338||7;1338##normal##normal##2191441268;1216;1400;46
2191531548;2016-03-02;27;15;false;0;716;9999;9999;MVP Phoenix##14;25;32##91698091;1191||106863163;1386||114239371;999||108382060;817||89407113;1130##1;80;444;282;bad;perfect;798##1;1590;488;-77;good;horrible;705##true;59##false;977##false;566##8;59||6;162||6;306||3;411||5;610||1;693||9;720||4;725||10;913||5;918||1;921||7;937||2;963||8;963||4;970||5;972||3;977||10;1053||4;1057||1;1065||5;1070||3;1074||2;1124||4;1180||3;1186||5;1341||1;1350||3;1356||5;1388||4;1394||10;1397||7;1399||6;1400||9;1414||10;1560||3;1567||4;1571||1;1609||9;1619##perfect##perfect##2191531548;1170;1446;38
2193849107;2016-03-03;43;15;false;0;1067;1043;9999;compLexity Gaming##17;27;41##91698091;1330||106863163;1169||108382060;1036||114239371;740||89407113;1019##1;1030;566;326;normal;good;1150##1;1193;-215;328;normal;bad;975##true;90##true;1166##false;1561##7;90||3;192||1;249||6;348||10;356||4;428||2;429||9;486||10;613||10;696||4;713||1;997||9;1004||5;1014||10;1017||2;1030||6;1034||1;1158||9;1160||10;1166||3;1323||1;1499||3;1507||5;1509||2;1510||4;1513||9;1514||4;1679||7;1845||10;1957||5;2114||7;2118||2;2121||3;2128||9;2310||10;2319||8;2409||2;2412||3;2413||4;2566||1;2588||1;2596||3;2598||5;2599||7;2600||2;2604##normal##normal##2193849107;1132;1222;46
2260180768;2016-03-30;37;15;false;1;1448;1237;9999;iG.Vitality##26;15;65##98887913;1462||89598554;847||106863163;1849||89407113;1135||130416036;1367##1;1231;721;1184;good;perfect;1243##1;1259;41;-163;bad;horrible;902##false;165##true;1465##true;727##1;52||5;75||5;165||2;249||5;285||10;550||3;578||4;582||6;632||6;746||2;779||9;898||7;931||6;1013||5;1400||3;1403||7;1404||2;1414||6;1414||1;1465||4;1471||3;1477||5;1483||9;1528||10;1567||6;1570||7;1596||3;1788||7;1793||2;1807||5;1814||7;1953||3;1958||6;1958||4;1964||5;1965||2;1972||5;2197||2;2198||3;2199||1;2210||3;2258##bad##normal##2260180768;1086;1055;51
2260087176;2016-03-30;15;15;true;1;2451;9999;9999;iG.Vitality##22;3;34##98887913;1376||106863163;1411||89407113;1252||130416036;1972||89598554;2358##1;1986;991;1299;perfect;good;1025##1;214;-184;-798;horrible;bad;651##true;155##true;555##true;653##1;155||5;259||1;295||4;299||5;336||1;369||5;405||2;458||6;470||1;498||6;550||4;555||1;559||2;560||2;680||4;746||8;746||3;750||1;754||5;781||1;843||3;898||4;911||2;913||1;920##bad##normal##2260087176;1035;1106;64
2262015175;2016-03-31;36;15;false;1;1082;826;9999;CDEC.Youth##12;28;36##98887913;890||89598554;901||106863163;871||130416036;741||89407113;856##1;172;125;422;normal;good;1088##1;690;539;-710;normal;normal;1020##true;64##false;913##false;1904##3;64||6;72||6;152||8;204||2;234||8;316||10;323||2;338||4;339||3;401||10;402||5;554||3;565||9;616||6;620||3;626||8;630||9;782||5;889||7;902||9;906||10;913||6;913||2;913||8;926||3;1073||4;1083||1;1258||9;1317||10;1319||5;1320||8;1342||10;1480||10;1691||8;1733||7;1810||10;2153||7;2153||9;2158||6;2165||9;2180##perfect##perfect##2262015175;1099;1158;47
2262395818;2016-03-31;23;15;true;0;1234;9999;9999;EHOME##23;10;52##98887913;1809||89598554;1164||106863163;1212||130416036;1867||89407113;1204##1;1338;216;571;good;bad;958##1;74;473;49;bad;good;801##false;169##true;931##true;1277##3;169||6;191||10;198||1;222||7;362||2;446||10;451||9;463||5;463||3;602||7;661||3;797||8;799||8;908||10;926||7;931||6;973||5;1034||9;1036||2;1038||8;1041||10;1045||4;1052||7;1052||2;1129||8;1139||10;1211||9;1218||8;1334||6;1369||9;1375||10;1377||7;1380##normal##normal##2262395818;1052;1222;69
2261825015;2016-03-31;33;15;false;1;846;972;9999;CDEC.Youth##10;20;25##98887913;825||89407113;830||106863163;983||89598554;729||130416036;772##1;164;508;502;bad;good;1222##1;1329;86;176;good;bad;1061##true;128##false;1509##false;1395##5;128||4;228||8;288||6;439||1;445||7;531||9;537||6;543||9;653||4;823||10;858||1;865||4;1098||3;1109||6;1359||10;1506||7;1508||6;1509||7;1630||6;1641||3;1716||5;1720||4;1763||8;1770||10;1778||7;1780||6;1998||7;1999||8;2001||10;2006##normal##nice##2261825015;1121;1205;46
2262268980;2016-03-31;35;15;true;1;1334;1164;9999;EHOME##32;14;86##98887913;1120||89598554;1469||106863163;1367||130416036;1521||89407113;1537##1;701;33;158;perfect;bad;853##1;575;336;138;horrible;good;893##false;56##true;777##true;1428##6;56||3;150||6;310||4;316||2;320||5;335||10;596||2;598||4;605||1;615||4;695||5;769||2;770||4;777||1;783||3;856||4;859||6;864||2;866||5;878||9;957||8;959||6;966||10;970||7;973||2;1190||4;1195||6;1203||7;1224||3;1265||1;1500||3;1503||5;1504||4;1507||1;1811||6;1923||10;1938||4;1939||2;1947||3;1955||5;1956||1;1965||6;2093||4;2099||3;2107||1;2113||2;2116||5;2124##normal##normal##2262268980;1075;1153;53
2261916819;2016-03-31;39;15;true;0;1308;1025;9999;CDEC.Youth##24;13;60##98887913;1226||130416036;1687||106863163;1442||89598554;796||89407113;1149##1;828;489;692;perfect;good;1115##1;343;194;-390;horrible;bad;1019##true;279##true;905##false;1378##9;269||8;279||9;362||10;368||8;384||10;470||1;481||2;620||7;626||1;651||7;687||6;819||9;822||4;830||8;833||7;905||10;913||3;1057||10;1149||5;1224||4;1224||3;1240||7;1343||10;1358||5;1359||4;1365||1;1365||6;1603||7;1603||1;1841||6;1849||8;1862||7;1902||3;2058||4;2061||9;2065||6;2066||7;2071||8;2074||6;2341||10;2353##normal##nice##2261916819;1128;1327;58
2269762448;2016-04-03;36;15;true;1;1982;1350;9999;Newbee##37;14;75##98887913;1089||89598554;1445||106863163;1384||130416036;2218||89407113;1069##1;1681;549;749;normal;good;1291##1;539;474;48;normal;bad;938##true;144##true;591##true;577##5;144||8;221||1;263||7;319||1;327||1;387||6;402||5;405||2;418||7;442||6;448||9;458||2;458||4;461||10;580||1;582||6;583||4;591||1;660||5;708||2;710||3;719||6;1218||2;1218||10;1231||3;1232||5;1249||3;1362||2;1364||1;1366||4;1367||8;1515||9;1524||6;1597||1;1600||1;1756||4;1759||2;1760||3;1763||1;1830||2;1866||6;1890||5;1916||5;2017||7;2037||3;2147||1;2149||9;2174||5;2189||4;2189||3;2191||2;2193||1;2197##bad##normal##2269762448;1186;1125;52
2270057131;2016-04-03;60;15;false;1;865;1359;948;Newbee##23;27;68##98887913;1220||89598554;1374||106863163;967||130416036;1009||89407113;731##1;685;237;272;normal;bad;1084##1;1185;140;596;normal;normal;1617##false;378##true;1356##true;935##6;378||5;506||4;517||7;640||6;652||9;654||10;787||1;803||7;825||2;827||3;837||2;957||8;995||8;1003||1;1056||2;1175||3;1344||6;1346||1;1356||4;1359||1;1691||2;2135||5;2166||1;2219||7;2225||9;2242||4;2602||10;2611||3;2614||5;2626||9;2696||10;2855||6;2857||7;2990||1;2991||9;3000||10;3003||2;3216||3;3223||1;3224||8;3225||2;3445||10;3454||8;3460||9;3462||7;3474||3;3502||6;3521||6;3544||10;3627||8;3631||9;3639##bad##normal##2270057131;1238;1073;57
2269916277;2016-04-03;29;15;false;0;906;9999;9999;Newbee##10;18;23##98887913;1395||106863163;969||130416036;1059||89598554;675||89407113;1002##1;326;85;240;normal;bad;1027##1;1330;516;-270;normal;good;882##false;-41##false;1330##false;1251##4;41||6;279||1;285||7;409||6;416||9;421||7;594||5;605||1;650||4;791||8;1026||7;1032||3;1160||9;1164||2;1175||6;1176||5;1187||4;1293||1;1330||1;1467||7;1472||9;1474||4;1475||1;1650||5;1702||5;1735||1;1739||3;1741||4;1743##bad##normal##2269916277;1181;1130;52
2271813303;2016-04-04;28;15;false;1;810;9999;9999;EHOME##12;25;24##98887913;1277||89598554;897||106863163;469||89407113;670||130416036;467##1;0;661;-658;horrible;good;715##1;1294;-231;929;perfect;bad;1070##true;122##false;753##true;9999##3;122||6;145||2;153||8;166||5;222||9;306||10;344||8;359||4;413||5;522||6;608||9;612||4;619||8;634||7;705||10;753||6;758||4;763||1;765||8;845||10;974||2;994||1;1008||10;1263||1;1266||9;1274||4;1366||4;1454||6;1483||9;1485||7;1494||8;1498||10;1508||7;1668||9;1675||6;1684||10;1685||8;1690##perfect##perfect##2271813303;1129;1389;42
2271901701;2016-04-04;24;15;false;0;729;9999;9999;EHOME##7;27;13##98887913;884||106863163;708||89598554;1185||130416036;385||89407113;531##1;291;216;-258;horrible;normal;961##1;1479;888;1015;perfect;normal;1041##false;164##false;563##false;1039##2;164||9;165||1;188||9;283||2;291||4;326||4;392||9;393||5;394||2;419||1;548||5;561||4;563||2;643||5;703||7;706||1;706||4;716||2;731||8;858||2;863||5;863||3;866||1;868||5;1062||4;1190||8;1207||5;1287||3;1298||4;1357||9;1388||1;1437||5;1439||4;1439##perfect##perfect##2271901701;1087;1482;33
2275615360;2016-04-06;24;15;true;0;1451;9999;9999;We.are.young##24;7;54##98887913;1684||89598554;1391||106863163;1132||130416036;1596||89407113;1207##1;1431;539;669;good;bad;1131##1;0;272;-163;bad;normal;892##false;519##true;1137##false;9999##1;519||4;557||8;623||4;657||9;660||8;701||3;820||7;830||9;836||8;838||6;838||10;838||10;904||8;912||8;1137||7;1137||6;1144||3;1222||10;1230||6;1251||7;1255||8;1260||8;1367||6;1368||7;1378||9;1383||6;1433||3;1443||7;1446||9;1454||2;1454||10;1466##bad##bad##2275615360;1054;725;28
2276305563;2016-04-06;43;15;true;0;1055;1067;9999;the wings gaming##35;24;82##98887913;1401||106863163;1233||130416036;1171||89598554;899||89407113;1479##1;593;387;291;normal;horrible;911##1;610;431;-401;normal;perfect;931##true;103##true;914##false;1301##3;67||4;74||9;103||7;193||9;214||6;227||7;253||10;266||9;270||5;422||3;465||6;499||5;504||1;510||6;745||3;867||9;914||5;917||10;919||4;1081||9;1082||1;1086||2;1098||10;1099||8;1112||3;1121||3;1401||9;1407||10;1415||4;1417||1;1427||2;1490||4;1520||9;1524||8;1525||6;1600||9;1733||10;1740||8;1788||2;1796||4;1802||3;1817||1;1820||9;2169||1;2169||8;2179||4;2190||6;2192||7;2203||10;2264||3;2296||8;2296||7;2299||9;2301||7;2550||9;2552||10;2557||7;2567||8;2570||6;2573##bad##normal##2276305563;1082;1152;53
2275976973;2016-04-06;71;15;false;0;1008;821;740;Invictus Gaming##31;41;63##98887913;534||89598554;947||106863163;718||89407113;702||130416036;1274##1;383;345;603;normal;perfect;1003##1;1033;200;3;normal;horrible;810##true;65##false;1079##false;1193##6;64||8;65||8;139||6;390||1;533||4;534||3;540||9;720||10;721||3;724||2;724||7;728||8;732||9;845||3;890||2;1057||1;1068||3;1078||4;1079||3;1249||4;1254||2;1255||10;1312||4;1600||4;1696||2;1717||9;1718||8;2149||8;2237||1;2535||5;2537||2;2538||1;2546||8;2575||1;2685||4;2739||4;2862||8;2874||10;2874||5;2877||2;3168||1;3272||10;3280||9;3286||8;3302||6;3322||7;3330||5;3400||2;3424||8;3590||10;3699||1;3863||1;3883||4;3885||2;3891||8;3907||3;3967||6;4045||1;4047||3;4062||5;4063||6;4088||4;4104||3;4105||9;4111||8;4113||7;4128||4;4161||5;4162||10;4162||2;4181||3;4255||10;4263||1;4271||7;4273##nice##normal##2275976973;1135;1027;55
2276191055;2016-04-06;26;15;true;1;1307;9999;9999;the wings gaming##33;10;76##98887913;1459||130416036;2073||106863163;1215||89407113;1116||89598554;1776##1;1025;1144;119;good;bad;901##1;182;55;-699;bad;good;686##true;218##true;816##true;9999##10;133||3;218||7;256||3;256||1;286||5;325||6;401||4;402||9;492||2;673||6;675||10;688||5;783||3;794||4;796||6;803||5;816||2;826||4;854||5;896||9;941||1;950||3;960||5;960||8;965||4;966||2;978||4;1034||3;1044||2;1054||4;1103||5;1211||4;1221||1;1227||2;1227||9;1417||4;1429||3;1435||2;1480||4;1483||3;1557||4;1558||2;1561||5;1568##bad##normal##2276191055;1080;1099;61
2275850886;2016-04-06;39;15;false;1;1251;1342;9999;Invictus Gaming##22;28;51##98887913;1242||89598554;572||106863163;951||89407113;1031||130416036;1440##1;1242;589;338;good;bad;1055##1;801;174;-249;bad;good;1079##false;162##true;795##true;979##9;162||8;210||3;271||8;329||3;345||9;351||1;462||9;585||4;589||5;593||2;595||6;775||5;777||2;777||1;780||3;795||6;819||2;820||4;823||10;826||5;832||6;886||2;1168||9;1290||5;1291||4;1293||10;1398||6;1403||7;1613||3;1659||8;1737||4;1801||9;1804||5;1805||6;1907||8;1910||7;1911||5;1912||10;1916||7;1976||6;2050||3;2070||7;2073||2;2078||9;2081||6;2125||9;2334||8;2337||7;2337||6;2346##nice##normal##2275850886;1141;1082;52
2275669408;2016-04-06;32;15;true;1;1653;1569;9999;We.are.young##30;23;47##98887913;2289||89598554;1061||106863163;1237||130416036;1682||89407113;761##1;1109;163;788;normal;good;1249##1;315;749;-415;normal;good;758##false;53##false;694##true;1193##2;50||8;53||4;55||10;133||8;155||7;164||8;203||5;278||8;285||3;380||1;381||6;386||3;458||10;608||4;620||6;639||5;639||1;683||8;694||3;700||10;718||5;722||3;747||1;814||7;815||3;818||5;887||3;911||9;917||4;928||1;943||7;944||10;964||10;1076||8;1193||10;1205||2;1212||6;1213||9;1225||2;1298||3;1432||3;1534||10;1534||7;1537||5;1550||2;1605||3;1718||4;1722||6;1836||3;1840||1;1856||10;1926||5;1932||1;1933||2;1940||3;1945##normal##bad##2275669408;1089;697;21
2293597182;2016-04-14;59;15;true;0;770;1071;1012;Vega Squadron##32;31;77##98887913;1041||130416036;1173||89598554;1092||106863163;1057||89407113;856##1;671;927;375;bad;good;1294##1;928;255;645;good;bad;1044##true;84##false;1600##false;1008##6;84||1;466||5;505||5;628||2;630||4;790||2;792||9;867||5;914||6;917||1;917||8;930||10;1304||2;1313||6;1354||8;1460||2;1600||1;1662||6;1877||8;2038||3;2041||7;2048||6;2052||3;2189||4;2201||6;2204||2;2204||5;2207||6;2398||2;2522||7;2595||4;2643||5;2692||2;2723||9;2729||7;2734||6;2813||3;2917||2;2920||1;2927||8;2929||6;2942||9;2945||7;2946||4;2949||2;3093||4;3097||6;3100||8;3103||9;3149||6;3182||7;3186||10;3193||1;3194||3;3203||5;3333||3;3480||5;3481||8;3496||6;3502||7;3506||5;3566||9;3582||6;3585##nice##normal##2293597182;1110;1190;53
2293735220;2016-04-14;34;15;true;1;866;1374;9999;Vega Squadron##25;14;51##98887913;1175||89598554;1096||106863163;1441||130416036;1392||89407113;912##1;967;21;286;normal;normal;1029##1;707;313;1064;normal;good;705##false;120##true;1380##true;1049##6;120||3;125||10;241||4;304||4;400||7;401||10;404||3;451||10;463||6;470||7;671||8;674||5;761||3;767||4;792||4;1165||1;1340||3;1380||10;1384||5;1385||8;1392||5;1604||10;1612||1;1649||4;1649||4;1729||9;1734||1;1735||3;1735||6;1740||2;1743||4;1993||3;1997||7;2000||1;2046||4;2048||2;2055||5;2057||3;2063##normal##normal##2293735220;1163;1137;48
2296602401;2016-04-15;43;15;false;1;773;905;9999;Alliance##16;24;49##98887913;1208||89598554;1127||106863163;837||130416036;906||89407113;893##1;97;50;842;bad;normal;983##1;1679;299;387;good;normal;949##true;283##false;1050##false;1512##5;283||10;287||1;529||1;606||10;626||9;739||6;827||9;835||1;837||8;852||10;855||1;962||4;1020||6;1022||9;1042||7;1050||6;1330||7;1333||9;1337||5;1379||6;1739||3;1747||1;1753||3;1759||4;1776||10;1862||1;1926||4;2040||7;2041||6;2047||5;2049||10;2052||1;2055||2;2067||9;2257||10;2260||6;2286||8;2332||2;2347||4;2576||10;2578||6;2596##normal##normal##2296602401;1211;1439;40
2296754322;2016-04-15;37;15;true;1;1347;1432;9999;Alliance##37;13;88##98887913;1586||106863163;1421||89598554;1480||130416036;1252||89407113;1177##1;980;179;971;perfect;good;1083##1;539;280;-628;horrible;bad;853##true;138##true;692##true;1001##5;138||3;146||5;208||4;360||3;390||4;401||9;473||5;533||4;553||1;570||6;600||10;604||8;607||4;692||3;694||4;738||7;739||6;883||1;900||10;1007||2;1021||1;1027||9;1030||5;1043||3;1044||4;1045||5;1152||4;1187||9;1187||3;1240||4;1747||4;1819||6;1823||3;1833||2;1836||9;1838||7;1850||10;1863||4;1863||5;1901||9;1902||1;1903||4;1934||3;1937||2;2095||4;2097||10;2103||3;2104||5;2109||2;2218||4;2225||3;2226||1;2227||5;2231##normal##normal##2296754322;1171;1479;63
2296427900;2016-04-15;42;15;true;0;1102;1130;9999;Alliance##26;23;63##98887913;1044||89598554;1217||106863163;1306||130416036;1698||89407113;836##1;1010;368;-300;bad;horrible;1322##1;1897;-57;725;good;perfect;914##false;1##false;857##false;718##4;1||3;108||10;178||1;191||6;212||3;251||10;260||9;363||1;363||5;363||2;371||1;549||4;550||6;638||8;846||1;857||7;860||10;862||2;862||8;862||3;867||9;869||6;966||7;1019||5;1021||1;1025||10;1027||2;1030||5;1134||5;1349||8;1470||1;1745||7;1746||5;1750||8;1759||7;1850||3;1995||7;2005||5;2017||2;2023||4;2029||10;2081||6;2126||7;2134||9;2138||8;2435||7;2471||9;2471||6;2472||6;2483||8;2492##normal##normal##2296427900;1234;1416;57
2299658278;2016-04-16;14;15;false;1;9999;9999;9999;Natus Vincere##9;24;17##98887913;508||130416036;1262||106863163;492||89598554;792||89407113;1705##1;0;939;-742;bad;good;486##1;1374;-429;441;good;bad;719##true;143##false;545##false;693##5;143||8;233||9;251||1;254||10;259||6;312||7;376||2;376||6;377||10;414||3;424||5;464||7;464||4;495||7;522||8;545||9;609||4;612||8;613||7;613||1;613||2;624||6;624||10;634||8;719||10;721||9;725||1;725||7;727||6;728||6;821||4;827||8;832||7;832||10;837##normal##bad##2299658278;1291;1227;63
2299511198;2016-04-16;58;15;false;1;1119;875;982;Natus Vincere##25;36;63##98887913;937||89598554;974||106863163;755||130416036;845||89407113;897##1;278;918;196;bad;good;1401##1;664;-733;678;good;bad;1113##true;101##false;869##false;1252##5;101||1;217||8;223||5;226||8;302||6;364||5;386||9;492||8;493||7;497||6;503||6;572||6;645||4;645||8;671||3;681||1;686||4;746||5;775||1;869||9;869||6;872||8;878||7;882||2;924||4;932||1;1022||6;1066||10;1077||3;1343||1;1674||7;1678||9;1980||6;2032||3;2045||3;2056||2;2065||5;2069||10;2257||2;2258||7;2259||8;2264||8;2395||5;2395||1;2395||4;2400||7;2515||7;2645||6;2647||9;2650||10;2653||5;2840||2;2861||1;2866||1;3280||9;3280||10;3282||8;3287||7;3507||6;3508||6;3518||9;3524||8;3527##bad##bad##2299511198;1228;1290;47
2301270577;2016-04-17;55;15;true;0;891;917;1039;Vici_Gaming Reborn##35;25;99##98887913;952||89598554;1004||106863163;1287||130416036;2034||89407113;1084##1;530;675;322;bad;good;1247##1;1969;410;598;good;bad;842##true;237##false;1278##false;793##10;237||5;371||1;373||9;426||9;520||7;613||3;672||9;674||2;681||1;959||2;972||3;1060||1;1076||1;1274||3;1278||7;1285||8;1293||9;1298||9;1411||9;1418||10;1578||7;1585||6;1607||9;1994||2;2008||1;2207||6;2210||8;2211||10;2217||9;2218||8;2225||5;2365||10;2381||1;2498||2;2499||4;2501||7;2511||10;2517||8;2525||1;2773||10;2785||3;2785||8;2789||5;2794||9;2797||1;2946||5;2948||4;2962||6;2979||7;3095||3;3097||2;3099||10;3105||6;3116||9;3117||8;3124||7;3203||10;3260||9;3263||6;3312||8;3318||1;3322||7;3328##bad##normal##2301270577;1181;1541;65
2301479595;2016-04-17;31;15;false;1;1170;685;9999;Vici_Gaming Reborn##11;26;17##98887913;698||106863163;540||89598554;1019||89407113;795||130416036;827##1;545;265;438;normal;normal;825##1;531;620;766;normal;normal;1133##true;104##false;1103##false;905##7;104||5;104||7;184||5;209||6;501||7;544||1;601||2;621||7;621||9;689||5;691||2;705||4;711||2;781||4;783||9;905||9;1090||6;1097||10;1103||8;1110||1;1187||9;1196||10;1197||2;1199||7;1205||8;1218||6;1382||3;1450||9;1474||8;1475||10;1479||6;1488||3;1711||9;1713||6;1816||7;1875||6;1888||8;1902||9;1903##bad##normal##2301479595;1246;1476;44
2301627120;2016-04-17;48;15;false;1;810;993;913;Vici_Gaming Reborn##15;31;34##98887913;761||89598554;911||106863163;828||130416036;865||89407113;743##1;143;203;-123;normal;horrible;948##1;1058;473;1481;normal;perfect;987##false;90##false;1430##true;1137##7;90||9;98||9;265||10;269||10;359||8;369||5;369||1;378||4;390||8;496||2;525||4;662||9;730||8;800||1;832||5;996||5;1428||6;1430||10;1552||6;1554||8;1736||6;1775||7;1783||10;1785||4;1883||9;1892||5;1894||7;1896||8;1897||10;1903||1;2112||4;2118||1;2326||3;2328||9;2329||5;2330||2;2348||6;2544||10;2545||4;2549||9;2550||5;2630||7;2631||6;2632||8;2751||6;2822||9;2870||7;2896||10;2899##bad##normal##2301627120;1202;1541;35
2305177019;2016-04-19;43;15;false;1;940;1115;9999;iG.Vitality##10;25;26##98887913;992||89598554;577||106863163;1151||130416036;529||89407113;949##1;498;276;494;bad;perfect;1111##1;853;475;499;good;horrible;1034##true;39##false;1739##true;1093##3;39||2;708||7;757||5;829||4;882||7;893||6;896||10;904||4;1027||9;1033||1;1038||5;1042||2;1058||10;1236||9;1256||7;1261||9;1624||7;1739||10;1744||9;1747||7;1927||9;1944||9;2025||6;2150||7;2330||3;2331||10;2332||6;2342||8;2355||5;2411||10;2412||7;2416||7;2559||1;2579||8;2601||6;2606||9;2614##bad##normal##2305177019;1167;1150;50
2305317432;2016-04-19;37;15;true;0;891;1653;9999;iG.Vitality##27;19;83##98887913;1548||89598554;1119||106863163;1302||89407113;1677||130416036;2268##1;1303;827;97;horrible;horrible;1165##1;1714;63;857;perfect;perfect;924##false;76##false;730##true;1131##1;76||4;222||3;226||4;399||2;482||1;585||7;586||8;644||4;658||3;663||6;720||10;720||1;727||2;730||3;904||9;1002||2;1170||8;1263||6;1271||10;1275||7;1289||8;1291||2;1352||10;1354||5;1357||1;1363||9;1555||6;1570||7;1574||8;1579||10;1688||3;1710||9;1786||10;1905||7;1907||9;2042||8;2044||5;2046||6;2050||2;2059||8;2172||9;2177||1;2245||6;2246||10;2247||9;2254||7;2260##bad##normal##2305317432;1117;1200;53
2305447344;2016-04-19;28;15;true;1;1430;9999;9999;iG.Vitality##22;11;46##98887913;1553||89598554;1407||106863163;1369||130416036;1130||89407113;1059##1;1123;608;879;perfect;bad;1142##1;270;363;-564;horrible;good;827##false;9##true;961##false;760##8;9||5;81||4;189||6;194||4;248||5;284||6;387||1;390||5;397||1;487||5;496||2;770||5;811||9;888||10;893||8;895||4;961||3;963||1;972||1;979||6;1095||7;1114||5;1121||4;1121||10;1125||9;1125||5;1373||10;1398||5;1488||1;1508||2;1573||3;1606||5;1633||4;1640||3;1661##bad##normal##2305447344;1170;1147;48
2307242465;2016-04-20;34;15;false;0;1081;814;9999;Vici Gaming##7;29;18##98887913;1149||89598554;676||106863163;1040||130416036;543||89407113;693##1;461;275;32;bad;horrible;1156##1;673;868;409;good;perfect;1110##false;-28##false;969##false;794##2;28||4;21||7;12||6;14||6;173||3;180||6;540||9;548||6;626||5;639||6;713||9;721||2;776||4;800||5;916||4;935||3;956||1;969||2;974||1;1082||4;1097||2;1216||2;1340||3;1349||5;1462||8;1463||4;1598||2;1665||4;1677||6;1681||2;1737||5;1894||4;1897||8;1922||4;2039||1;2048||3;2052||2;2053||4;2061||5;2070##normal##normal##2307242465;1218;979;62
2307359670;2016-04-20;40;15;true;1;1149;1538;9999;Vici Gaming##28;16;69##98887913;1238||89598554;859||106863163;1270||130416036;1863||89407113;1015##1;1001;569;240;normal;good;1396##1;697;351;320;normal;good;1090##true;53##false;1234##false;1345##1;53||10;57||6;127||1;156||10;159||1;225||5;279||9;355||6;361||8;508||6;534||10;603||5;659||10;755||4;765||1;907||1;1018||7;1112||1;1126||2;1234||9;1276||1;1325||3;1340||4;1342||2;1347||5;1348||5;1355||4;1491||7;1681||8;1696||1;1708||5;1709||4;1716||10;1717||2;1802||10;1934||6;1935||2;1949||1;1952||4;1959||5;1968||4;2168||1;2203||5;2370||2;2384||3;2387||4;2408##normal##normal##2307359670;1156;1041;44
2307521825;2016-04-20;51;15;true;0;975;1144;1548;Vici Gaming##40;32;110##98887913;1441||89598554;1159||106863163;2625||130416036;1712||89407113;1076##1;772;198;198;normal;bad;995##1;895;387;348;normal;good;1267##false;305##false;1064##false;770##1;305||3;419||10;422||9;427||7;452||7;743||5;748||6;751||4;753||2;759||7;895||9;927||5;1017||10;1026||1;1031||7;1038||4;1041||2;1054||5;1064||3;1094||10;1452||6;1465||8;1466||1;1467||5;1467||4;1476||3;1517||8;1598||6;1612||6;1699||10;1819||6;1819||2;1828||6;1932||10;1939||8;2038||10;2090||10;2097||6;2233||10;2255||7;2291||9;2316||10;2325||2;2328||5;2330||1;2350||3;2363||4;2364||2;2421||1;2429||10;2432||5;2432||6;2433||7;2441||5;2572||10;2578||7;2582||8;2587||6;2606||6;2818||9;2820||8;2827||6;2831||1;2835||2;2836||5;2843||10;2845||4;2846||7;2849||3;2856||10;3017||9;3040||8;3087||7;3087||5;3094||4;3103##normal##normal##2307521825;1200;997;39
