2341713398;2016-05-05;27;2780729;true;0;1277;9999;9999;Major Creater;2755844##21;10;52##250604896;1159||156662698;1832||227657377;1464||194624542;999||108977404;1298##1;1488;144;7;normal;bad;830##1;1031;501;400;normal;good;1073##false;161##true;1177##true;934##4;161||1;315||5;330||8;374||4;536||5;547||7;579||6;583||9;715||4;862||6;873||9;878||7;889||10;912||1;973||8;1006||9;1177||4;1178||6;1182||3;1183||6;1265||8;1266||7;1278||1;1379||7;1463||3;1475||9;1476||10;1483||8;1564##normal##normal##L##2341713398;1000;1000;50
2341814490;2016-05-05;35;2780729;false;1;1349;1068;9999;Major Creater;2755844##15;15;28##250604896;1045||156662698;1100||227657377;825||108977404;749||194624542;1140##1;603;272;989;perfect;good;972##1;753;127;540;horrible;bad;1088##true;44##true;893##false;1134##2;44||7;292||1;327||3;361||2;444||1;555||2;678||5;687||1;759||3;763||8;889||4;893||1;1047||9;1116||6;1122||10;1126||7;1126||5;1329||3;1332||8;1339||9;1343||6;1345||6;1641||5;1659||2;1674||3;1678||8;1839||10;1842||9;1848||7;2042||10;2046##normal##normal##H##2341814490;1050;950;55
2353248597;2016-05-10;38;2780729;true;1;1257;1668;9999;Make.Dream;2581752##26;15;53##250604896;1617||156662698;1396||194624542;1037||227657377;1334||108977404;975##1;1007;464;628;normal;perfect;1668##1;0;156;-233;normal;horrible;851##true;47##true;1096##true;2142##1;47||4;111||6;141||3;150||7;173||7;237||4;291||6;484||8;502||1;666||7;669||2;676||10;691||9;770||5;825||1;839||5;986||3;1096||7;1112||4;1203||10;1286||5;1291||4;1296||1;1308||3;1309||5;1394||4;1409||4;1692||1;1694||8;1783||5;1900||1;1913||6;1921||8;1923||10;1937||1;2251||4;2304##normal##normal##L##2353248597;995;1000;50
2353362758;2016-05-10;58;2780729;true;0;1150;990;1384;Make.Dream;2581752##20;23;55##250604896;876||156662698;1113||194624542;937||227657377;914||108977404;1127##1;1209;622;526;bad;good;1010##1;1254;645;708;good;bad;1282##true;166##false;1188##false;1186##6;166||6;282||2;498||2;568||8;631||1;846||1;923||7;1028||1;1031||8;1038||4;1041||8;1148||3;1179||4;1181||2;1185||1;1188||5;1198||4;1261||9;1385||6;1488||6;1806||10;1928||8;1928||3;1976||9;2046||8;2048||9;2061||3;2289||7;2290||4;2303||9;2551||8;2558||8;2619||7;2623||10;2626||4;2802||5;2804||1;2809||3;2814||3;2823||2;2958||3;3502||10;3509##normal##normal##MH##2353362758;1045;1013;48
2355560542;2016-05-11;43;2780729;false;0;630;1002;9999;Wings Red Gaming;2746885##14;22;42##250604896;996||156662698;1007||227657377;682||194624542;876||108977404;848##1;131;4;46;bad;bad;970##1;882;451;274;good;good;1223##false;303##false;1636##false;1880##2;303||9;433||1;488||7;534||2;536||2;660||4;770||4;944||1;971||7;975||5;982||3;999||6;1161||7;1167||9;1172||3;1636||4;1648||9;1725||6;1734||7;1736||3;1746||1;1750||8;1751||5;2174||10;2184||2;2196||3;2202||7;2223||3;2523##normal##normal##H##2355560542;1093;1037;52
2355721971;2016-05-11;42;2780729;true;1;906;1351;9999;Wings Red Gaming;2746885##27;9;65##250604896;1219||156662698;1186||194624542;1284||227657377;1820||108977404;963##1;1074;679;642;good;bad;1110##1;466;106;-70;bad;good;1108##false;261##true;1672##true;1407##8;261||2;378||8;509||8;773||10;787||1;814||2;821||5;966||4;1119||4;1354||1;1454||3;1668||2;1672||4;1795||2;1844||3;1861||7;1862||5;1876||1;1880||2;1898||7;2078||5;2085||2;2099||3;2103||1;2122||10;2305||2;2306||6;2315||1;2315||4;2327||2;2363||3;2442||1;2482||5;2504##nice##normal##L##2355721971;1041;1089;52
2355416775;2016-05-11;27;2780729;true;1;1251;9999;9999;We Are Young.Amazing;2828740##33;8;72##250604896;2433||156662698;1042||227657377;1392||108977404;1215||194624542;1994##1;877;319;572;perfect;good;939##1;61;372;-134;horrible;good;826##true;69##true;777##true;1415##2;69||7;70||10;355||5;360||4;379||5;465||3;504||1;682||8;735||5;754||4;765||2;777||1;786||3;790||2;891||4;984||7;991||5;1006||2;1024||10;1026||3;1156||4;1163||5;1169||3;1253||5;1260||1;1263||4;1297||3;1324||5;1327||1;1332||3;1537||8;1547||1;1559||5;1573||2;1578##normal##normal##ML##2355416775;1093;1048;52
2365323344;2016-05-15;20;2780729;true;1;1408;9999;9999;alpha meow;2789230##17;4;40##250604896;2104||156662698;1473||194624542;1602||227657377;1136||108977404;1395##1;987;200;648;good;bad;952##1;127;353;459;bad;normal;733##false;369##true;902##true;245##7;369||9;374||4;402||2;518||2;618||1;630||3;638||7;682||4;767||4;830||5;857||4;902||5;906||3;1008||1;1124||4;1183##nice##perfect##ML##2365323344;1145;974;45
2365205808;2016-05-15;20;2780729;true;0;1547;9999;9999;alpha meow;2789230##22;5;56##250604896;1673||156662698;1472||194624542;1663||227657377;1828||108977404;1411##1;1058;-14;794;perfect;good;890##1;155;538;-517;horrible;normal;688##true;155##true;712##true;1039##7;155||3;162||6;292||8;298||7;307||6;437||5;580||9;636||6;641||8;644||7;656||7;712||6;713||5;719||10;737||3;740||8;741||9;747||6;752||6;875||10;922||7;1123||2;1127||6;1128||8;1132||6;1148##nice##perfect##ML##2365205808;1190;929;39
2369277751;2016-05-17;34;2780729;true;0;1225;1559;9999;We Are Young.Amazing;2828740##34;15;67##250604896;1122||194624542;1525||156662698;1915||227657377;1162||108977404;1313##1;1446;804;914;good;good;1051##1;532;194;768;bad;bad;993##true;127##true;1066##false;1737##8;183||5;490||8;528||10;634||6;721||1;729||9;741||7;896||10;1001||2;1062||9;1065||8;1066||10;1192||8;1203||7;1204||4;1207||6;1243||9;1248||8;1381||6;1381||4;1475||5;1484||9;1485||1;1485||8;1503||7;1582||10;1619||5;1644||1;1644||9;1646||8;1648||3;1651||9;1745||10;1746||4;1750||7;1760||6;1761||5;1949||10;1950||1;1952||9;1953||8;1963||7;1996||6;2001||10;2014##bad##normal##L##2369277751;1229;1086;43
2378445447;2016-05-21;38;2780729;true;1;1182;1382;9999;Ago-GAMING;2775977##35;22;95##250604896;1418||156662698;1569||194624542;868||227657377;1744||108977404;1211##1;929;961;345;good;good;821##1;599;456;-458;bad;bad;1082##true;103##true;951##true;1198##1;103||9;126||5;128||7;131||3;294||4;304||5;406||4;484||8;495||2;753||3;775||5;780||1;951||4;965||6;966||10;967||8;968||9;974||6;1071||4;1094||3;1106||5;1111||8;1136||2;1214||5;1220||4;1297||9;1314||10;1314||3;1466||5;1468||1;1477||2;1525||5;1700||1;1706||10;1709||8;1709||9;1712||7;1712||6;1713||4;1880||9;1942||1;1946||5;1949||4;1952||7;1955||3;1958||2;1974||10;2110||5;2113||6;2116||7;2117||5;2237##normal##normal##H##2378445447;1272;952;33
2383511035;2016-05-23;32;2780729;true;0;1181;1462;9999;To.be.or.not.to.be;2822317##29;7;64##250604896;1058||156662698;1893||194624542;1375||227657377;1457||108977404;1035##1;1202;634;233;perfect;good;804##1;167;294;19;horrible;bad;1081##true;257##true;900##true;1496##9;257||6;321||8;397||2;500||10;500||6;523||9;560||1;702||5;710||10;718||7;869||8;871||9;900||9;966||8;1100||10;1103||9;1259||4;1266||8;1267||6;1268||10;1282||6;1289||10;1560||8;1569||9;1573||4;1580||7;1598||3;1618||6;1647||10;1758||10;1958##bad##normal##L##2383511035;1305;1215;46
2383630682;2016-05-23;29;2780729;true;1;1489;9999;9999;To.be.or.not.to.be;2822317##27;12;68##250604896;1327||156662698;1737||194624542;1384||227657377;1577||108977404;1124##1;1782;419;870;good;good;921##1;89;475;136;bad;bad;967##true;126##true;790##true;912##1;126||3;231||8;333||1;404||4;408||2;425||4;554||5;678||7;692||7;773||9;784||3;784||2;790||8;798||4;808||10;816||6;822||5;919||2;922||10;1029||4;1031||2;1033||8;1034||5;1036||4;1081||8;1101||6;1121||1;1133||10;1160||1;1342||5;1391||1;1635||2;1708||3;1709||5;1716||6;1728##bad##normal##L##2383630682;1351;1169;42
2389956373;2016-05-26;22;2780729;true;1;1482;9999;9999;Zenith.E-sports.CN;1421914##33;9;63##250604896;1646||156662698;1790||194624542;1736||227657377;2415||108977404;1275##1;1121;758;1415;perfect;good;1158##1;401;239;-860;horrible;bad;430##true;102##true;646##true;9999##3;102||3;167||3;267||5;268||2;326||3;443||6;496||1;611||5;614||3;622||6;626||2;646||3;705||9;772||7;776||1;795||3;799||10;800||5;870||3;885||4;905||3;962||4;994||2;1065||4;1164||5;1165||1;1169||2;1171||3;1172||5;1217||4;1232||10;1250||2;1253||1;1258||5;1292##normal##bad##ML##2389956373;1393;695;21
2390025237;2016-05-26;14;2780729;true;0;9999;9999;9999;Zenith.E-sports.CN;1421914##14;1;40##250604896;1841||156662698;1247||194624542;1298||227657377;1872||108977404;1073##1;1273;532;1063;perfect;good;976##1;0;187;-1046;horrible;bad;645##true;149##true;679##true;769##7;149||8;350||5;475||7;475||9;479||6;493||7;674||8;677||6;678||9;679||9;840##bad##bad##ML##2390025237;1414;674;21
2398239424;2016-05-29;18;2780729;false;0;552;9999;9999;ToPower Gaming;2685608##2;19;9##250604896;1166||156662698;808||194624542;531||227657377;507||108977404;1203##1;0;281;-749;horrible;horrible;623##1;1679;251;850;perfect;perfect;799##false;8##false;716##false;696##3;8||3;309||1;316||5;502||4;505||5;706||9;716||4;716||1;717||2;723||3;727||2;838||6;841||5;844||4;846||3;850||1;909##normal##normal##ML##2398239424;1435;1197;71
2398342183;2016-05-29;48;2780729;false;1;1203;1104;564;ToPower Gaming;2685608##21;32;47##250604896;626||156662698;887||194624542;746||227657377;938||108977404;928##1;840;-56;-79;good;good;737##1;1111;589;151;bad;good;1059##true;0##true;873##true;1135##2;0||8;2||2;73||7;108||8;141||10;232||9;344||1;451||5;476||8;510||5;589||1;614||5;647||3;650||2;652||6;783||9;785||4;873||2;879||10;883||5;988||7;994||6;1001||1;1274||2;1444||1;1447||7;1447||5;1450||9;1454||6;1464||3;1467||8;1467||3;1956||6;1957||8;2004||5;2013||8;2013||6;2030||10;2108||10;2237||1;2330||6;2429||10;2431||6;2803||9;2807||7;2810||9;2830||1;2832||8;2838##normal##normal##H##2398342183;1364;1268;53
2405240400;2016-06-01;27;2780729;true;1;1297;9999;9999;Make.Dream;2581752##25;5;66##250604896;1409||156662698;1865||194624542;1733||227657377;2031||108977404;1459##1;1513;522;1459;good;good;1225##1;289;-158;-130;bad;bad;821##true;129##true;924##true;1071##3;129||2;156||3;499||5;542||10;614||10;687||8;756||2;758||2;827||5;896||4;907||3;920||1;924||3;993||9;1002||7;1205||5;1206||3;1215||2;1215||5;1348||2;1359||1;1362||3;1369||1;1472||3;1478||5;1482||2;1491||3;1535||1;1557||5;1653##bad##bad##ML##2405240400;1311;866;25
2405379940;2016-06-01;27;2780729;true;0;1314;9999;9999;Make.Dream;2581752##20;6;52##250604896;1147||156662698;1494||194624542;1523||227657377;1496||108977404;1048##1;1277;54;923;perfect;good;1104##1;459;316;-481;horrible;bad;940##false;82##true;894##false;1084##7;149||10;163||8;321||6;334||5;441||8;591||10;601||4;604||7;686||8;879||9;882||6;894||2;971||4;975||1;1309||9;1310||3;1312||7;1319||9;1511||8;1547||6;1547||10;1560||7;1592||9;1593##bad##bad##L##2405379940;1336;841;20
2409375204;2016-06-03;69;2780729;true;0;860;903;1245;Wings Red Gaming;2746885##23;24;64##250604896;716||156662698;1428||194624542;931||227657377;1413||108977404;694##1;444;396;574;bad;bad;1780##1;653;340;800;good;good;1644##false;112##false;1299##false;1062##2;112||3;170||3;633||4;731||9;745||4;834||10;890||3;922||2;931||5;954||1;1243||5;1299||5;1603||3;1645||7;1669||8;1942||1;2110||8;2238||3;2248||6;2329||1;2335||10;2754||7;2767||1;2831||8;2963||3;2976||6;2981||3;3161||4;3178||1;3267||3;3392||10;3640||6;3645||8;3884||6;3905||8;3954||1;3993||2;4025||6;4043||7;4060||4;4062||10;4069||9;4088##normal##normal##MH##2409375204;1356;1219;44
2409573630;2016-06-03;41;2780729;true;1;1068;1622;9999;Wings Red Gaming;2746885##23;12;64##250604896;955||194624542;1044||156662698;1091||227657377;1765||108977404;1210##1;1386;40;837;normal;bad;1112##1;80;506;340;normal;good;991##false;97##true;1369##true;1033##7;97||10;108||10;178||9;470||10;477||4;543||8;703||6;712||3;723||4;737||10;738||2;905||3;915||8;917||1;920||1;1159||5;1369||1;1407||3;1569||2;1788||1;1788||3;2168||1;2171||2;2176||2;2222||7;2223||5;2226||8;2227||7;2425||2;2428||5;2432||4;2441##normal##normal##H##2409573630;1400;1175;40
2419158690;2016-06-07;31;2780729;true;1;1227;1889;9999;alpha meow;2789230##28;9;66##250604896;1148||156662698;1448||194624542;1459||227657377;1676||108977404;1243##1;1347;494;778;good;good;1322##1;-11;294;-430;bad;bad;793##true;-31##true;970##true;1162##3;-31||7;112||2;155||2;256||1;498||8;504||2;635||10;766||2;770||6;781||4;853||4;928||1;970||2;991||10;1028||8;1074||1;1243||9;1248||4;1258||2;1433||1;1485||4;1494||3;1593||2;1596||6;1597||5;1642||1;1648||7;1681||2;1746||5;1826||2;1843||3;1879##bad##bad##ML##2419158690;1440;741;21
2419080892;2016-06-07;19;2780729;true;0;1518;9999;9999;alpha meow;2789230##24;5;61##250604896;1408||156662698;1474||194624542;2049||227657377;1580||108977404;1218##1;941;735;1634;perfect;perfect;1121##1;0;167;-599;horrible;horrible;655##true;2##true;673##true;1014##10;2||8;147||8;330||10;355||6;359||9;365||10;555||2;563||7;566||5;665||10;666||2;672||9;673||7;676||9;795||6;796||8;805||10;812||5;898||9;953||8;958||7;966||6;1018||5;1080||6;1108||7;1139||9;1145##bad##bad##ML##2419080892;1461;720;21
2421632962;2016-06-08;19;2780729;true;1;967;9999;9999;We Are Young.Amazing;2828740##19;2;51##250604896;1623||156662698;1634||194624542;1319||227657377;1756||108977404;1315##1;187;360;655;good;good;1106##1;168;360;-412;bad;bad;800##true;202##true;995##true;1039##2;202||3;279||4;289||2;364||10;366||3;541||8;646||5;668||3;743||5;994||2;995||1;995||4;998||3;1007||4;1084||1;1086||3;1093||2;1100##bad##nice##ML##2421632962;1482;922;21
2421744792;2016-06-08;28;2780729;true;0;963;9999;9999;We Are Young.Amazing;2828740##32;16;72##250604896;804||156662698;1506||194624542;1355||227657377;2265||108977404;1476##1;754;146;138;normal;normal;956##1;0;433;272;normal;good;684##false;2##true;882##true;1642##1;2||6;9||3;150||6;281||1;352||1;458||10;628||5;720||9;753||7;785||3;818||1;828||5;832||8;851||7;856||9;870||6;882||10;909||8;920||1;970||4;1017||9;1020||3;1032||5;1033||6;1104||5;1118||10;1178||9;1179||6;1215||9;1222||10;1249||1;1359||5;1362||9;1362||6;1365||8;1392||6;1464||9;1508||10;1512||8;1513||2;1592||6;1625||8;1647||7;1664##bad##normal##L##2421744792;1503;901;20
2433092992;2016-06-13;31;2780729;true;0;1314;1124;9999;Wings Red Gaming;2746885##18;9;62##250604896;1446||156662698;1629||194624542;896||227657377;1647||108977404;1090##1;1410;330;224;perfect;good;853##1;336;429;-31;horrible;bad;984##true;143##true;732##true;1570##7;143||3;264||7;264||10;511||7;618||3;630||9;635||6;715||1;725||9;730||10;732||3;798||6;808||1;892||10;895||6;955||5;960||9;972||10;985||3;1138||9;1285||10;1299||8;1363||4;1858##perfect##perfect##L##2433092992;1523;1235;38
2433200897;2016-06-13;18;2780729;true;1;1611;9999;9999;Wings Red Gaming;2746885##19;3;43##250604896;1502||156662698;1029||194624542;1367||227657377;1933||108977404;1266##1;1004;165;624;perfect;good;932##1;948;466;-929;horrible;bad;753##true;155##true;695##true;687##1;155||2;201||4;308||1;313||1;381||4;518||1;527||3;576||4;694||2;695||1;700||3;814||2;823||10;915||4;949||4;1074||2;1077##perfect##nice##ML##2433200897;1561;1197;36
2435307874;2016-06-14;41;2780729;true;1;1241;1683;9999;Ehome.X;1272244##31;15;74##250604896;893||156662698;1551||194624542;1374||227657377;1312||108977404;1108##1;1603;510;287;perfect;bad;1142##1;209;455;508;horrible;good;1057##false;3##true;782##true;1069##10;3||5;322||9;463||10;511||4;584||1;621||3;627||2;632||1;699||4;737||10;747||2;753||5;773||1;782||3;787||2;869||5;889||4;928||2;1173||3;1204||5;1235||3;1276||2;1368||5;1388||6;1423||5;1576||8;1587||10;1591||5;1855||6;1859||7;1868||1;1869||5;2004||7;2077||10;2169||8;2187||2;2250||4;2259||4;2396||1;2397||6;2401||3;2409##normal##normal##L##2435307874;1597;1084;26
2435821908;2016-06-14;39;2780729;true;0;1378;1313;9999;To.be.or.not.to.be;2822317##31;9;65##250604896;1164||156662698;1457||194624542;1034||227657377;1886||108977404;982##1;1479;532;448;good;perfect;1166##1;580;-119;560;bad;horrible;1248##true;39##true;1127##false;1618##10;39||10;149||10;265||9;538||10;697||6;831||9;834||7;841||10;852||1;1007||5;1120||10;1127||7;1139||8;1140||9;1157||4;1157||8;1306||7;1310||8;1361||5;1501||8;1575||3;1587||10;1932||6;1933||8;1934||9;1942||8;2073||10;2084||9;2088||3;2129||5;2143||10;2146||8;2149||10;2256||9;2323||3;2339##bad##normal##L##2435821908;1623;1210;32
2435420669;2016-06-14;30;2780729;true;0;906;1537;9999;Ehome.X;1272244##22;20;60##250604896;865||156662698;1053||194624542;1498||227657377;1516||108977404;908##1;901;42;-113;horrible;good;956##1;685;767;364;perfect;bad;697##true;149##false;573##false;1312##8;149||2;174||2;217||1;339||4;352||10;375||5;379||1;379||6;421||2;421||4;428||10;473||1;497||1;573||6;646||1;722||3;725||2;726||5;791||1;923||3;934||5;935||6;940||10;951||10;1058||6;1061||8;1068||7;1212||6;1442||10;1517||8;1606||6;1673||10;1676||5;1677||4;1680||2;1719||6;1736||8;1748||10;1749##normal##normal##H##2435420669;1655;1058;21
2437565390;2016-06-15;40;2780729;true;0;1313;1848;9999;BraveHeart.Zombie;2789129##42;20;109##250604896;882||156662698;1667||194624542;2118||227657377;1344||108977404;1454##1;877;1388;1028;perfect;good;1133##1;717;-219;-425;horrible;bad;733##true;51##true;666##true;1085##9;51||2;205||8;206||9;374||8;404||10;405||7;450||5;577||7;648||9;658||2;659||8;666||6;666||3;667||1;755||5;830||9;885||6;895||10;896||5;978||9;1088||10;1091||1;1094||7;1095||4;1097||8;1127||6;1129||9;1138||10;1225||9;1288||4;1293||1;1295||5;1300||10;1300||6;1528||8;1528||7;1529||10;1530||8;1691||6;1695||9;1698||7;1698||8;1771||7;1774||4;1779||4;1890||1;1892||3;1893||7;2111||9;2113||10;2117||6;2121||6;2129||9;2347||8;2362||7;2384##normal##normal##L##2437565390;1676;1120;25
2437682290;2016-06-15;35;2780729;true;1;643;1365;9999;BraveHeart.Zombie;2789129##26;9;63##250604896;809||156662698;888||194624542;2062||227657377;1038||108977404;966##1;350;677;-319;good;good;1183##1;448;-16;643;bad;bad;950##true;38##true;1187##true;1433##5;38||9;373||7;817||1;851||10;960||4;999||1;1002||2;1013||5;1033||3;1069||1;1121||10;1184||2;1185||3;1187||9;1196||4;1271||5;1275||3;1286||5;1334||7;1339||6;1350||1;1567||3;1606||5;1782||10;1786||6;1795||4;1797||2;1798||3;1831||2;1882##normal##normal##L##2437682290;1701;1095;22
2440500452;2016-06-16;34;2780729;true;1;1180;1595;9999;Ehome.X;1272244##18;8;48##250604896;894||156662698;1649||194624542;1042||227657377;1618||108977404;986##1;1653;317;1478;good;normal;1065##1;147;477;590;bad;bad;1174##true;245##true;1588##true;780##3;504||8;665||5;681||8;913||4;986||1;988||2;1171||7;1174||8;1176||3;1272||2;1301||1;1302||4;1588||1;1588||2;1589||2;1761||5;1806||7;1852||8;1861||9;1880||2;1881##perfect##perfect##L##2440500452;1723;1086;20
2440340319;2016-06-16;44;2780729;false;0;1406;1229;9999;Ehome.X;1272244##21;26;39##250604896;753||156662698;915||194624542;1113||227657377;1204||108977404;1227##1;841;421;1272;good;good;1189##1;1028;251;659;bad;good;1047##false;-25##true;766##false;1294##1;-25||8;-21||9;-17||5;-15||7;-9||4;-6||2;139||9;256||2;418||9;491||9;574||10;646||6;740||8;766||7;807||5;807||10;816||10;993||2;1055||5;1235||2;1245||6;1392||9;1395||8;1509||6;1514||4;1553||3;1559||10;1561||1;1563||5;1563||2;1574||2;1678||10;1683||5;1684||1;1692||3;1694||2;1921||10;1928||7;1935||4;1935||9;1936||5;1936||6;1940||3;1942||1;1944||10;2619||2;2630||4;2642##nice##nice##H##2440340319;1743;1066;81
2440634149;2016-06-16;24;2780729;true;0;1272;9999;9999;Ehome.X;1272244##21;8;50##250604896;931||194624542;1928||156662698;1813||227657377;1466||108977404;1259##1;1587;593;791;good;perfect;1009##1;99;307;188;bad;horrible;713##true;45##true;1063##false;924##9;45||9;222||3;410||9;461||4;463||7;629||6;633||8;722||5;723||1;728||5;821||7;832||2;896||6;931||8;938||9;1063||10;1075||6;1079||7;1113||6;1345||1;1348||7;1352||8;1378||4;1380||9;1381||7;1382||10;1420##perfect##nice##ML##2440634149;1662;1145;28
2442777662;2016-06-17;15;2780729;true;0;2185;9999;9999;Zenith.E-sports.CN;1421914##27;3;55##250604896;1951||194624542;2205||156662698;3089||227657377;2227||108977404;2144##1;1153;-484;1876;perfect;perfect;1005##1;246;329;-1716;horrible;horrible;634##true;44##true;403##false;9999##8;44||7;161||6;208||10;261||9;274||6;281||10;295||7;346||9;403||8;462||10;470||10;583||9;658||10;663||7;672||10;698||7;714||9;715||9;762||8;781||7;785||5;795||4;826||9;884||7;902##nice##bad##ML##2442777662;1690;338;21
