2339968919;2016-05-04;43;2685608;false;0;1064;808;9999;We Are Young.Amazing;2828740##23;63;52##218411999;914||110539311;-10||130027499;1193||179132246;904||186523581;1326##1;178;353;-573;bad;perfect;1034##1;1150;425;139;good;horrible;1126##true;33##false;400##false;1432##6;33||6;107||9;121||1;195||10;272||2;275||1;329||3;330||8;354||4;392||2;400||5;422||9;424||1;436||2;447||4;508||6;519||3;523||5;527||1;528||2;561||6;587||3;592||9;663||2;665||2;722||2;843||5;845||7;847||3;850||4;855||1;863||5;958||2;963||6;1147||2;1228||10;1271||3;1347||2;1348||1;1349||4;1354||5;1359||2;1438||10;1439||9;1445||5;1633||2;1639||1;1645||3;1655||2;1744||5;1841||10;1841||9;1843||6;1844||2;1902||2;2025||5;2071||10;2072||4;2076||3;2077||8;2086||1;2088||5;2387||9;2393||3;2394||6;2395||4;2397||2;2401||1;2406||4;2451||3;2456||5;2461||8;2466||1;2484||2;2486##normal##normal##L##2339968919;1000;1000;50
2351085199;2016-05-09;30;2685608;false;0;1063;919;9999;Wings Red Gaming;2746885##20;36;48##110539311;398||130027499;1084||139461444;803||313742535;954||193862584;899##1;562;410;-240;horrible;good;828##1;938;560;298;perfect;bad;899##true;149##false;800##false;9999##7;149||2;254||6;258||9;312||1;384||3;529||7;535||1;542||4;545||7;613||3;664||5;670||1;670||4;698||9;778||3;800||1;803||10;808||9;916||4;963||1;970||3;1005||7;1092||10;1101||4;1162||6;1167||1;1173||3;1175||7;1233||1;1264||5;1272||2;1276||1;1368||2;1399||5;1416||10;1424||7;1430||2;1471||6;1477||1;1492||4;1495||5;1508||3;1559||7;1564||4;1623||1;1643||2;1720||1;1735||3;1766||6;1791||4;1807||8;1822##normal##normal##L##2351085199;950;1047;44
2355473675;2016-05-11;20;2685608;true;0;1358;9999;9999;yoU aRe Monster;1560507##15;9;36##139461444;1315||110539311;1278||313742535;1129||130027499;2281||193862584;1154##1;1023;85;838;good;good;1113##1;0;568;205;bad;bad;821##true;117##true;1021##false;9999##7;289||8;320||3;334||7;343||2;414||10;623||4;710||7;714||2;716||10;805||9;811||2;812||8;813||4;819||1;824||6;1021||10;1025||9;1031##normal##normal##ML##2355473675;906;1000;66
2355605322;2016-05-11;26;2685608;false;0;899;9999;9999;HTML Gaming;2600130##6;28;17##139461444;684||110539311;889||130027499;836||313742535;558||193862584;1045##1;933;474;-25;bad;bad;821##1;1025;335;734;good;good;757##false;110##false;1139##false;935##4;110||3;228||4;332||4;429||2;465||10;482||1;623||8;633||4;662||3;794||4;796||8;856||2;1139||10;1198||5;1199||2;1202||3;1205||1;1208||5;1232||2;1338||3;1412||1;1421||10;1425||2;1426||4;1431||3;1456||8;1460||4;1573##normal##normal##L##2355605322;972;1000;48
2381263445;2016-05-22;14;2685608;true;1;9999;9999;9999;alpha meow;2789230##17;4;32##139461444;1652||110539311;1398||205430763;1929||130027499;1639||193862584;1208##1;921;267;1069;perfect;perfect;809##1;212;-104;-674;horrible;horrible;644##true;8##true;526##true;9999##3;8||1;146||3;170||3;274||4;275||10;329||2;341||9;408||4;521||5;522||1;526||4;561||1;575||9;578||1;627||4;636||10;674||4;774##normal##nice##ML##2381263445;924;890;52
2381180661;2016-05-22;16;2685608;true;0;1899;9999;9999;alpha meow;2789230##19;11;42##205430763;1434||130027499;1312||139461444;1618||110539311;2308||193862584;1173##1;1817;526;920;perfect;good;814##1;0;210;-1245;horrible;bad;542##true;-14##true;660##false;9999##10;-14||4;9||9;274||2;298||7;300||8;320||8;424||8;577||6;578||6;660||9;662||5;663||3;664||7;669||8;676||1;679||6;763||8;769||9;814||2;814||1;816||4;825||9;915||6;935||2;936||10;937##normal##nice##ML##2381180661;976;838;45
2384020160;2016-05-23;21;2685608;true;1;2028;9999;9999;Make.Dream;2581752##32;5;53##110539311;1880||130027499;2102||205430763;1491||139461444;2671||193862584;1225##1;1358;836;936;perfect;bad;1106##1;114;-19;-730;horrible;good;635##true;104##true;393##true;1105##10;105||2;169||4;227||4;264||2;271||5;309||4;363||2;384||1;393||5;422||2;490||6;491||5;649||1;663||5;706||4;710||2;711||4;719||1;790||5;815||2;820||4;917||7;939||1;946||5;961||2;963||4;980||5;1037||9;1044||2;1144||1;1163||4;1235||4;1241||5;1243||1;1246##bad##normal##ML##2384020160;1021;845;43
2388084122;2016-05-25;24;2685608;true;0;1200;9999;9999;alpha meow;2789230##21;22;55##205430763;1175||130027499;1333||197005447;1183||139461444;1599||193862584;1156##1;1347;460;-318;bad;good;939##1;140;310;-1;good;bad;866##true;-34##false;775##true;1290##8;-34||3;114||1;214||10;424||5;428||4;440||2;444||2;542||5;551||7;560||8;601||9;620||2;632||9;734||10;767||1;775||4;775||3;805||1;872||5;885||3;942||2;976||6;976||5;978||1;985||9;985||3;1141||9;1153||2;1161||5;1185||3;1232||7;1238||10;1244||8;1246||9;1256||7;1384||9;1394||10;1407||4;1460##normal##normal##H##2388084122;1064;793;32
2388155283;2016-05-25;31;2685608;true;1;952;1992;9999;alpha meow;2789230##28;21;57##193862584;864||130027499;1240||205430763;1003||197005447;1865||139461444;1625##1;1451;519;386;bad;horrible;825##1;515;449;325;good;perfect;891##false;-30##false;821##true;918##10;-30||9;132||10;266||8;343||1;364||7;430||2;514||8;589||1;628||3;784||9;787||10;789||7;821||5;871||1;931||8;938||6;989||10;995||1;1005||8;1010||4;1013||5;1015||9;1019||3;1022||10;1158||2;1162||1;1171||5;1174||2;1289||8;1321||2;1408||3;1455||6;1459||8;1470||4;1476||3;1480||9;1481||7;1489||3;1603||5;1606||2;1607||6;1612||7;1696||3;1706||10;1713||5;1722||3;1795##bad##normal##H##2388155283;1096;761;27
2392648116;2016-05-27;29;2685608;true;1;1162;9999;9999;We.are.young;2414475##24;15;66##130027499;1378||139461444;1837||205430763;1297||110539311;1362||193862584;1067##1;924;460;-24;good;bad;1178##1;848;310;-442;bad;good;1010##false;286##true;1015##true;1318##9;286||2;321||7;338||1;404||3;412||1;520||5;537||5;732||9;796||6;801||3;803||5;864||2;922||5;1015||2;1052||6;1060||3;1064||5;1070||9;1075||4;1081||8;1171||2;1174||9;1198||6;1203||7;1211||8;1503||2;1645||1;1659||3;1702||5;1722||10;1727||9;1731||4;1733||2;1738##normal##bad##L##2392648116;1123;815;31
2392768686;2016-05-27;21;2685608;true;0;1613;9999;9999;We Are Young.Amazing;2828740##17;1;33##139461444;1536||110539311;2427||130027499;1388||205430763;1549||193862584;721##1;1143;141;1296;perfect;good;926##1;1078;333;-190;horrible;bad;890##true;345##true;848##true;785##8;345||7;351||6;352||5;477||7;509||7;613||8;620||7;730||9;730||10;739||7;848||6;923||10;976||9;1098||6;1118##bad##normal##ML##2392768686;1154;950;43
2398239424;2016-05-29;18;2685608;true;1;1863;9999;9999;G.star;2780729##19;6;52##130027499;1164||139461444;1814||110539311;1429||205430763;2018||193862584;1655##1;1679;251;850;perfect;perfect;799##1;0;281;-749;horrible;horrible;623##true;8##true;716##true;696##3;8||3;309||1;316||5;502||4;505||5;706||9;716||4;716||1;717||2;723||3;727||2;838||6;841||5;844||4;846||3;850||1;909##perfect##perfect##ML##2398239424;1197;1435;71
2398342183;2016-05-29;48;2685608;true;0;1058;1122;995;G.star;2780729##31;22;76##110539311;1367||130027499;937||205430763;1206||139461444;1932||193862584;615##1;1111;589;151;bad;good;1059##1;840;-56;-79;good;good;737##false;0##false;873##false;1135##2;0||8;2||2;73||7;108||8;141||10;232||9;344||1;451||5;476||8;510||5;589||1;614||5;647||3;650||2;652||6;783||9;785||4;873||2;879||10;883||5;988||7;994||6;1001||1;1274||2;1444||1;1447||7;1447||5;1450||9;1454||6;1464||3;1467||8;1467||3;1956||6;1957||8;2004||5;2013||8;2013||6;2030||10;2108||10;2237||1;2330||6;2429||10;2431||6;2803||9;2807||7;2810||9;2830||1;2832||8;2838##perfect##perfect##H##2398342183;1268;1364;53
2402980481;2016-05-31;13;2685608;true;0;9999;9999;9999;Wings Red Gaming;2746885##18;4;35##110539311;1802||130027499;1104||205430763;2007||139461444;2131||193862584;934##1;1106;510;1049;perfect;perfect;994##1;172;310;-426;horrible;horrible;718##true;67##true;592##false;9999##6;67||6;115||6;368||8;400||7;445||5;451||6;467||8;472||2;487||10;490||8;592||2;593||6;596||10;697||6;774||9;782||10;801##nice##normal##ML##2402980481;1321;1318;54
2402868738;2016-05-31;24;2685608;true;1;1385;9999;9999;Wings Red Gaming;2746885##23;13;65##110539311;1413||130027499;1433||205430763;1655||139461444;1458||193862584;1113##1;573;50;270;normal;normal;927##1;232;414;-256;normal;good;913##false;138##false;623##true;1002##9;138||3;144||3;231||1;316||7;341||2;347||9;358||6;367||7;374||5;498||6;522||8;530||7;540||2;610||6;623||4;662||10;664||5;666||3;670||8;672||9;718||5;806||3;814||2;821||1;822||2;1162||8;1276||2;1282||4;1285||5;1290||1;1292||3;1301##normal##normal##L##2402868738;1375;1264;45
2412001984;2016-06-04;18;2685608;true;0;1706;9999;9999;Ago-GAMING;2775977##26;16;64##130027499;1967||139461444;1716||205430763;1702||110539311;1319||193862584;1470##1;1034;410;223;good;bad;739##1;242;410;213;bad;good;779##true;129##true;625##true;939##4;173||4;259||8;281||4;302||10;357||7;394||3;397||2;441||10;492||3;497||8;499||7;597||9;620||4;621||8;625||6;651||10;652||7;654||2;682||4;727||10;741||8;742||7;826||1;828||6;833||3;837||10;839||9;843||8;846||5;852||10;860||10;1025||7;1029||9;1032||4;1044||8;1044##bad##perfect##L##2412001984;1420;1002;29
2411837491;2016-06-04;41;2685608;true;1;699;1691;9999;Ago-GAMING;2775977##32;12;64##130027499;1054||110539311;1462||205430763;1127||139461444;1934||193862584;742##1;1155;431;-178;good;bad;988##1;238;65;50;bad;good;1002##false;102##true;1074##true;1396##7;119||8;410||8;546||5;852||1;927||4;1017||10;1036||6;1050||5;1060||9;1060||1;1066||3;1069||2;1074||5;1136||10;1173||1;1179||2;1180||5;1214||1;1446||3;1553||5;1561||5;1631||4;1636||7;1637||2;1645||3;1647||1;1791||10;2063||1;2068||2;2071||5;2078||2;2301||5;2309||3;2309||4;2312||1;2452##bad##nice##L##2411837491;1449;973;25
2416806533;2016-06-06;37;2685608;true;1;1156;1743;9999;To.be.or.not.to.be;2822317##33;21;74##139461444;1359||130027499;1445||205430763;1603||110539311;1066||193862584;1288##1;1102;455;145;good;bad;887##1;-54;315;589;bad;good;1219##true;169##true;910##true;1349##10;228||10;405||6;413||1;417||2;418||3;419||10;612||4;613||3;617||4;665||7;751||3;759||2;765||9;899||2;910||5;917||3;944||5;1052||2;1061||7;1171||3;1228||2;1267||2;1451||6;1463||6;1471||5;1488||4;1503||2;1511||3;1597||2;1604||7;1725||8;1729||2;1730||3;1731||10;1732||9;1752||6;1909||7;1910||5;1912||4;1925||3;1931||9;2078||5;2084||10;2086||4;2097||2;2101||3;2105||6;2122||5;2214##bad##normal##H##2416806533;1474;1007;26
2416976852;2016-06-06;34;2685608;false;0;1035;1180;9999;To.be.or.not.to.be;2822317##26;33;62##110539311;1090||130027499;1040||205430763;921||139461444;1585||193862584;1474##1;89;428;48;normal;perfect;791##1;1699;358;884;normal;horrible;814##true;44##true;651##true;638##7;44||9;176||5;310||4;326||1;383||8;427||8;528||9;536||2;571||6;577||7;580||5;649||10;651||3;652||4;656||7;873||2;877||5;880||4;883||1;897||6;919||5;926||3;1033||8;1197||9;1248||8;1258||7;1352||7;1435||8;1437||10;1440||2;1440||9;1458||2;1523||9;1663||3;1665||2;1667||1;1671||4;1679||10;1680||6;1689||8;1693||3;1743||7;1749||5;1760||9;1802||1;1811||7;1945||5;1949||8;1953||4;1964||1;1968||5;2007##bad##bad##H##2416976852;1500;981;76
2423678615;2016-06-09;16;2685608;true;1;2111;9999;9999;Zenith.E-sports.CN;1421914##27;9;67##110539311;2478||130027499;1925||205430763;1702||139461444;1775||193862584;1925##1;1106;-189;1236;perfect;bad;784##1;181;607;-626;horrible;good;585##false;143##true;525##true;642##6;143||5;256||8;256||2;268||4;275||1;277||2;365||4;389||3;515||5;525||6;526||4;529||2;533||1;539||3;578||2;607||3;665||4;670||9;737||7;739||5;742||4;744||4;765||9;766||10;771||3;852||5;904||4;916||3;925||1;927||6;941##nice##bad##ML##2423678615;1424;442;21
2440075535;2016-06-16;32;2685608;true;1;1642;1570;9999;Make.Dream;2581752##44;23;116##110539311;1322||130027499;2195||205430763;1384||139461444;1764||193862584;1247##1;849;555;761;good;good;829##1;76;159;-530;bad;good;858##false;3##true;415##true;1548##8;3||1;5||7;104||1;106||3;113||4;128||7;164||9;207||1;305||6;327||3;362||1;414||2;415||6;419||4;479||6;483||2;484||3;488||1;567||3;575||4;593||6;601||5;603||4;778||5;784||3;795||2;821||8;827||4;829||7;831||6;842||5;848||3;852||9;933||10;1000||3;1003||4;1015||1;1031||9;1055||2;1236||4;1237||3;1238||6;1255||1;1268||8;1287||7;1292||10;1406||9;1599||1;1714||4;1714||3;1715||5;1727||5;1749||2;1758||6;1773||4;1773||1;1780||3;1782||4;1828||7;1854||1;1864||3;1872##bad##bad##L##2440075535;1445;802;20
2440190742;2016-06-16;12;2685608;true;0;9999;9999;9999;Make.Dream;2581752##15;4;34##130027499;1356||110539311;1825||205430763;1930||139461444;1627||193862584;1913##1;1395;417;953;perfect;perfect;914##1;0;267;-231;horrible;horrible;637##true;-16##true;699##false;9999##10;-16||6;215||7;245||9;291||2;292||1;386||9;476||8;493||8;591||8;691||2;698||9;699||7;701||10;708||6;708##bad##bad##ML##2440190742;1465;782;21
