2028338034;2015-12-25;39;2535378;false;1;1233;715;9999##9;30;26##113705693;574||133084797;905||89166519;586||111291593;627||137193239;1059##1;734;26;250;-210;230;922##true;-36##false;900##false;1893##1;36||9;44||9;107||2;137||8;365||6;459||6;649||9;766||1;771||4;772||5;785||8;790||10;800||7;814||3;818||10;900||1;1202||8;1206||9;1213||6;1219||7;1227||2;1261||10;1358||8;1366||7;1392||6;1407||1;1419||8;1468||9;1574||3;1577||8;1587||8;1724||7;1736||2;1741||6;1742||9;1745||6;2313||8;2343||7;2347||2;2349||10;2355||9;2355##2028338034;1000;1003;49
2030320107;2015-12-26;35;2535378;false;1;1364;1069;9999##24;30;49##89166519;1216||133084797;1120||111291593;1169||113705693;1077||137193239;1062##1;670;192;554;1298;30;1196##false;175##true;511##false;1727##6;175||4;175||5;185||7;188||4;231||4;342||3;382||6;385||2;390||5;395||2;460||6;476||4;480||5;511||7;637||6;640||1;686||8;708||2;888||3;897||10;999||3;1046||5;1085||1;1098||7;1107||4;1181||4;1251||3;1261||10;1284||1;1295||9;1308||8;1446||5;1449||7;1452||6;1454||2;1456||6;1537||9;1578||8;1737||9;1739||5;1744||10;1747||6;1750||6;1895||10;1938||6;1968||4;2002||9;2097||8;2099||7;2109||4;2119||9;2121||6;2124||1;2127||8;2127||10;2143##2030320107;951;1110;41
2060313896;2016-01-07;27;2535378;false;1;750;9999;9999##6;30;17##113705693;1009||133084797;802||111291593;158||89166519;1179||137193239;727##1;165;-415;-282;-849;-300;814##false;-15##false;705##true;624##9;15||7;14||8;5||8;311||7;321||7;519||10;646||6;663||1;664||10;670||6;705||10;845||1;848||9;848||3;854||7;922||1;936||8;937||9;939||1;1042||3;1108||8;1113||9;1119||7;1126||10;1139||8;1178||7;1188||9;1289||7;1294||9;1389||2;1392||10;1397||8;1406||10;1584||7;1635||8;1647||6;1653||10;1661##2060313896;910;952;61
2060374755;2016-01-07;41;2535378;true;0;967;1399;9999##39;26;84##133084797;1062||137193239;1653||111291593;1483||113705693;2132||89166519;1075##1;827;1169;195;142;70;923##false;222##false;835##false;557##1;222||8;241||6;255||4;261||1;295||4;318||6;348||2;451||8;455||5;462||10;479||1;480||9;484||7;498||8;608||4;755||2;802||6;833||1;835||5;851||7;852||3;863||4;870||10;962||9;971||7;1107||10;1138||7;1375||3;1385||4;1403||1;1477||4;1502||5;1503||10;1507||7;1508||8;1512||10;1526||6;1530||7;1591||9;1596||3;1602||1;1608||10;1623||7;1680||9;1691||1;1757||5;1762||2;1767||4;1827||6;1924||9;1924||7;1931||10;1934||9;1947||8;2025||7;2176||9;2220||3;2248||10;2271||7;2276||6;2279||5;2296||9;2451||6;2462||7;2467||10;2468||8;2475##2060374755;849;919;45
2060926151;2016-01-07;42;2535378;false;0;1234;926;9999##18;39;37##133084797;925||113705693;749||111291593;1023||89166519;810||137193239;1218##1;599;221;458;262;100;1071##true;126##false;770##false;1268##6;126||1;127||9;135||3;136||7;252||1;377||3;424||10;426||6;481||9;490||1;559||1;653||2;664||9;674||3;676||9;752||4;755||1;761||7;768||2;770||6;783||3;784||10;806||8;870||1;883||9;884||4;885||2;889||3;902||1;972||7;1058||4;1206||1;1210||2;1223||3;1228||1;1238||9;1420||6;1435||10;1454||8;1662||4;1663||1;1672||3;1678||5;1684||2;1694||9;1966||9;1975||1;2181||5;2191||2;2201||3;2217||3;2259||4;2260||1;2260||10;2285||4;2513||2;2515||1;2515||3;2517||5;2524##2060926151;894;954;46
2060735084;2016-01-07;76;2535378;false;0;783;1053;879##28;24;73##111291593;860||137193239;1642||133084797;768||113705693;1458||89166519;712##1;451;235;35;-265;70;1513##false;213##false;839##false;1482##3;213||10;218||4;302||3;319||7;403||5;480||10;481||3;524||4;610||9;612||4;693||3;762||6;776||5;782||8;788||3;824||4;839||10;979||6;987||3;1013||9;1016||5;1023||4;1023||1;1031||6;1107||2;1424||5;1439||3;1444||8;2106||7;2800||3;2802||4;2803||5;2815||9;3160||8;3170||5;3203||3;3209||8;3219||7;3228||10;3282||7;3523||9;3523||8;3526||8;3534||6;3759||10;3761||7;3761||8;3761||3;4242||8;4272||8;4290||6;4516||10;4546||8;4547##2060735084;848;1000;20
2060151192;2016-01-07;33;2535378;false;0;1070;820;9999##6;34;16##137193239;591||133084797;832||111291593;945||113705693;518||89166519;801##1;796;-67;-88;-577;400;945##true;62##false;916##false;1050##8;62||8;403||5;409||4;415||5;440||8;448||1;480||5;549||9;792||5;797||2;799||3;804||1;810||1;909||2;916||5;919||2;989||5;991||4;999||1;1133||4;1207||9;1302||9;1309||4;1437||1;1492||5;1543||2;1549||4;1727||5;1731||2;1882||1;1887||4;1993||1;1994||2;1996||5;2001||3;2003||4;2005||1;2008||8;2010||2;2010||5;2012||9;2017##2060151192;828;1100;41
2060210809;2016-01-07;34;2535378;false;0;1090;976;9999##11;26;30##133084797;896||113705693;1381||111291593;800||137193239;760||89166519;608##1;848;-27;-291;119;-130;932##false;271##false;1087##true;1196##4;271||3;370||7;573||5;651||7;653||8;654||10;662||6;675||9;678||7;821||9;831||2;833||1;835||5;839||4;848||8;1022||5;1083||2;1086||1;1087||10;1089||4;1095||2;1311||2;1324||5;1333||3;1450||5;1450||9;1618||5;1624||2;1626||3;1631||1;1648||3;1716||4;1837||5;1944||2;2041||1;2057||5;2058||4;2063##2060210809;787;1141;27
2062482167;2016-01-08;49;2535378;true;0;757;1216;835##25;15;63##113705693;1783||133084797;890||111291593;981||137193239;1025||89166519;1256##1;684;389;-139;-9;-100;1128##false;336##true;1334##false;1184##4;336||3;363||7;399||8;599||6;802||6;917||7;990||2;994||5;1001||6;1085||2;1087||7;1089||1;1102||6;1321||4;1322||8;1332||5;1333||7;1334||2;1340||7;1354||7;1464||6;1567||10;2227||6;2283||3;2294||2;2302||9;2306||4;2614||5;2625||3;2627||7;2635||2;2642||8;2657||10;2664||6;2670||8;2864||9;2871||9;2924||10;2927||6;2927||7;2928##2062482167;760;1210;20
2062552528;2016-01-08;34;2535378;false;1;937;748;9999##10;28;20##89166519;468||133084797;1081||111291593;829||113705693;604||137193239;650##1;315;104;-144;-71;270;867##true;152##false;1073##true;9999##4;152||5;194||3;199||10;249||10;312||7;327||1;379||7;457||8;489||3;521||8;537||9;610||2;666||3;795||9;803||8;889||7;890||1;960||7;1063||8;1073||1;1473||5;1474||9;1475||8;1475||6;1476||10;1479||7;1481||8;1547||6;1578||5;1579||7;1807||6;1813||8;1817||9;1964||6;2012||8;2024||7;2024||9;2038||10;2039##2062552528;780;1252;22
