2431735619;2537636;2016-06-12;3;820;3;false
2431404200;2537636;2016-06-12;3;1327;3;false
2431572778;2537636;2016-06-12;3;1322;3;true
2438649653;2537636;2016-06-15;3;1335;3;true
2442683776;2537636;2016-06-17;3;1055;3;false
2458949931;2537636;2016-06-24;1;862;3;false
2484001524;2537636;2016-07-05;3;1173;3;false
2483879748;2537636;2016-07-05;3;993;3;false
2488568108;2537636;2016-07-07;3;1722;3;true
2495868794;2537636;2016-07-10;3;2413;3;true
2510524532;2537636;2016-07-17;3;1222;3;true
2512651257;2537636;2016-07-18;3;1383;3;true
2516767488;2537636;2016-07-20;3;1559;3;true
2516898736;2537636;2016-07-20;3;1228;3;true
2517347414;2537636;2016-07-20;3;1118;3;true
2517241649;2537636;2016-07-20;3;1220;3;true
2517145787;2537636;2016-07-20;3;1381;3;false
2521452337;2537636;2016-07-22;3;1042;3;false
2521556894;2537636;2016-07-22;3;739;3;false
2521342948;2537636;2016-07-22;3;1288;3;true
2578149383;2537636;2016-08-17;3;919;3;false
2578320449;2537636;2016-08-17;3;1203;3;false
2590460386;2699723;2016-08-22;3;1050;3;false
2598144567;2699723;2016-08-25;3;1182;3;false
2603387578;2699723;2016-08-27;3;1327;3;false
2608773667;2699723;2016-08-29;3;1630;3;true
2608688827;2699723;2016-08-29;3;1861;3;true
2615107556;2699723;2016-09-01;3;1814;3;true
2614998076;2699723;2016-09-01;3;1781;3;true
2626606218;2699723;2016-09-06;3;1105;3;false
2626696552;2699723;2016-09-06;3;1076;3;false
2644349082;2699723;2016-09-14;3;779;3;false
2644265672;2699723;2016-09-14;3;916;3;false
2712631211;3334062;2016-10-15;3;989;3;false
2712728833;3334062;2016-10-15;3;1270;4;false
2715301084;3334062;2016-10-16;3;935;3;false
