2408596949;1836806;2016-06-03;1;871;4;false
2408739164;1836806;2016-06-03;1;1373;3;false
2409698555;1836806;2016-06-03;1;958;3;false
2409398145;1836806;2016-06-03;1;1048;2;true
2409258294;1836806;2016-06-03;1;916;4;false
2408676984;1836806;2016-06-03;1;778;2;true
2409157187;1836806;2016-06-03;1;1553;4;true
2409573458;1836806;2016-06-03;1;120;2;false
2418854718;1836806;2016-06-07;1;611;2;false
2437128789;1836806;2016-06-15;1;1535;2;true
2438078016;1836806;2016-06-15;1;681;2;false
2437178945;1836806;2016-06-15;1;794;2;true
2438227264;1836806;2016-06-15;1;2359;3;true
2439819883;1836806;2016-06-16;1;1399;2;true
2440293569;1836806;2016-06-16;1;634;4;false
2439888064;1836806;2016-06-16;1;1453;4;true
2441513017;1836806;2016-06-17;1;258;2;false
2441459357;1836806;2016-06-17;1;1623;2;true
2444865333;1836806;2016-06-18;1;2000;3;true
2444774503;1836806;2016-06-18;1;1655;3;true
2444001646;1836806;2016-06-18;1;1382;2;true
2444065157;1836806;2016-06-18;1;1493;2;true
2446816185;1836806;2016-06-19;1;625;2;false
2446921274;1836806;2016-06-19;1;2086;3;true
2451835794;1836806;2016-06-21;1;1051;4;false
2451943733;1836806;2016-06-21;1;827;4;false
2462385999;1836806;2016-06-26;1;1384;2;true
2462277891;1836806;2016-06-26;1;926;4;false
2463253508;1836806;2016-06-26;1;1053;2;true
2462666165;1836806;2016-06-26;1;1739;3;true
2462789056;1836806;2016-06-26;1;1446;4;true
2464976921;1836806;2016-06-27;1;1464;4;true
2464661404;1836806;2016-06-27;1;1048;4;true
2464572892;1836806;2016-06-27;1;1456;4;true
2465127321;1836806;2016-06-27;1;931;3;false
2465529645;1836806;2016-06-27;1;1468;4;true
2473693876;1836806;2016-07-01;1;1679;2;true
2473583647;1836806;2016-07-01;1;1733;4;true
2476601885;1836806;2016-07-02;1;1251;4;false
2476727031;1836806;2016-07-02;1;1606;4;true
2476846664;1836806;2016-07-02;1;1477;4;true
2483995702;1836806;2016-07-05;1;1156;2;true
2485836552;1836806;2016-07-06;1;1162;4;false
2485180059;1836806;2016-07-06;1;1491;4;true
2485296372;1836806;2016-07-06;1;1482;4;true
2486012999;1836806;2016-07-06;1;984;4;false
2485730343;1836806;2016-07-06;1;1720;4;true
2486139997;1836806;2016-07-06;1;1025;4;true
2487561001;1836806;2016-07-07;1;1679;3;true
2487843241;1836806;2016-07-07;1;1094;4;true
2487931572;1836806;2016-07-07;1;1517;4;true
2488090033;1836806;2016-07-07;1;1138;4;true
2488198093;1836806;2016-07-07;1;1185;3;false
2487426065;1836806;2016-07-07;1;2116;2;true
2489404051;1836806;2016-07-08;1;625;2;false
2490113541;1836806;2016-07-08;1;1380;3;true
2489840815;1836806;2016-07-08;1;1491;4;true
2489357139;1836806;2016-07-08;1;1738;4;true
2489929269;1836806;2016-07-08;1;1504;4;false
2494438298;1836806;2016-07-10;1;1191;3;true
2494588246;1836806;2016-07-10;1;1325;3;true
2494920249;1836806;2016-07-10;1;1391;4;false
2494287314;1836806;2016-07-10;1;1206;4;false
2494743001;1836806;2016-07-10;1;1226;3;false
2504519631;1836806;2016-07-14;1;1511;4;true
2504354745;1836806;2016-07-14;1;1249;4;false
2504438779;1836806;2016-07-14;1;614;2;true
2504584763;1836806;2016-07-15;1;1039;4;false
2504645577;1836806;2016-07-15;1;1690;4;true
2506690235;1836806;2016-07-15;1;1194;4;true
2504746331;1836806;2016-07-15;1;1720;4;true
2506751633;1836806;2016-07-16;1;1418;4;true
2511192816;1836806;2016-07-17;1;1398;4;true
2511147044;1836806;2016-07-17;1;1700;4;true
2511239695;1836806;2016-07-18;1;1324;4;true
2547137044;1836806;2016-08-03;1;1476;4;false
2547012516;1836806;2016-08-03;1;800;4;false
2547305725;1836806;2016-08-03;1;1406;4;true
2546938575;1836806;2016-08-03;1;1869;4;true
2547200329;1836806;2016-08-03;1;1248;4;false
2547353470;1836806;2016-08-03;1;1405;4;true
2548899546;1836806;2016-08-04;1;1161;4;true
2549189874;1836806;2016-08-04;1;1114;2;true
2549023865;1836806;2016-08-04;1;1106;4;false
2549141737;1836806;2016-08-04;1;1709;3;true
2551167223;1836806;2016-08-05;1;1249;3;true
2551226728;1836806;2016-08-05;1;1493;4;true
2550962469;1836806;2016-08-05;1;920;4;false
2551023876;1836806;2016-08-05;1;1357;4;false
2558190331;1836806;2016-08-08;1;1172;4;true
2558290213;1836806;2016-08-08;1;1782;3;true
2558255566;1836806;2016-08-08;1;979;4;false
2562482317;1836806;2016-08-11;1;1576;4;true
2562521800;1836806;2016-08-11;1;1806;2;true
2566725198;1836806;2016-08-12;1;1393;4;true
2566800064;1836806;2016-08-12;1;904;2;true
2569415435;1836806;2016-08-13;1;1081;4;false
2569610900;1836806;2016-08-14;1;897;1;true
2569531910;1836806;2016-08-14;1;1514;3;true
2569470828;1836806;2016-08-14;1;1485;3;true
2694301210;1836806;2016-10-07;1;972;4;false
2693894025;1836806;2016-10-07;1;1068;4;false
2694035303;1836806;2016-10-07;1;1369;4;true
2694152178;1836806;2016-10-07;1;1275;3;true
2695921963;1836806;2016-10-08;1;1102;3;false
2696033977;1836806;2016-10-08;1;1279;4;true
2698569659;1836806;2016-10-09;1;1961;3;true
2698471166;1836806;2016-10-09;1;1495;4;true
2718210341;1836806;2016-10-18;2;2207;3;true
2718126036;1836806;2016-10-18;2;2384;4;true
2720252794;1836806;2016-10-19;2;1179;2;true
2720320918;1836806;2016-10-19;2;1170;3;false
2722149130;1836806;2016-10-20;2;287;2;false
2722080608;1836806;2016-10-20;2;1380;4;true
2724379071;1836806;2016-10-21;1;275;2;false
2724534978;1836806;2016-10-21;1;1663;4;false
2729950082;1836806;2016-10-23;2;1923;3;true
2729627144;1836806;2016-10-23;2;771;3;false
2729811548;1836806;2016-10-23;2;750;2;false
2729503911;1836806;2016-10-23;2;844;3;false
