2412001984;2685608;2016-06-04;3;2157;3;true
2411837491;2685608;2016-06-04;3;1323;3;true
2416806533;2685608;2016-06-06;3;1467;3;true
2416976852;2685608;2016-06-06;3;1206;3;false
2423678615;2685608;2016-06-09;3;2139;3;true
2440075535;2685608;2016-06-16;3;2223;3;true
2440190742;2685608;2016-06-16;3;1559;3;true
2478854400;2685608;2016-07-03;2;1422;3;true
2481086683;2685608;2016-07-04;2;1022;3;false
2490196041;2685608;2016-07-08;2;632;3;false
2492745047;2685608;2016-07-09;3;1431;3;false
2492649216;2685608;2016-07-09;3;954;3;true
2494843224;2685608;2016-07-10;3;990;3;false
2655334362;20;2016-09-19;1;988;3;false
2655449401;20;2016-09-19;1;816;4;false
2656784254;20;2016-09-20;1;2123;4;true
2657079649;20;2016-09-20;1;865;4;false
2656660495;20;2016-09-20;1;1217;4;false
2657008002;20;2016-09-20;1;658;4;false
2659411495;20;2016-09-21;1;1371;4;true
2659286830;20;2016-09-21;1;1708;3;true
2665256563;20;2016-09-24;1;1025;4;false
2665530146;20;2016-09-24;1;1011;4;false
2665635982;20;2016-09-24;1;761;4;false
2667931748;20;2016-09-25;1;923;4;false
2670296334;20;2016-09-26;1;702;4;false
2670715913;20;2016-09-26;1;1720;4;false
2670592575;20;2016-09-26;1;817;4;false
2672554873;20;2016-09-27;1;1331;3;false
2672665616;20;2016-09-27;1;567;2;false
2689415501;20;2016-10-05;1;865;4;false
2695848169;20;2016-10-08;1;1642;4;true
2695719783;20;2016-10-08;1;840;3;false
2700603982;20;2016-10-10;1;1654;4;false
2700522662;20;2016-10-10;1;881;4;false
2702712371;20;2016-10-11;1;1551;4;true
2702831932;20;2016-10-11;1;1155;4;true
2705240016;20;2016-10-12;1;511;2;false
2705329321;20;2016-10-12;1;1060;4;false
2718197851;20;2016-10-18;1;995;4;false
2718133922;20;2016-10-18;1;1272;4;false
2720414555;20;2016-10-19;1;1254;4;false
2720302503;20;2016-10-19;1;1140;4;false
2714178143;20;2016-10-16;2;486;3;false
2714275612;20;2016-10-16;2;1015;4;false
2716244363;20;2016-10-17;2;1326;4;true
2720068203;20;2016-10-19;2;1392;4;true
2722176489;20;2016-10-20;2;1112;4;false
2722087191;20;2016-10-20;2;1425;4;false
2726439589;20;2016-10-22;2;1368;4;false
2726305857;20;2016-10-22;2;1034;4;false
