2437449279;1983234;2016-06-15;3;1141;4;true
2437336042;1983234;2016-06-15;3;682;2;false
2437583680;1983234;2016-06-15;3;1130;4;false
2437244405;1983234;2016-06-15;3;725;2;false
2437696905;1983234;2016-06-15;3;1575;4;true
2437175005;1983234;2016-06-15;3;1271;3;true
2439559922;1983234;2016-06-16;3;0;5;true
2439445675;1983234;2016-06-16;3;1992;3;true
2439801554;1983234;2016-06-16;3;1439;3;true
2439725116;1983234;2016-06-16;3;0;5;true
2440451503;1983234;2016-06-16;1;1534;4;true
2440329883;1983234;2016-06-16;1;699;2;false
2441879433;1983234;2016-06-17;1;63;2;false
2441750287;1983234;2016-06-17;3;1194;3;false
2441659625;1983234;2016-06-17;3;458;2;false
2441976865;1983234;2016-06-17;1;1313;3;false
2442473115;1983234;2016-06-17;1;1911;3;true
2442361952;1983234;2016-06-17;1;1138;4;true
2444037053;1983234;2016-06-18;3;1073;3;false
2444159334;1983234;2016-06-18;3;731;3;false
2446982483;1983234;2016-06-19;1;1271;4;true
2447087980;1983234;2016-06-19;1;809;2;true
2442813913;1983234;2016-06-17;1;1718;3;false
2442687053;1983234;2016-06-17;1;1246;3;false
2445142181;1983234;2016-06-18;1;1236;3;false
2445291106;1983234;2016-06-18;1;834;2;false
2447782025;1983234;2016-06-19;1;1068;3;false
2447655160;1983234;2016-06-19;1;1531;3;true
2449393484;1983234;2016-06-20;1;993;4;false
2449723633;1983234;2016-06-20;1;1514;3;false
2453884457;1983234;2016-06-22;1;1146;4;true
2471781717;1983234;2016-06-30;1;1174;4;false
2484871312;1983234;2016-07-06;1;1671;4;true
2484936023;1983234;2016-07-06;1;507;2;false
2487907693;1983234;2016-07-07;1;734;4;false
2487191672;1983234;2016-07-07;1;1501;4;true
2487823099;1983234;2016-07-07;1;1099;4;true
2487373654;1983234;2016-07-07;1;1343;4;true
2487250513;1983234;2016-07-07;1;1381;4;false
2487443779;1983234;2016-07-07;1;1323;4;true
2498542424;1983234;2016-07-12;1;1079;4;false
2498634257;1983234;2016-07-12;1;1029;4;false
2682659502;2789129;2016-10-02;1;1600;4;true
2683035523;2789129;2016-10-02;1;1078;4;false
2682803101;2789129;2016-10-02;1;974;4;false
2683359847;2789129;2016-10-02;1;1837;4;true
2682597524;2789129;2016-10-02;1;1815;4;true
2683272278;2789129;2016-10-02;1;1584;3;true
2684908804;2789129;2016-10-03;1;647;4;false
2685083574;2789129;2016-10-03;1;1304;2;false
2687318626;1983234;2016-10-04;1;934;4;false
2687244722;1983234;2016-10-04;1;864;3;false
2691797007;1983234;2016-10-06;1;1155;4;false
2691709901;1983234;2016-10-06;1;1394;4;true
2691626848;1983234;2016-10-06;1;1037;4;false
2700523900;1983234;2016-10-10;1;1355;3;false
2700624368;1983234;2016-10-10;1;1327;3;true
2702585514;1983234;2016-10-11;1;1127;4;false
2702529360;1983234;2016-10-11;1;1117;4;false
2704975615;1983234;2016-10-12;1;1062;3;false
2705068081;1983234;2016-10-12;1;1143;4;false
2715997946;1983234;2016-10-17;1;1988;3;true
2716078420;1983234;2016-10-17;1;803;4;false
2719973293;1983234;2016-10-19;1;1076;2;false
2719895980;1983234;2016-10-19;1;1124;3;false
2716349344;1983234;2016-10-17;2;923;4;true
2716457576;1983234;2016-10-17;2;1094;4;true
2718592440;1983234;2016-10-18;2;1530;3;true
2724704963;1983234;2016-10-21;2;822;3;false
2724541905;1983234;2016-10-21;2;926;4;true
2724057651;1983234;2016-10-21;2;821;4;false
2723971993;1983234;2016-10-21;2;1374;4;true
2731015822;1983234;2016-10-24;1;1174;4;false
