2480203750;1633432;2016-07-03;3;1062;4;true
2480056817;1633432;2016-07-03;3;1046;4;false
2480429722;1633432;2016-07-04;3;1573;1;true
2480342003;1633432;2016-07-04;3;1099;4;true
2484835754;1633432;2016-07-06;3;743;3;false
2484900789;1633432;2016-07-06;3;1375;3;true
2489052148;1633432;2016-07-07;3;828;4;false
2489017951;1633432;2016-07-07;3;680;4;false
2487094989;1633432;2016-07-07;3;1492;4;true
2569007402;1633432;2016-08-13;3;1846;3;true
2569085191;1633432;2016-08-13;3;1660;3;true
2568899416;1633432;2016-08-13;3;1592;3;true
2620767739;1633432;2016-09-04;3;1149;3;true
2620869535;1633432;2016-09-04;3;748;3;false
2620993043;1633432;2016-09-04;3;904;3;false
2658178662;3334608;2016-09-20;2;669;3;false
2658392151;3334608;2016-09-21;2;1205;3;true
2662309172;3334608;2016-09-23;2;588;3;false
2662428994;3334608;2016-09-23;2;809;3;false
2662349068;3334608;2016-09-23;2;1733;3;true
2664559224;3334608;2016-09-24;2;736;3;false
2664607109;3334608;2016-09-24;2;765;3;false
