2508043661;2754835;2016-07-16;3;1407;1;true
2508585061;1218336;2016-07-16;3;1635;2;true
2508490564;1218336;2016-07-16;3;2678;2;true
2509888363;1218336;2016-07-17;3;2308;2;true
2516724813;1218336;2016-07-20;3;598;1;false
2516835075;1218336;2016-07-20;3;1203;3;true
2520593056;1218336;2016-07-22;3;1204;3;false
2520775794;1218336;2016-07-22;3;1467;1;true
2520468399;1218336;2016-07-22;3;1542;1;true
2520690527;1218336;2016-07-22;3;1535;1;true
2521056471;1218336;2016-07-22;3;1426;1;true
2523834511;1218336;2016-07-23;3;2452;2;true
2524029429;1218336;2016-07-23;3;1675;1;true
2524124127;1218336;2016-07-23;3;1884;2;true
2523927706;1218336;2016-07-23;3;950;2;false
2527506424;2897338;2016-07-25;3;251;2;false
2535809369;1218336;2016-07-29;3;1390;2;true
2536154058;1218336;2016-07-29;3;900;2;true
2562262737;1218336;2016-08-10;3;2775;2;true
2562184751;1218336;2016-08-10;3;1576;2;true
2572199443;1218336;2016-08-15;3;2631;4;true
2582952961;1218336;2016-08-19;3;511;1;false
2587244717;2283526;2016-08-21;3;1736;2;true
2593324587;1218336;2016-08-23;3;2078;2;true
2599700068;1218336;2016-08-26;3;1296;2;true
2602286025;1218336;2016-08-27;3;1608;4;true
2606073554;1218336;2016-08-28;3;1060;4;true
2605106239;1218336;2016-08-28;3;1756;2;true
2605214600;1218336;2016-08-28;3;1443;1;true
2606214242;1218336;2016-08-28;3;1295;3;false
2670213991;1218336;2016-09-26;3;969;1;true
2670270728;1218336;2016-09-26;3;1008;1;false
2724556363;1218336;2016-10-21;3;756;1;false
2726601833;2646086;2016-10-22;3;1241;1;true
2726497195;1218336;2016-10-22;3;1806;2;true
2726728259;1218336;2016-10-22;3;1819;2;true
2728968982;1218336;2016-10-23;3;547;3;false
2729357664;1218336;2016-10-23;3;1288;1;true
2729192598;1218336;2016-10-23;3;1416;3;false
