2415286409;2246141;2016-06-05;3;1231;3;true
2415395924;2246141;2016-06-05;3;1312;3;true
2438350996;2246141;2016-06-15;3;948;3;false
2438528893;2246141;2016-06-15;3;1451;3;true
2438220840;2246141;2016-06-15;3;1803;3;true
2450534146;2246141;2016-06-20;3;1318;3;true
2450210885;2246141;2016-06-20;3;1265;3;true
2450017711;2246141;2016-06-20;3;927;3;true
2450441258;2246141;2016-06-20;3;1679;3;true
2459046751;2246141;2016-06-24;1;900;3;false
2468020222;2246141;2016-06-28;3;952;3;true
2467857302;2246141;2016-06-28;3;1110;3;true
2474391790;2246141;2016-07-01;3;914;3;false
2474599501;2246141;2016-07-01;3;1369;3;false
2477291169;2246141;2016-07-02;3;727;3;false
2477111585;2246141;2016-07-02;3;1153;3;true
2476890937;2246141;2016-07-02;3;1266;3;false
2499697566;2246141;2016-07-12;3;958;3;true
2499847091;2246141;2016-07-12;3;896;3;false
2499966236;2246141;2016-07-12;3;934;3;true
2502039240;2246141;2016-07-13;3;1098;3;true
2501626678;2246141;2016-07-13;3;969;3;false
2501910512;2246141;2016-07-13;3;902;3;false
2501789898;2246141;2016-07-13;3;1375;3;true
2516775236;2246141;2016-07-20;3;1161;3;false
2534231650;2246141;2016-07-28;2;778;3;false
2534358398;2246141;2016-07-28;2;1464;3;true
2534438961;2246141;2016-07-28;2;1123;3;true
2536261080;2246141;2016-07-29;3;947;3;true
2536107888;2246141;2016-07-29;3;789;3;false
2535960870;2246141;2016-07-29;3;1238;3;true
2538610003;2246141;2016-07-30;2;753;3;false
2538763520;2246141;2016-07-30;2;1123;3;true
2538849632;2246141;2016-07-30;2;762;3;false
2578295629;2246141;2016-08-17;3;666;3;false
2578168668;2246141;2016-08-17;3;951;3;false
2617454276;2246141;2016-09-02;3;1319;3;false
2617344449;2246141;2016-09-02;3;878;3;false
2622538773;2246141;2016-09-04;3;1303;3;true
2622283299;2246141;2016-09-04;3;1010;3;true
2622403947;2246141;2016-09-04;3;1057;3;false
2632637217;2246141;2016-09-09;3;1473;3;false
2639897984;2246141;2016-09-12;3;1227;3;true
2639999214;2246141;2016-09-12;3;964;3;true
2661929547;2246141;2016-09-22;1;909;3;false
2661805196;2246141;2016-09-22;1;1079;3;true
2673327701;2246141;2016-09-27;2;1302;3;true
2692918404;2246141;2016-10-06;1;1613;3;true
2692974314;2246141;2016-10-06;1;967;3;true
2694580690;2246141;2016-10-07;1;918;3;false
2694422410;2246141;2016-10-07;1;1072;3;false
2707689229;2246141;2016-10-13;3;1351;3;true
2707573960;2246141;2016-10-13;3;1573;3;true
2722963150;2246141;2016-10-20;3;1694;3;true
2723055159;2246141;2016-10-20;3;1199;3;false
2723169236;2246141;2016-10-20;3;809;3;false
2727374655;2246141;2016-10-22;3;1277;3;true
2736553047;2246141;2016-10-26;1;1269;3;true
2736672364;2246141;2016-10-26;1;742;3;false
2736724413;2246141;2016-10-26;1;1144;3;false
