2407115659;2644737;2016-06-02;3;765;3;false
2417129266;2644737;2016-06-06;3;857;4;false
2458243176;2644737;2016-06-24;1;806;3;false
2538322995;2644737;2016-07-30;3;1324;3;false
2538165637;2644737;2016-07-30;3;1143;3;false
2565746258;2644737;2016-08-12;3;1466;3;true
2565535370;2644737;2016-08-12;3;792;3;false
2582419453;2644737;2016-08-19;3;780;3;false
2582284647;2644737;2016-08-19;3;1007;3;false
2593360179;2644737;2016-08-23;3;1235;3;true
2593192433;2644737;2016-08-23;3;1257;3;true
2592979329;2644737;2016-08-23;3;1163;3;true
2613071027;2644737;2016-08-31;3;1321;3;true
2612859443;2644737;2016-08-31;3;1047;3;true
2612711175;2644737;2016-08-31;3;1023;3;false
2668369305;2644737;2016-09-25;2;1336;3;true
2735428111;2644737;2016-10-26;1;1149;3;false
