2497352898;2413318;2016-07-11;3;1559;2;false
2597982489;2413318;2016-08-25;3;1112;1;false
2603387578;2413318;2016-08-27;3;1133;1;true
2610697408;2413318;2016-08-30;3;715;2;false
2668721584;3326875;2016-09-25;2;1144;2;false
2700957746;3326875;2016-10-10;1;1236;2;true
2704981789;3326875;2016-10-12;3;1952;2;true
2705090150;3326875;2016-10-12;3;1608;2;false
2706788034;3326875;2016-10-13;1;1691;2;true
2706886080;3326875;2016-10-13;1;1473;2;true
2708960090;3326875;2016-10-14;3;1687;2;true
2708862807;3326875;2016-10-14;3;1420;2;true
2711523914;3326875;2016-10-15;1;1764;2;true
2711290321;3326875;2016-10-15;1;1564;2;true
2711425953;3326875;2016-10-15;1;562;2;false
2714546861;3326875;2016-10-16;1;2124;2;true
2714235087;3326875;2016-10-16;1;1661;2;true
2714379865;3326875;2016-10-16;1;1100;4;false
2714694526;3326875;2016-10-16;1;1608;2;true
2716807205;3326875;2016-10-17;3;2052;2;true
2716673369;3326875;2016-10-17;3;1056;2;true
2720305840;3326875;2016-10-19;3;1665;2;true
2720381672;3326875;2016-10-19;3;968;2;true
2724579408;3326875;2016-10-21;3;1637;2;true
2724485432;3326875;2016-10-21;3;2002;2;true
2737492619;3326875;2016-10-27;1;1120;2;true
2737217746;3326875;2016-10-27;1;2399;2;true
2737001961;3326875;2016-10-27;1;1726;2;true
2736921333;3326875;2016-10-27;1;2177;2;true
2737401801;3326875;2016-10-27;1;1294;2;true
2739155707;3326875;2016-10-28;1;2032;2;true
2739471868;3326875;2016-10-28;1;2542;4;true
2738932967;3326875;2016-10-28;1;1498;2;true
2741219726;3326875;2016-10-29;1;1852;2;true
2741298287;3326875;2016-10-29;1;2255;4;true
2744028658;3326875;2016-10-30;1;2572;2;true
2743840559;3326875;2016-10-30;1;2009;2;true
