2459046751;2538753;2016-06-24;1;1269;2;true
2459675261;2538753;2016-06-24;1;1409;2;true
2459399803;2538753;2016-06-24;1;1788;4;true
2459216314;2538753;2016-06-24;1;1857;2;true
2459583995;2538753;2016-06-24;1;870;2;true
2460720900;2538753;2016-06-25;1;909;2;false
2459741412;2538753;2016-06-25;1;1348;2;true
2461361885;2538753;2016-06-25;1;1788;4;true
2460419598;2538753;2016-06-25;1;1506;2;true
2461015742;2538753;2016-06-25;1;2017;2;true
2463391722;2538753;2016-06-26;1;963;2;true
2463706598;2538753;2016-06-26;1;2365;2;true
2464317937;2538753;2016-06-26;1;1119;2;false
2463564353;2538753;2016-06-26;1;1050;2;false
2462816076;2538753;2016-06-26;1;789;2;false
2464043004;2538753;2016-06-26;1;727;2;false
2462991375;2538753;2016-06-26;1;1896;2;true
2465524303;2538753;2016-06-27;1;667;2;false
2465954548;2538753;2016-06-27;1;923;1;false
2465379514;2538753;2016-06-27;1;1312;4;false
2465741210;2538753;2016-06-27;1;1581;2;false
2465649035;2538753;2016-06-27;1;1894;4;true
2512752334;2538753;2016-07-18;3;909;2;true
2512635763;2538753;2016-07-18;3;1012;2;true
2519003016;2538753;2016-07-21;3;1220;2;false
2518864618;2538753;2016-07-21;3;478;2;false
2529648536;2538753;2016-07-26;2;905;2;true
2529744998;2538753;2016-07-26;2;1221;2;true
2532151432;2538753;2016-07-27;2;1141;2;true
2532327086;2538753;2016-07-27;2;1087;1;true
2534163455;2538753;2016-07-28;3;1123;1;true
2534037418;2538753;2016-07-28;3;980;2;true
2578664531;2538753;2016-08-17;3;1018;2;false
2578754563;2538753;2016-08-17;3;1853;2;true
2578295629;2538753;2016-08-17;3;956;2;true
2578168668;2538753;2016-08-17;3;1910;2;true
2578541156;2538753;2016-08-17;3;1170;1;true
2580859674;2538753;2016-08-18;3;1059;4;false
2580759566;2538753;2016-08-18;3;1198;4;false
2580636916;2538753;2016-08-18;3;850;4;false
2588317584;2538753;2016-08-21;3;719;1;false
2593429545;2538753;2016-08-23;2;1216;2;true
2593273196;2538753;2016-08-23;2;1230;2;true
2603164562;2538753;2016-08-27;3;2089;2;true
2606273603;2538753;2016-08-28;2;619;2;false
2605749151;2538753;2016-08-28;2;1252;2;false
2605960381;2538753;2016-08-28;2;627;2;false
2606154219;2538753;2016-08-28;2;1086;2;false
2617208982;2538753;2016-09-02;3;715;2;false
2617343599;2538753;2016-09-02;3;538;2;false
2626370554;2538753;2016-09-06;3;1473;2;true
2626459274;2538753;2016-09-06;3;1735;1;true
2644301380;2538753;2016-09-14;3;1612;4;true
2644154772;2538753;2016-09-14;3;1126;1;false
2644420063;2538753;2016-09-14;3;713;4;false
2662107100;2538753;2016-09-22;1;914;1;false
2661977503;2538753;2016-09-22;1;2107;2;true
2661576001;2538753;2016-09-22;1;1411;2;false
2663854398;2538753;2016-09-23;1;1070;2;true
2663703123;2538753;2016-09-23;1;1547;2;true
2666268005;2538753;2016-09-24;1;1036;2;true
2666414264;2538753;2016-09-24;1;728;2;false
2671409178;2538753;2016-09-26;2;724;1;false
2691749029;2538753;2016-10-06;1;1332;2;true
2691465961;2538753;2016-10-06;1;1090;2;true
2694127685;2538753;2016-10-07;1;1943;2;false
2693998716;2538753;2016-10-07;1;2139;2;true
2697484544;2538753;2016-10-08;1;803;2;false
2696864414;2538753;2016-10-08;1;1493;2;true
2697268185;2538753;2016-10-08;1;1655;2;true
2697388470;2538753;2016-10-08;1;753;2;false
2696722540;2538753;2016-10-08;1;1207;2;true
2705906457;2538753;2016-10-12;1;276;2;false
2706086605;2538753;2016-10-12;1;1786;2;true
2706004596;2538753;2016-10-12;1;1496;2;true
2710045006;2538753;2016-10-14;1;1238;4;false
2709731113;2538753;2016-10-14;1;2145;2;true
2709915195;2538753;2016-10-14;1;644;2;false
2712631211;2538753;2016-10-15;3;1462;2;true
2712728833;2538753;2016-10-15;3;1120;2;true
2719214280;2538753;2016-10-18;3;289;2;false
2719272863;2538753;2016-10-18;3;2082;4;true
2719345353;2538753;2016-10-18;3;398;2;false
2720732352;2538753;2016-10-19;3;1568;2;true
2725122243;2538753;2016-10-21;3;1933;2;true
2727374655;2538753;2016-10-22;3;1154;1;false
2737426491;2538753;2016-10-27;1;1103;4;false
2737621578;2538753;2016-10-27;1;1937;2;true
2737326148;2538753;2016-10-27;1;495;2;false
2738512449;2538753;2016-10-27;1;1260;2;false
2739740929;2538753;2016-10-28;1;1209;1;false
2740120432;2538753;2016-10-28;1;1382;2;false
2740725576;2538753;2016-10-28;1;967;1;false
2740634318;2538753;2016-10-28;1;461;2;false
2740492401;2538753;2016-10-28;1;4969;2;true
