2442837594;2642171;2016-06-17;2;660;2;true
2442971767;2642171;2016-06-17;2;1522;3;true
2450557369;2642171;2016-06-20;2;1179;4;true
2450449216;2642171;2016-06-20;2;1385;4;true
2454922855;2642171;2016-06-22;2;1736;4;true
2455028459;2642171;2016-06-22;2;1636;4;true
2461369456;2642171;2016-06-25;1;935;4;false
2461514781;2642171;2016-06-25;1;1122;4;false
2460737408;2642171;2016-06-25;1;1023;2;true
2460412203;2642171;2016-06-25;1;1360;4;true
2461049428;2642171;2016-06-25;1;993;4;false
2462978052;2642171;2016-06-26;1;1123;4;true
2463706598;2642171;2016-06-26;1;1009;4;false
2463232208;2642171;2016-06-26;1;1148;4;true
2463407690;2642171;2016-06-26;1;1164;4;true
2465524303;2642171;2016-06-27;1;1310;4;true
2465379514;2642171;2016-06-27;1;975;2;true
2467933282;2642171;2016-06-28;1;807;4;false
2467792562;2642171;2016-06-28;1;1553;4;true
2467649043;2642171;2016-06-28;1;1070;4;false
2467484798;2642171;2016-06-28;1;1213;4;false
2467346817;2642171;2016-06-28;1;1021;4;false
2482030715;2642171;2016-07-04;2;1134;4;false
2482142961;2642171;2016-07-04;2;1138;4;false
2488753749;2642171;2016-07-07;2;1646;3;true
2488684011;2642171;2016-07-07;2;1673;4;true
2504180385;2642171;2016-07-14;1;1023;4;false
2504081168;2642171;2016-07-14;1;1213;4;true
2504247299;2642171;2016-07-14;1;486;2;false
2506602590;2642171;2016-07-15;1;1013;4;false
2506471754;2642171;2016-07-15;1;1013;4;false
2521160349;2642171;2016-07-22;2;773;2;false
2521030247;2642171;2016-07-22;2;1030;2;false
2530490207;2642171;2016-07-26;2;1813;4;true
2530566335;2642171;2016-07-26;2;1018;2;false
2530669102;2642171;2016-07-26;2;1792;3;true
2532639921;2642171;2016-07-27;2;1640;3;true
2532548100;2642171;2016-07-27;2;1419;4;true
2532467081;2642171;2016-07-27;2;1019;4;false
2593429545;2642171;2016-08-23;2;606;4;false
2593273196;2642171;2016-08-23;2;805;4;false
2600139014;2642171;2016-08-26;2;786;4;false
2600408856;2642171;2016-08-26;2;855;4;false
2600267452;2642171;2016-08-26;2;1842;4;true
2661783205;2642171;2016-09-22;1;1779;4;true
2662072050;2642171;2016-09-22;1;1509;3;false
2661875544;2642171;2016-09-22;1;535;2;false
2662027296;2642171;2016-09-22;1;1491;4;true
2715176538;2642171;2016-10-16;1;1388;4;true
2714912582;2642171;2016-10-16;1;974;4;true
2715080172;2642171;2016-10-16;1;1440;4;false
2717267408;2642171;2016-10-17;1;1467;4;true
2717363456;2642171;2016-10-17;1;1384;4;false
2717444292;2642171;2016-10-17;1;1376;4;true
2719226671;2642171;2016-10-18;1;853;4;false
2719361223;2642171;2016-10-18;1;1243;3;false
2719307202;2642171;2016-10-18;1;1294;3;false
2719116845;2642171;2016-10-18;1;1405;4;true
2721269191;2642171;2016-10-19;1;1162;4;false
2721329773;2642171;2016-10-19;1;1182;4;true
2721400291;2642171;2016-10-19;1;325;2;false
2723373532;2642171;2016-10-20;1;1199;4;false
2723307851;2642171;2016-10-20;1;2206;4;true
2723454781;2642171;2016-10-20;1;578;1;false
2737426491;2642171;2016-10-27;1;1933;4;true
2737329857;2642171;2016-10-27;1;1166;2;true
2737636507;2642171;2016-10-27;1;1609;4;true
2738098377;2642171;2016-10-27;1;704;2;false
2738242665;2642171;2016-10-27;1;1035;4;false
2738542959;2642171;2016-10-27;1;1600;4;true
2739453952;2642171;2016-10-28;1;1578;4;true
2740305850;2642171;2016-10-28;1;1698;4;true
2739907255;2642171;2016-10-28;1;1120;3;false
2742072564;2642171;2016-10-29;1;2677;4;true
2741957127;2642171;2016-10-29;1;1642;3;true
