2449534526;2233998;2016-06-20;2;736;1;true
2490196041;2233998;2016-07-08;2;1193;1;true
2682658950;2233998;2016-10-02;1;1200;1;true
2682602045;2233998;2016-10-02;1;1436;1;true
2682753974;2233998;2016-10-02;1;1439;1;true
2683240646;2233998;2016-10-02;1;1106;1;true
2683065908;2233998;2016-10-02;1;1100;1;false
2683338166;2233998;2016-10-02;1;1417;1;true
2682825489;2233998;2016-10-02;1;1172;1;true
2685003511;2233998;2016-10-03;1;789;1;false
2684951260;2233998;2016-10-03;1;1178;1;true
2685266895;2233998;2016-10-03;1;706;1;false
2685201757;2233998;2016-10-03;1;550;1;false
2685075999;2233998;2016-10-03;1;1591;1;true
2686984160;2233998;2016-10-04;1;804;1;false
2687033811;2233998;2016-10-04;1;833;1;false
