2406229857;2701329;2016-06-02;3;1043;3;false
2406270807;2701329;2016-06-02;3;1557;3;false
2457872729;2639697;2016-06-24;1;2755;3;true
2459664323;2639697;2016-06-25;1;1551;3;true
2656346968;3333361;2016-09-20;2;1100;3;false
2660336918;3333361;2016-09-22;2;868;3;true
2660283010;3333361;2016-09-22;2;1272;3;true
2667384586;3333361;2016-09-25;2;695;3;false
2667295362;3333361;2016-09-25;2;1200;3;false
2667251333;3333361;2016-09-25;2;1339;3;true
2675568667;3333361;2016-09-28;2;747;3;false
2677591521;3333361;2016-09-29;2;1400;3;false
2677626358;3333361;2016-09-29;2;1046;3;false
2738608159;2701329;2016-10-27;1;1461;3;true
2738673858;2701329;2016-10-27;1;743;3;false
2738810223;2701329;2016-10-28;1;822;3;false
2740880429;2701329;2016-10-28;1;1819;3;false
2740966265;2701329;2016-10-28;1;1880;3;false
2740678805;2701329;2016-10-28;1;2823;3;true
