2410895838;2777247;2016-06-04;1;675;1;false
2411603661;2777247;2016-06-04;1;1268;2;false
2411780572;2777247;2016-06-04;1;858;1;false
2410966933;2777247;2016-06-04;1;827;2;false
2419236363;2777247;2016-06-07;1;953;1;true
2422924793;2777247;2016-06-09;1;1078;1;true
2422795457;2777247;2016-06-09;1;623;1;false
2422858795;2777247;2016-06-09;1;1241;1;true
2425518994;2777247;2016-06-10;1;1269;2;true
2425393743;2777247;2016-06-10;1;1208;1;false
2425646897;2777247;2016-06-10;1;232;2;false
2437920870;2777247;2016-06-15;3;495;2;false
2437995937;2777247;2016-06-15;3;466;2;false
2437315154;2777247;2016-06-15;1;2106;2;true
2437818927;2777247;2016-06-15;3;1224;1;true
2437471441;2777247;2016-06-15;3;1454;1;true
2439811503;2777247;2016-06-16;3;969;1;false
2439509185;2777247;2016-06-16;1;1238;1;true
2440252878;2777247;2016-06-16;1;662;1;false
2439745493;2777247;2016-06-16;3;1473;1;true
2440121708;2777247;2016-06-16;1;852;1;false
2439402693;2777247;2016-06-16;1;1187;1;true
2439946663;2777247;2016-06-16;3;1209;1;false
2441988389;2777247;2016-06-17;1;932;1;false
2441513017;2777247;2016-06-17;1;1248;1;true
2441459357;2777247;2016-06-17;1;725;1;false
2441902694;2777247;2016-06-17;1;1040;1;false
2443848318;2777247;2016-06-18;1;1352;1;true
2443790054;2777247;2016-06-18;1;997;1;true
2447376537;2777247;2016-06-19;1;2306;4;true
2447434608;2777247;2016-06-19;1;1110;1;true
2474243841;726228;2016-07-01;1;1658;4;false
2547405264;2777247;2016-08-04;1;718;1;false
2547532940;2777247;2016-08-04;1;1189;1;false
2547614737;2777247;2016-08-04;1;468;1;false
2547448984;2777247;2016-08-04;1;640;1;false
2549312032;2777247;2016-08-04;1;1140;1;true
2549370824;2777247;2016-08-04;1;568;1;false
2549583869;2777247;2016-08-05;1;1244;1;false
2549469759;2777247;2016-08-05;1;962;1;true
2549410407;2777247;2016-08-05;1;1264;1;true
2549664835;2777247;2016-08-05;1;1101;1;true
2551444424;2777247;2016-08-05;1;1262;4;false
2551398791;2777247;2016-08-05;1;689;1;false
2551558915;2777247;2016-08-06;1;1107;1;false
2551509577;2777247;2016-08-06;1;738;1;false
2558332885;2777247;2016-08-09;1;1150;4;false
2655068220;3326126;2016-09-19;1;644;1;false
2655162963;3326126;2016-09-19;1;1467;1;true
2656784254;3326126;2016-09-20;1;1547;2;false
2656660495;3326126;2016-09-20;1;1378;1;true
2659133421;3326126;2016-09-21;1;1152;1;false
2658934424;3326126;2016-09-21;1;1408;1;true
2659046325;3326126;2016-09-21;1;1650;1;true
2658837692;3326126;2016-09-21;1;776;1;false
2660839032;3326126;2016-09-22;1;927;1;false
2660695595;3326126;2016-09-22;1;886;1;false
2660589253;3326126;2016-09-22;1;1132;1;false
2660942998;3326126;2016-09-22;1;1065;1;false
2663104715;3326126;2016-09-23;1;1069;1;false
2663002354;3326126;2016-09-23;1;1657;1;true
2665415486;3326126;2016-09-24;1;948;1;false
2665279316;3326126;2016-09-24;1;1067;1;true
2668240963;3326126;2016-09-25;1;1194;1;false
2670208637;3326126;2016-09-26;1;940;1;false
2670311866;3326126;2016-09-26;1;1057;1;false
2676008277;3326126;2016-09-29;1;2085;1;true
2676065116;3326126;2016-09-29;1;1483;1;true
2691730557;3326126;2016-10-06;1;1062;1;false
2691858168;3326126;2016-10-06;1;973;1;false
2693908642;3326126;2016-10-07;1;1149;1;true
2694022188;3326126;2016-10-07;1;1237;1;true
2700859282;3326126;2016-10-10;1;1247;1;true
2701369873;3326126;2016-10-10;1;1378;1;true
2701159257;3326126;2016-10-10;1;1218;1;true
2701001981;3326126;2016-10-10;1;1343;1;true
2702537344;3326126;2016-10-11;1;1076;1;false
2702647195;3326126;2016-10-11;1;916;1;false
2704975615;3326126;2016-10-12;1;1502;1;true
2705068081;3326126;2016-10-12;1;1236;1;true
2704709099;3326126;2016-10-12;1;1028;1;false
2704597606;3326126;2016-10-12;1;1163;1;false
2716173396;3326126;2016-10-17;1;1432;1;true
2716254823;3326126;2016-10-17;1;1299;1;true
2718467209;3326126;2016-10-18;1;800;1;false
2718337560;3326126;2016-10-18;1;1145;1;true
2720699522;3326126;2016-10-19;1;1092;1;true
2720549228;3326126;2016-10-19;1;930;1;false
2713644866;3326126;2016-10-16;2;1045;1;true
2713795862;3326126;2016-10-16;2;1422;1;true
2720261185;3326126;2016-10-19;2;1023;1;true
2720376357;3326126;2016-10-19;2;1005;1;false
2722176489;3326126;2016-10-20;2;1640;1;true
2722087191;3326126;2016-10-20;2;1345;1;true
2724616088;3326126;2016-10-21;2;1444;1;true
2724750976;3326126;2016-10-21;2;1206;1;true
2727022170;3326126;2016-10-22;2;781;1;false
2726851753;3326126;2016-10-22;2;1027;1;true
2739447433;3326126;2016-10-28;1;403;1;false
2739185023;3326126;2016-10-28;1;1081;1;true
2739912560;3326126;2016-10-28;1;1415;1;true
2738938108;3326126;2016-10-28;1;1257;1;true
2739016157;3326126;2016-10-28;1;862;1;false
2741403542;3326126;2016-10-29;1;1918;1;true
2741216200;3326126;2016-10-29;1;1184;1;false
2741553470;3326126;2016-10-29;1;1266;1;false
2742011320;3326126;2016-10-29;1;1199;1;false
