2407115659;24;2016-06-02;3;984;3;true
2437839428;24;2016-06-15;3;888;3;false
2437948887;24;2016-06-15;3;899;3;false
2514575187;24;2016-07-19;3;1085;3;false
2514756265;24;2016-07-19;3;1714;3;true
2516374201;24;2016-07-20;3;997;3;true
2516527499;24;2016-07-20;3;1120;3;true
2522842914;24;2016-07-23;3;767;3;false
2523032357;24;2016-07-23;3;908;3;true
2522950527;24;2016-07-23;3;887;3;true
2525447612;24;2016-07-24;3;1430;3;true
2525344944;24;2016-07-24;3;950;3;false
2525567742;24;2016-07-24;3;1042;3;true
2533570928;24;2016-07-28;3;1086;3;true
2533712629;24;2016-07-28;3;1462;3;true
2533661491;24;2016-07-28;3;792;3;false
2535897900;24;2016-07-29;3;824;3;false
2536005907;24;2016-07-29;3;670;3;false
2540139671;24;2016-07-31;3;1354;3;true
2540275204;24;2016-07-31;3;1171;3;false
2540424572;24;2016-07-31;3;1374;3;true
2540366603;24;2016-07-31;3;1385;3;true
2565907776;24;2016-08-12;3;909;3;false
2566107616;24;2016-08-12;3;1129;3;true
2575620376;24;2016-08-16;3;1522;3;true
2575276783;24;2016-08-16;3;1129;3;true
2575418706;24;2016-08-16;3;1018;3;false
2578276735;24;2016-08-17;3;1248;3;false
2577865653;24;2016-08-17;3;1083;3;false
2577763041;24;2016-08-17;3;968;3;false
2578154611;24;2016-08-17;3;962;3;false
2577367735;24;2016-08-17;3;1022;3;true
2584731376;24;2016-08-20;3;1080;3;true
2584894444;24;2016-08-20;3;1145;3;true
2587981860;24;2016-08-21;3;1271;4;true
2587477506;24;2016-08-21;3;1351;3;false
2587648563;24;2016-08-21;3;903;3;true
2587824792;24;2016-08-21;3;1162;3;true
2587360035;24;2016-08-21;3;1654;3;true
2590368290;24;2016-08-22;3;1295;4;true
2590220550;24;2016-08-22;3;1239;3;true
2597591490;24;2016-08-25;3;743;3;false
2597699701;24;2016-08-25;3;1244;3;false
2602331109;24;2016-08-27;3;750;3;false
2605819642;24;2016-08-28;3;841;3;false
2605406862;24;2016-08-28;3;960;3;false
2631317733;24;2016-09-09;3;910;3;false
2634540289;24;2016-09-10;3;1064;3;false
2662932759;24;2016-09-23;3;843;3;false
2678331923;24;2016-09-30;3;492;3;false
2678238536;24;2016-09-30;3;702;3;false
