2404141174;2640099;2016-06-01;3;883;2;false
2403997603;2640099;2016-06-01;3;1121;1;false
2404059469;2640099;2016-06-01;3;1142;1;true
2459667615;1333179;2016-06-24;1;1409;1;true
2459718722;2640099;2016-06-25;1;1183;1;true
2475269496;2447557;2016-07-01;3;1525;3;true
2477612698;2447557;2016-07-02;3;1381;3;false
2477713010;2447557;2016-07-02;3;1969;3;false
2475387867;2447557;2016-07-02;3;1783;3;true
2515394312;2677025;2016-07-19;3;1484;2;true
2515338113;2677025;2016-07-19;3;1661;2;true
2658178662;3214108;2016-09-20;2;1155;4;true
2658259556;3214108;2016-09-21;2;1016;4;true
2662179216;3214108;2016-09-22;2;2340;2;true
2667103957;3214108;2016-09-24;2;1098;4;false
2667057578;3214108;2016-09-24;2;1381;4;true
2667169504;3214108;2016-09-25;2;1412;3;true
2677624868;3214108;2016-09-29;2;1244;4;true
2677586110;3214108;2016-09-29;2;828;4;false
2679837580;3214108;2016-09-30;2;1473;4;true
2679987112;3214108;2016-10-01;2;2033;4;true
2680122681;3214108;2016-10-01;2;1163;4;false
2708158481;3214108;2016-10-13;1;1483;4;true
2715490848;3214108;2016-10-16;1;1390;4;false
2715554686;3214108;2016-10-16;1;1457;4;true
2715610842;3214108;2016-10-17;1;1633;4;true
2707859015;3214108;2016-10-13;1;1177;3;false
2707751660;3214108;2016-10-13;1;1015;4;true
2717502894;3214108;2016-10-17;1;644;3;false
2717600898;3214108;2016-10-17;1;1252;3;false
2717560456;3214108;2016-10-17;1;1705;3;true
2717653391;3214108;2016-10-18;1;1192;4;true
2719395739;3214108;2016-10-18;1;1073;4;false
2719307715;3214108;2016-10-18;1;1046;4;false
2717713390;3214108;2016-10-18;1;1054;4;true
2721319658;3214108;2016-10-19;1;1626;3;true
2721116910;3214108;2016-10-19;1;1402;4;true
2721261967;3214108;2016-10-19;1;855;2;false
2721020383;3214108;2016-10-19;1;598;4;false
2738480868;3214108;2016-10-27;1;1207;4;true
2738673858;3214108;2016-10-27;1;1438;2;true
2738812191;3214108;2016-10-28;1;1161;3;false
2740960816;3214108;2016-10-28;1;2222;4;true
2740785367;3214108;2016-10-28;1;2478;4;true
2740497200;3214108;2016-10-28;1;1642;4;true
2742937255;3214108;2016-10-29;1;1751;4;false
2741056485;3214108;2016-10-29;1;2411;4;true
2743037193;3214108;2016-10-29;1;1475;2;true
2743155000;3214108;2016-10-29;1;2300;4;true
