2542533574;2662139;2016-08-01;3;893;3;false
2542379906;2662139;2016-08-01;3;1471;3;true
2542153158;2662139;2016-08-01;3;1164;3;false
2542684939;2662139;2016-08-01;3;860;3;false
2568045830;2662139;2016-08-13;3;707;3;false
2568189089;2662139;2016-08-13;3;1738;3;true
2580464619;2662139;2016-08-18;3;1504;3;true
2580340880;2662139;2016-08-18;3;1088;3;true
2600483841;2662139;2016-08-26;3;1334;3;true
2600692663;2662139;2016-08-26;3;1136;3;true
2667934665;2662139;2016-09-25;2;833;3;false
2731617510;2662139;2016-10-24;1;1151;4;true
2731491328;2662139;2016-10-24;1;1687;3;true
2731871360;2662139;2016-10-24;1;667;3;false
2735444025;2662139;2016-10-26;1;1316;4;true
2735875310;2662139;2016-10-26;1;644;3;false
2735712280;2662139;2016-10-26;1;1057;3;true
2735998239;2662139;2016-10-26;1;844;4;false
