2588586683;2880387;2016-08-21;3;862;4;false
2593621839;2880387;2016-08-23;3;1119;1;true
2593805728;2880387;2016-08-23;3;933;1;false
2617208982;2850016;2016-09-02;3;1604;2;true
2617343599;2850016;2016-09-02;3;1768;2;true
2637520870;2850016;2016-09-11;3;869;2;false
2637687793;2850016;2016-09-11;3;1378;4;false
2639764510;2850016;2016-09-12;3;830;2;false
2640219503;2850016;2016-09-12;3;1839;2;true
2639882870;2850016;2016-09-12;3;596;2;false
2640306476;2850016;2016-09-12;3;1377;2;true
2663526204;2850016;2016-09-23;3;560;2;false
2669441630;2850016;2016-09-25;3;713;2;false
2669168499;2850016;2016-09-25;3;998;2;true
2669368847;2850016;2016-09-25;3;593;1;false
