2534231650;2856589;2016-07-28;2;1243;4;true
2534358398;2856589;2016-07-28;2;282;2;false
2534438961;2856589;2016-07-28;2;923;3;false
2581152637;2856589;2016-08-18;3;1485;4;true
2581036237;2856589;2016-08-18;3;1104;2;false
2580942550;2856589;2016-08-18;3;1211;3;true
2583434880;2856589;2016-08-19;3;1187;2;false
2583273373;2856589;2016-08-19;3;1164;4;false
2588830075;2856589;2016-08-21;3;1854;3;true
2588356135;2856589;2016-08-21;3;1483;4;false
2588224746;2856589;2016-08-21;3;1614;4;true
2588921360;2856589;2016-08-21;3;1038;4;false
2588542991;2856589;2016-08-21;3;878;2;false
2588681520;2856589;2016-08-21;3;1301;4;false
2591050295;2856589;2016-08-22;3;121;2;false
2736553047;2347280;2016-10-26;1;1119;4;false
