2245113684;2016-03-24;34;1960029;false;1;1989;948;9999##30;36;66##142718557;1098||186495116;1161||92855627;1044||216067541;1162||130291678;1193##1;956;-15;403;perfect;good;874##1;1138;750;-863;horrible;bad;1107##true;153##true;461##true;665##1;153||4;208||3;216||1;221||8;226||6;229||4;231||2;234||4;312||8;337||6;368||7;390||3;391||5;402||4;437||1;461||5;516||3;517||1;520||2;522||4;539||2;622||6;802||9;804||3;810||9;813||1;815||5;815||1;893||8;952||3;954||7;967||5;970||9;970||8;982||1;1004||3;1062||7;1069||4;1098||10;1174||8;1177||6;1181||7;1185||9;1192||9;1475||3;1561||10;1647||8;1769||9;1782||6;1805||10;1838||9;1849||5;1853||7;1857||3;1860||10;1887||8;1889||7;1968||9;1971||4;1976||6;1976||8;2005||10;2028||3;2032||7;2035||9;2038||2;2064||8;2084||6;2091##nice##normal##2245113684;1000;1115;44
2259653401;2016-03-30;14;1960029;false;1;9999;9999;9999##5;21;9##142718557;737||130291678;324||92855627;692||110936818;1031||216067541;473##1;160;54;-906;bad;perfect;631##1;409;720;404;good;horrible;970##false;191##false;705##true;9999##2;52||1;191||7;248||6;267||2;326||7;356||1;371||6;373||8;377||8;415||7;426||3;440||3;545||10;553||7;596||9;629||3;700||6;705||8;709||7;711||10;714||9;714||6;727||9;833||6;833||10;837||7;845||8;849##nice##bad##2259653401;956;675;99
2261943729;2016-03-31;38;1960029;false;0;928;1500;9999##19;23;52##142718557;1141||130291678;1199||92855627;1034||110936818;726||216067541;1105##1;1115;444;284;normal;bad;1032##1;943;744;127;normal;good;934##false;250##true;1343##false;923##2;250||2;372||9;510||6;534||1;535||7;562||5;565||3;623||1;709||8;1119||7;1122||6;1131||6;1139||2;1259||8;1305||3;1317||5;1330||4;1331||6;1332||1;1343||8;1434||6;1437||9;1481||9;1572||8;1576||7;1583||8;1679||2;1703||1;1705||4;1707||5;1713||3;1906||7;1909||2;1910||8;1910||9;1913||1;1914||6;1917||5;1934||1;2004||5;2089||4;2235||5;2281||1;2289##normal##normal##2261943729;857;1000;41
2262330297;2016-03-31;41;1960029;false;0;989;816;9999##15;19;34##142718557;972||92855627;840||130291678;1012||110936818;1069||216067541;757##1;42;462;530;perfect;good;1011##1;1299;214;299;horrible;bad;1100##true;81##true;783##false;1021##8;81||1;180||7;229||8;235||8;277||2;279||2;381||9;571||10;637||6;645||6;770||2;771||10;778||3;780||8;783||1;797||4;802||2;817||2;976||5;987||3;1245||7;1344||10;1802||5;1823||2;1830||7;2015||4;2232||2;2431||1;2435||10;2436||5;2441||2;2448||9;2494||4;2499##bad##normal##2262330297;816;996;38
2262039737;2016-03-31;26;1960029;true;1;1214;9999;9999##19;11;47##130291678;838||142718557;1777||92855627;1473||216067541;1363||110936818;1184##1;1448;562;-530;normal;horrible;904##1;386;514;-85;normal;perfect;1011##false;-2##true;923##true;604##10;2||10;116||4;118||6;129||4;171||3;177||2;251||2;402||5;423||10;423||9;492||6;496||2;691||4;750||10;752||2;827||8;827||1;923||6;928||4;931||10;931||10;1075||4;1075||2;1078||3;1088||2;1251||3;1251||1;1267||4;1444||3;1578##normal##normal##2262039737;778;1041;66
2262201497;2016-03-31;22;1960029;false;1;1071;9999;9999##9;17;17##142718557;895||216067541;1078||130291678;1206||110936818;580||92855627;767##1;532;439;-13;normal;bad;901##1;457;475;314;normal;good;1003##false;206##false;1195##false;1036##8;206||4;257||8;290||8;369||5;474||4;624||3;631||5;698||3;837||9;886||3;888||2;889||4;890||8;984||9;985||7;991||10;999||10;1193||7;1195||8;1200||9;1201||2;1321||9;1323||7;1328||4;1329||6;1335||8;1340||10;1342##bad##bad##2262201497;844;968;42
2274205524;2016-04-05;20;1960029;false;0;514;9999;9999##2;25;14##142718557;541||92855627;495||110936818;1005||216067541;834||130291678;396##1;0;393;-1077;horrible;bad;501##1;1545;303;810;perfect;good;885##false;100##false;525##false;2##1;100||2;229||6;267||1;271||2;375||5;387||3;400||6;402||1;466||4;519||1;522||5;525||3;751||4;755||5;761||7;970||3;972||4;980||5;987||1;991||1;1047||2;1051||4;1135||3;1136||1;1145||4;1191||3;1192||5;1193||7;1204##normal##normal##2274205524;802;1010;40
2274108767;2016-04-05;30;1960029;false;1;918;737;9999##14;28;25##142718557;875||130291678;1145||216067541;698||110936818;867||92855627;808##1;0;388;516;normal;good;944##1;675;567;853;normal;bad;1102##true;152##true;932##false;1719##2;152||7;263||2;274||4;355||3;365||7;445||1;589||8;599||10;607||7;723||5;731||9;732||3;737||2;738||6;739||8;749||1;923||9;926||10;926||5;932||7;937||6;937||9;1130||8;1245||5;1246||6;1372||3;1390||8;1423||1;1459||7;1460||9;1460||10;1466||9;1564||7;1566||10;1595||2;1689||10;1769||6;1776||1;1788||9;1798||8;1798||7;1799||6;1825##normal##normal##2274108767;762;1050;31
2275929169;2016-04-06;26;1960029;false;0;907;9999;9999##14;36;36##142718557;787||92855627;847||216067541;828||110936818;955||130291678;1102##1;194;480;-578;bad;perfect;731##1;687;169;244;good;horrible;866##true;43##true;851##false;957##9;43||9;157||1;165||5;262||7;340||2;411||5;426||7;469||5;552||3;554||2;599||10;684||8;722||2;758||5;838||2;839||10;840||9;840||4;844||6;848||3;851||1;883||2;891||7;892||5;903||3;982||2;1010||4;1017||5;1021||10;1068||2;1073||8;1080||6;1082||5;1086||7;1086||4;1090||3;1097||1;1097||4;1222||2;1242||5;1268||9;1333||1;1337||2;1340||5;1346||2;1439||1;1527||4;1534||3;1538||2;1546||1;1551##bad##normal##2275929169;731;1226;21
2275851257;2016-04-06;25;1960029;false;1;860;9999;9999##11;31;35##142718557;556||216067541;386||130291678;1030||110936818;1065||92855627;848##1;68;686;-578;bad;good;765##1;1247;244;508;good;bad;961##true;6##false;700##false;1158##1;6||8;166||10;232||7;242||3;296||5;407||8;416||6;468||7;477||3;482||6;669||2;676||9;694||3;696||10;699||8;700||4;702||7;704||2;749||8;799||7;814||8;881||10;885||2;888||7;897||9;901||4;949||10;949||9;1164||7;1167||10;1167||8;1170||6;1171||10;1181||6;1294||7;1386||6;1395||9;1431||7;1477||1;1478||9;1480||3;1484||8;1488||10;1494##bad##normal##2275851257;710;1247;21
