2338518261;2016-05-03;38;2512249;true;0;864;1689;9999;EnemyGG;2634364;The Manila Major 2016;4479;1##22;15;45##87382579;911;4||103735745;1051;3||86725175;1485;2||86700461;1513;1||84429681;1231;4##1;895;488;684;bad;good;1328##1;375;150;773;good;bad;1128##true;212##false;1469;0.4;0.7##true;1715##7;212||5;276||8;278||5;339||4;420||3;482||1;614||3;696||6;750||2;828||7;842||5;932||8;1025||9;1035||9;1332||5;1456||2;1469||9;1496||6;1514||1;1514||8;1517||7;1526||10;1536||1;1724||6;1819||8;1827||6;1901||7;1903||8;1913||3;1917||1;1967||5;1984||6;2236||9;2257||5;2301##L##2338518261;1000;1000;50;1000;1000
2338592600;2016-05-03;35;2512249;true;1;1238;1320;9999;EnemyGG;2634364;The Manila Major 2016;4479;1##23;8;68##87382579;0;5||103735745;1582;3||86725175;1575;2||86700461;985;1||84429681;1384;4##1;1150;508;747;good;bad;1076##1;823;301;665;bad;good;848##false;225##true;1293;0.7;0.3##false;546##10;225||3;302||4;335||1;347||4;377||3;545||8;550||6;563||4;838||2;870||6;961||9;1268||5;1272||2;1293||3;1376||10;1384||9;1386||4;1389||5;1395||2;1399||1;1403||5;1785||2;1869||6;1872||5;1877||3;1988||10;1991||5;1994||1;2008##L##2338592600;1050;950;50;1050;965
2340351818;2016-05-04;21;2512249;true;0;1563;9999;9999;EverNovaS;2791586;The Manila Major 2016;4479;1##18;6;32##87382579;1235;3||103735745;1346;3||86725175;1405;2||86700461;1580;2||84429681;1718;4##1;937;272;869;perfect;bad;1272##1;0;272;487;horrible;bad;631##true;128##true;861;1.0;0.3##false;975##6;128||10;131||4;220||8;331||7;405||8;469||6;498||9;509||2;602||1;657||6;684||6;774||10;861||3;988||5;1007||6;1108||8;1115||9;1123||9;1206||6;1256||2;1256##ML##2340351818;1100;900;50;1095;898
2340758007;2016-05-04;20;2512249;true;1;1633;9999;9999;FriendshipDedicationLove;2677025;The Manila Major 2016;4479;1##21;5;40##87382579;0;5||103735745;1387;3||86725175;1837;2||86700461;992;2||84429681;1535;2##1;1576;100;840;good;good;1022##1;524;190;745;bad;bad;856##true;123##true;856;0.9;0.3##true;817##5;123||9;250||2;254||4;327||1;558||9;563||5;574||3;598||6;676||1;757||2;764||5;856||2;1000||7;1018||1;1026||8;1027||5;1028||4;1029||1;1107||4;1110||5;1118##ML##2340758007;1150;1200;50;1137;1176
2338777465;2016-05-04;30;2512249;true;0;1389;1885;9999;Infamous -_^;2672298;The Manila Major 2016;4479;1##20;5;36##87382579;1180;3||103735745;1045;3||86725175;1572;2||86700461;1721;2||84429681;891;2##1;1713;381;970;good;good;943##1;425;241;875;bad;bad;980##true;214##true;1001;0.9;0.3##true;1151##10;214||6;223||10;277||6;352||10;375||9;409||8;429||4;445||6;457||1;644||5;647||10;764||10;1001||2;1012||1;1014||7;1297||4;1311||8;1319||6;1429||9;1440||7;1442||8;1449||9;1741##L##2338777465;1200;1050;50;1199;1059
2338747629;2016-05-04;21;2512249;true;0;1493;9999;9999;Infamous -_^;2672298;The Manila Major 2016;4479;1##24;5;60##87382579;1710;3||103735745;1731;3||86725175;1778;2||86700461;1346;2||84429681;1674;2##1;1597;572;696;perfect;good;1025##1;0;172;643;horrible;bad;834##true;262##true;780;1.4;0.5##true;1051##9;262||8;279||5;328||8;353||4;446||7;450||2;454||9;455||8;460||6;468||10;554||1;573||2;695||10;756||7;780||9;784||8;795||6;796||10;806||7;917||9;1069||7;1071||8;1074||7;1206##ML##2338747629;1250;1000;50;1242;1016
2340708351;2016-05-04;30;2512249;true;0;1871;1681;9999;FriendshipDedicationLove;2677025;The Manila Major 2016;4479;1##28;12;56##87382579;0;5||103735745;1261;3||86725175;1293;2||86700461;1256;1||84429681;1860;3##1;1853;441;850;good;normal;1277##1;108;381;646;bad;normal;777##false;132##true;754;1.3;0.7##true;1205##6;194||5;196||10;252||7;273||6;281||5;281||10;297||2;329||8;469||6;472||1;544||6;656||9;667||1;668||4;674||7;754||6;797||2;829||7;833||6;843||8;914||3;987||5;1131||1;1138||3;1148||10;1149||7;1157||2;1179||8;1187||9;1210||6;1215||10;1371||9;1486||7;1541||8;1723||9;1733##ML##2340708351;1300;1150;50;1284;1114
2342612547;2016-05-05;32;2512249;true;0;1324;1680;9999;Dragon Slayerzzz;2837183;The Manila Major 2016;4479;1##20;4;51##87382579;1248;3||103735745;1247;3||86725175;1540;2||86700461;1133;1||84429681;1137;2##1;1286;319;765;good;good;1463##1;153;283;828;bad;bad;880##true;274##true;834;0.9;0.2##true;1328##9;274||4;386||7;392||6;417||8;429||6;452||5;469||7;534||8;570||7;783||8;834||6;1098||6;1238||4;1249||7;1276||10;1281||9;1281||1;1288||7;1360||10;1449##L##2342612547;1350;1100;50;1330;1068
2345010284;2016-05-06;56;2512249;false;0;900;1365;708;Shazam~;2640099;The Manila Major 2016;4479;1##25;34;70##87382579;1270;3||103735745;913;3||86725175;943;2||86700461;992;1||84429681;1113;3##1;1007;326;576;good;bad;1171##1;1099;679;671;bad;good;941##false;167##true;1471;0.3;0.4##false;909##2;167||2;355||3;359||6;532||9;613||6;664||1;858||6;1036||7;1071||7;1083||3;1149||3;1288||7;1295||10;1372||7;1372||6;1471||10;1770||5;1771||1;1774||7;1774||10;1966||9;1967||1;2023||5;2031||2;2035||5;2172||1;2174||3;2178||4;2260||2;2353||1;2354||10;2358||7;2363||1;2376||5;2380||2;2382||4;2451||2;2529||1;2621||2;2621||9;2631||5;2633||10;2689||6;2821||3;2824||7;2837||8;2842||1;2844||10;2848||7;2853||6;2967||10;2980||7;2989||3;3175||10;3176||5;3183||4;3184||6;3322||2;3361##MH##2345010284;1400;1300;50;1367;1253
2344805144;2016-05-06;37;2512249;true;0;1636;1249;9999;Shazam~;2640099;The Manila Major 2016;4479;1##23;8;54##87382579;1176;3||103735745;1174;3||86725175;788;2||86700461;1263;2||84429681;917;2##1;1902;446;711;perfect;perfect;894##1;0;198;587;horrible;horrible;752##true;-19##true;894;1.0;0.0##true;1255##9;-19||6;98||7;373||8;447||10;501||8;661||8;774||8;879||9;884||6;894||3;1214||9;1219||6;1220||8;1226||10;1237||1;1413||3;1419||10;1421||2;1427||8;1452||4;1452||4;1714||1;1727||10;1873||5;2112||6;2112||8;2117||10;2125||7;2130##L##2344805144;1350;1350;50;1313;1307
2344913504;2016-05-06;33;2512249;false;1;961;1300;9999;Shazam~;2640099;The Manila Major 2016;4479;1##9;13;19##87382579;606;4||103735745;663;2||86725175;554;2||86700461;824;1||84429681;1289;3##1;1142;214;826;normal;bad;877##1;427;259;668;normal;good;1116##false;116##false;1678;0.1;0.5##true;1074##10;144||10;197||3;345||8;651||7;765||6;789||1;1029||5;1038||8;1151||5;1189||8;1548||5;1560||4;1666||8;1666||6;1678||5;1730||1;1860||9;1907||4;1911||7;1924##H##2344913504;1400;1300;50;1362;1258
2345194817;2016-05-06;29;2512249;true;0;849;9999;9999;Shazam~;2640099;The Manila Major 2016;4479;1##16;5;42##87382579;1009;4||103735745;1263;3||86725175;1330;2||86700461;1190;1||84429681;844;4##1;1253;225;746;good;horrible;1052##1;587;287;656;bad;perfect;732##false;44##true;1631;0.2;0.3##true;1270##5;44||5;236||9;242||5;373||9;814||9;915||7;953||2;1076||7;1242||10;1243||6;1246||8;1252||5;1505||10;1622||8;1635||9;1660##ML##2345194817;1350;1350;50;1308;1312
2345234203;2016-05-07;23;2512249;true;0;1113;9999;9999;Shazam~;2640099;The Manila Major 2016;4479;1##15;5;45##87382579;1089;3||103735745;1195;3||86725175;1239;2||86700461;1441;2||84429681;1116;2##1;1264;228;669;good;bad;823##1;604;157;642;bad;good;880##false;234##true;1351;0.4;0.1##true;857##5;234||6;482||8;653||10;827||9;829||6;944||1;946||10;954||2;955||8;956||3;1119||1;1119||8;1120||9;1123||9;1351||6;1359##ML##2345234203;1400;1300;50;1368;1252
2345271263;2016-05-07;28;2512249;true;0;986;9999;9999;Shazam~;2640099;The Manila Major 2016;4479;1##16;5;33##87382579;999;3||103735745;1004;3||86725175;1867;2||86700461;778;1||84429681;1422;4##1;1206;194;698;good;normal;1118##1;624;0;681;bad;bad;894##true;625##true;1573;0.1;0.0##true;1008##10;625||9;985||6;1016||5;1018||2;1230||10;1230||6;1236||7;1349||4;1349||9;1350||10;1354||6;1360||8;1573||10;1579||6;1581||1;1633||2;1640##ML##2345271263;1450;1250;50;1417;1203
2358732338;2016-05-13;25;2512249;true;0;1154;9999;9999;Views 6;2848978;Dota 2 Canada Cup Season 7;4297;3##16;8;39##87382579;1112;4||103735745;1019;4||86725175;1614;2||86700461;1008;2||84429681;1446;3##1;1288;295;722;good;bad;1026##1;530;50;731;bad;good;906##false;169##true;1201;0.6;0.7##false;1079##5;169||2;303||9;400||1;408||4;414||5;476||9;608||1;636||8;651||8;742||2;745||10;759||10;896||7;1085||6;1088||8;1201||9;1204||4;1426||8;1453||6;1455||7;1536##L##2358732338;1500;1050;50;1000;1050
2360919761;2016-05-13;21;2512249;true;0;999;9999;9999;FriendshipDedicationLove;2677025;Dota 2 Canada Cup Season 7;4297;3##13;4;38##87382579;1151;4||103735745;1034;3||86725175;1225;2||86700461;1606;2||84429681;1230;4##1;1305;150;806;good;good;1042##1;263;236;746;bad;bad;1030##true;315##true;1192;0.4;0.4##true;1024##10;315||5;560||3;626||9;761||2;781||9;806||7;860||2;892||10;984||7;1034||6;1156||9;1161||9;1188||10;1192||4;1192||6;1198##ML##2360919761;1550;1100;50;1052;1047
2360967787;2016-05-13;19;2512249;true;0;1669;9999;9999;FriendshipDedicationLove;2677025;Dota 2 Canada Cup Season 7;4297;3##27;10;77##87382579;1315;3||103735745;1502;4||86725175;2255;2||86700461;1596;1||84429681;1926;4##1;1782;95;686;perfect;normal;1003##1;391;100;595;horrible;bad;876##true;382##true;565;1.3;0.5##true;838##7;382||6;399||10;411||1;415||7;421||9;425||8;497||10;535||9;553||6;557||5;558||9;649||1;658||10;662||7;664||1;792||9;794||2;885||9;968||7;990||8;998||2;999||6;1001||1;1006||5;1009||10;1010||9;1012||7;1081||1;1088||6;1091||7;1102||9;1108||6;1111##ML##2360967787;1600;1050;50;1106;993
2368456767;2016-05-17;52;2512249;true;0;877;1029;1282;Kingdom DotA~;2217730;SL i-League StarSeries S2;4646;1##24;21;63##87382579;1069;3||103735745;1250;3||86725175;1100;2||86700461;1314;1||84429681;1138;4##1;519;478;612;bad;horrible;1319##1;1189;539;756;good;perfect;892##false;43##false;966;0.4;0.8##false;1119##5;43||5;100||4;186||5;309||6;314||2;323||1;416||7;422||3;466||1;474||6;498||6;548||1;966||4;1078||10;1178||3;1217||1;1270||5;1386||10;1489||2;1505||1;1530||6;1753||7;1987||6;1994||5;1999||4;2006||2;2012||6;2213||7;2215||9;2225||8;2242||10;2301||7;2306||3;2323||5;2335||7;2900||6;2961||1;3004||10;3010||7;3013||9;3018||8;3034##MH##2368456767;1650;1100;50;1462;930
2370304956;2016-05-17;37;2512249;true;0;1037;1198;9999;Dragon Slayerzzz;2837183;SL i-League StarSeries S2;4646;1##22;25;62##87382579;1137;3||103735745;1322;3||86725175;1674;2||86700461;920;2||84429681;1125;4##1;1286;445;646;bad;bad;980##1;246;397;678;good;good;909##false;130##false;1035;0.4;0.8##false;1171##1;130||2;290||1;299||9;452||6;537||9;567||1;576||5;585||4;727||5;728||10;729||2;752||1;1035||8;1035||7;1037||1;1091||2;1116||4;1131||2;1250||5;1257||4;1268||8;1644||1;1646||6;1649||5;1651||3;1654||10;1660||2;1661||4;1670||7;1820||6;1823||1;1823||9;1825||9;1833||5;1945||1;1946||2;1948||6;1950||8;1955||4;1972||6;2096||9;2096||7;2098##H##2370304956;1700;1250;50;1476;1134
2370369922;2016-05-17;18;2512249;true;1;1516;9999;9999;Dragon Slayerzzz;2837183;SL i-League StarSeries S2;4646;1##17;12;35##87382579;1167;3||103735745;1655;3||86725175;1699;2||86700461;770;2||84429681;1145;2##1;1500;350;705;good;perfect;931##1;240;0;727;bad;horrible;799##true;49##true;729;1.2;0.8##true;9999##5;49||5;82||9;160||5;264||4;344||7;345||9;447||1;455||9;513||7;581||10;611||6;621||4;630||3;644||5;719||3;729||2;736||4;738||6;841||1;846||3;1066||10;1070||1;1073||6;1077##L##2370369922;1750;1250;50;1510;1140
2368520313;2016-05-17;26;2512249;true;1;1361;9999;9999;Kingdom DotA~;2217730;SL i-League StarSeries S2;4646;1##28;9;68##87382579;1775;3||103735745;1553;3||86725175;1783;2||86700461;554;2||84429681;1873;2##1;1429;319;722;good;normal;1042##1;648;139;569;bad;normal;809##true;123##true;844;1.0;0.7##true;1250##5;123||6;125||10;360||2;379||3;405||4;407||1;446||3;500||5;521||8;528||9;537||3;572||9;645||7;697||9;818||3;844||4;849||3;923||4;987||1;1047||4;1110||1;1209||4;1209||9;1217||2;1225||3;1249||2;1335||4;1374||1;1375||3;1388||1;1472||4;1528||3;1540##ML##2368520313;1800;1050;50;1543;916
2370561778;2016-05-18;33;2512249;true;1;1374;1937;9999;Shazam~;2640099;Nanyang Championships Season 2;4660;1##28;25;65##87382579;1441;3||103735745;1163;3||86725175;1729;2||86700461;1066;1||84429681;1519;4##1;1716;314;709;bad;bad;1027##1;506;254;651;good;good;921##false;134##false;793;0.9;1.1##true;909##10;134||5;201||9;228||6;238||3;255||2;321||1;325||6;327||1;362||9;375||3;430||6;439||8;577||5;580||9;660||10;675||10;793||7;812||5;812||4;824||8;1087||6;1091||6;1224||5;1227||9;1235||7;1238||4;1245||3;1254||4;1281||1;1331||5;1337||2;1381||8;1390||3;1508||2;1520||5;1621||2;1624||10;1627||3;1635||7;1656||6;1668||9;1696||9;1818||4;1828||10;1831||2;1839||3;1861||6;1876||7;1888##H##2370561778;1850;1500;50;1564;1158
2370501749;2016-05-18;39;2512249;true;0;1266;1606;9999;Shazam~;2640099;Nanyang Championships Season 2;4660;1##25;10;63##87382579;888;3||103735745;1333;3||86725175;1963;2||86700461;1163;1||84429681;1629;3##1;1530;282;756;good;good;1296##1;545;432;673;bad;bad;934##true;259##true;1091;0.6;0.3##true;1745##9;259||6;380||2;401||3;559||5;706||8;708||7;714||6;756||10;759||9;906||6;1026||1;1081||8;1090||7;1091||2;1214||10;1272||1;1662||9;1713||8;1717||6;1719||7;1731||1;1791||3;1793||7;1794||1;2005||10;2006||7;2011||6;2016||8;2017||6;2198||1;2199||5;2205##L##2370501749;1900;1450;50;1596;1126
2384874638;2016-05-24;26;2512249;true;0;1389;9999;9999;Shazam~;2640099;The Summit 5;4442;1##18;8;38##87382579;1239;3||103735745;1496;3||86725175;1635;2||86700461;1663;2||84429681;1412;4##1;1425;0;812;good;bad;1246##1;141;278;729;bad;good;1242##false;168##true;1260;0.6;0.2##false;1198##5;168||5;292||6;325||6;408||7;568||6;615||10;777||8;778||1;945||6;945||9;961||5;1037||1;1038||9;1104||1;1158||5;1259||6;1260||7;1276||6;1467||10;1471||2;1474||8;1475||9;1482||8;1483##L##2384874638;1950;1550;50;1625;1097
2384912976;2016-05-24;41;2512249;false;0;1145;1331;9999;Shazam~;2640099;The Summit 5;4442;1##21;32;50##87382579;1196;3||103735745;862;3||86725175;1062;2||86700461;868;1||84429681;1422;3##1;1175;376;626;good;normal;1203##1;831;926;730;bad;bad;1088##true;412##true;916;0.6;0.6##false;1119##7;412||6;467||7;500||4;511||10;516||5;517||4;580||4;698||10;704||1;825||3;888||8;889||10;906||4;909||9;912||6;916||7;930||5;1126||2;1136||2;1245||2;1319||7;1355||6;1356||9;1527||1;1535||5;1538||10;1539||2;1541||3;1551||8;1552||1;1646||5;1736||2;1750||4;1828||2;1848||5;1860||1;1885||3;1926||8;1937||10;1938||9;1945||10;2026||1;2030||7;2034||2;2044||9;2056||2;2128||10;2399||5;2402||4;2403||2;2422##H##2384912976;2000;1500;50;1650;1072
2384991738;2016-05-24;32;2512249;false;0;1245;1341;9999;Shazam~;2640099;The Summit 5;4442;1##21;42;27##87382579;671;3||103735745;872;3||86725175;1200;4||86700461;812;1||84429681;937;2##1;757;363;704;normal;perfect;985##1;508;426;624;normal;horrible;974##true;3##false;722;1.1;1.5##true;1231##7;3||10;130||7;216||2;284||9;289||10;306||9;371||1;443||2;448||1;493||10;509||9;534||5;572||9;636||2;641||3;648||1;652||5;659||4;722||1;725||10;881||9;886||1;887||3;888||2;889||4;895||5;904||8;962||4;964||1;966||3;1028||2;1041||1;1049||4;1091||9;1114||6;1178||1;1179||7;1179||10;1190||9;1201||1;1268||10;1308||2;1388||4;1391||4;1400||1;1418||9;1449||3;1675||1;1676||9;1679||2;1679||5;1686||1;1817||3;1818||9;1825||2;1825||4;1829||5;1848##H##2384991738;1950;1550;50;1574;1148
2387141641;2016-05-25;19;2512249;true;0;1245;9999;9999;FriendshipDedicationLove;2677025;The Summit 5;4442;1##17;7;38##87382579;1192;4||103735745;1605;3||86725175;1418;2||86700461;977;1||84429681;1663;4##1;1522;350;651;good;normal;875##1;187;100;717;bad;bad;735##true;133##true;846;0.7;0.6##true;981##10;458||1;495||9;531||5;561||4;568||8;693||2;693||3;748||10;753||4;838||9;840||6;842||10;846||9;924||7;1015||6;1026||10;1032||9;1081||8;1084||6;1098##ML##2387141641;1900;1050;50;1506;1016
2387167278;2016-05-25;22;2512249;true;1;1722;9999;9999;FriendshipDedicationLove;2677025;The Summit 5;4442;1##19;3;39##87382579;1598;3||103735745;1286;3||86725175;1748;2||86700461;1342;1||84429681;0;5##1;1626;164;781;perfect;perfect;1244##1;0;82;723;horrible;horrible;928##true;43##true;868;1.0;0.2##true;598##5;43||5;265||5;363||6;406||2;632||4;680||1;682||2;765||1;859||7;864||4;865||3;868||1;988||5;1002||2;1011||4;1018||2;1269||5;1291||4;1348##ML##2387167278;1950;1000;50;1533;989
2389294947;2016-05-25;25;2512249;true;1;1395;9999;9999;Shazam~;2640099;The Summit 5;4442;1##34;8;92##87382579;2312;3||103735745;0;5||86725175;1763;2||86700461;1570;1||84429681;1449;4##1;929;745;854;perfect;bad;1019##1;310;245;667;horrible;good;772##false;120##true;797;1.3;0.3##true;1374##9;120||1;348||7;442||4;463||2;521||4;572||2;670||1;696||4;765||1;793||3;797||5;800||8;816||2;829||4;838||1;843||4;946||2;952||1;955||5;956||10;1060||3;1155||4;1170||5;1174||7;1175||2;1188||1;1294||8;1299||5;1300||7;1301||6;1306||4;1306||3;1317||5;1379||1;1380||2;1390||3;1463||8;1466||2;1494##ML##2389294947;2000;1550;50;1556;1122
2389225228;2016-05-25;48;2512249;true;1;921;1371;1289;Shazam~;2640099;The Summit 5;4442;1##28;21;65##87382579;946;4||103735745;1328;3||86725175;1374;2||86700461;1236;1||84429681;1253;3##1;1054;587;610;bad;bad;1262##1;222;151;676;good;good;1108##false;138##false;978;0.5;0.9##true;1370##10;138||2;159||10;304||10;406||9;457||10;491||5;497||8;523||4;674||7;680||6;690||1;693||8;700||1;887||9;978||4;1113||1;1128||7;1297||1;1305||4;1306||2;1308||3;1315||5;1677||7;1846||5;1849||6;1861||10;1866||1;1987||4;1987||2;1989||5;2000||5;2133||7;2183||10;2197||2;2199||2;2282||8;2311||7;2597||5;2814||4;2814||6;2817||2;2818||3;2823||8;2870||8;2891||10;2895||7;2916##H##2389225228;2050;1500;50;1588;1090
2391598299;2016-05-26;25;2512249;true;0;1513;9999;9999;compLexity Gaming;3;The Summit 5;4442;1##24;8;60##87382579;1507;3||103735745;1325;4||86725175;1386;2||86700461;1210;1||84429681;2050;3##1;1239;472;861;perfect;bad;977##1;532;72;666;horrible;good;817##false;102##true;803;1.0;0.2##false;893##5;102||6;286||6;345||7;363||6;394||10;541||6;576||4;581||8;602||7;778||9;778||6;803||1;949||3;950||8;952||2;953||7;958||10;958||7;1087||10;1101||9;1284||1;1288||10;1290||7;1296||10;1357||1;1360||6;1371||1;1486##ML##2391598299;2100;1450;50;1615;1404
2389369790;2016-05-26;36;2512249;true;1;985;1927;9999;Not Today !;1633432;SL i-League StarSeries S2;4646;1##30;12;75##87382579;1609;3||103735745;1182;3||86725175;2110;2||86700461;995;1||84429681;1731;3##1;1632;301;684;good;bad;1106##1;227;150;642;bad;good;1010##false;193##true;1128;0.6;0.4##true;1014##9;193||5;451||9;492||2;679||4;690||7;694||5;708||10;771||3;874||2;888||5;902||10;960||5;1031||2;1127||4;1128||10;1187||7;1291||9;1295||2;1302||4;1304||3;1304||9;1304||1;1306||5;1308||7;1464||3;1473||5;1480||10;1487||2;1678||5;1784||5;1878||2;1967||2;2025||3;2027||5;2029||7;2032||2;2039||6;2048||1;2051##L##2389369790;2150;750;50;1661;989
2389417409;2016-05-26;18;2512249;true;1;1683;9999;9999;Not Today !;1633432;SL i-League StarSeries S2;4646;1##18;9;36##87382579;1185;4||103735745;1850;3||86725175;1585;2||86700461;1190;1||84429681;1370;4##1;1471;250;746;good;good;1011##1;381;400;628;bad;normal;761##false;74##true;738;1.3;0.9##true;987##3;225||9;231||10;278||5;355||2;407||1;428||9;440||2;510||7;512||2;579||4;609||7;683||10;687||5;699||8;711||2;729||4;738||3;746||6;754||2;755||2;836||10;845||1;943||4;1049##ML##2389417409;2200;700;50;1681;969
2391528477;2016-05-26;43;2512249;false;1;926;941;9999;compLexity Gaming;3;The Summit 5;4442;1##14;30;33##87382579;0;5||103735745;748;3||86725175;617;2||86700461;666;1||84429681;734;4##1;664;368;677;horrible;good;1008##1;1092;276;583;perfect;bad;980##true;104##false;888;0.3;1.1##false;1518##3;104||10;305||1;320||9;404||9;480||8;509||7;516||10;553||9;705||6;737||10;860||2;881||8;888||9;894||2;1081||10;1171||7;1224||8;1296||7;1310||9;1336||4;1371||8;1375||2;1656||4;1674||5;1676||1;1694||2;1695||8;1850||7;1862||10;1886||5;2197||2;2290||5;2294||3;2306||4;2311||7;2449||9;2459||4;2461||8;2466||6;2466||10;2470||6;2534##L##2391528477;2250;1400;50;1702;1358
2391638514;2016-05-26;38;2512249;true;1;1248;1486;9999;compLexity Gaming;3;The Summit 5;4442;1##27;10;77##87382579;1169;3||103735745;0;5||86725175;1867;2||86700461;1475;2||84429681;1734;3##1;1956;536;637;normal;bad;888##1;261;197;702;normal;good;1098##false;209##true;1295;0.5;0.5##true;1333##10;209||3;350||4;404||6;469||5;663||5;758||4;760||6;763||6;867||7;894||10;1039||5;1041||3;1043||4;1062||10;1240||7;1274||7;1293||4;1295||1;1298||5;1299||2;1322||4;1434||1;1442||5;1676||3;1679||4;1690||1;1735||3;1861||6;1928||4;1958||5;2020||5;2247||2;2257||3;2275##H##2391638514;2200;1450;50;1640;1420
2391685864;2016-05-27;38;2512249;false;1;1132;1175;9999;compLexity Gaming;3;The Summit 5;4442;1##23;37;50##87382579;1277;3||103735745;882;3||86725175;1124;2||86700461;957;1||84429681;1330;4##1;729;247;717;bad;normal;827##1;1285;545;659;good;good;855##true;85##false;804;0.9;1.2##false;991##9;250||1;256||2;322||10;360||7;367||1;378||7;413||6;496||2;527||7;533||10;604||3;626||4;640||7;686||1;738||6;804||7;818||8;852||10;878||4;878||5;879||10;1076||7;1241||1;1244||9;1276||4;1348||2;1364||4;1381||6;1520||1;1523||10;1531||7;1535||2;1538||5;1545||4;1548||3;1558||8;1623||4;1630||7;1634||10;1635||9;1650||5;1797||2;1798||7;1810||8;1824||10;1849||5;1889||6;1892||9;1894||7;2121||10;2129||2;2132||1;2142||9;2142||6;2149||6;2249||8;2278||7;2301##H##2391685864;2250;1400;50;1682;1378
2391732708;2016-05-27;32;2512249;true;1;1235;1556;9999;compLexity Gaming;3;The Summit 5;4442;1##24;14;48##87382579;1338;3||103735745;1293;3||86725175;1442;2||86700461;1132;1||84429681;526;2##1;961;163;670;normal;bad;931##1;751;369;618;normal;good;932##false;183##false;907;0.6;0.7##true;890##10;183||9;220||10;327||9;365||5;367||4;476||6;477||5;485||4;508||5;707||3;715||6;719||6;899||10;907||3;991||6;1000||1;1067||5;1078||4;1079||9;1138||10;1155||10;1274||1;1332||5;1454||10;1462||4;1465||2;1494||4;1638||5;1778||3;1789||4;1790||1;1791||5;1838##L##2391732708;2200;1450;50;1621;1439
2393938301;2016-05-27;30;2512249;true;0;900;2015;9999;compLexity Gaming;3;SL i-League StarSeries S2;4646;1##17;10;39##87382579;1240;3||103735745;1241;3||86725175;1630;2||86700461;1446;2||84429681;1009;2##1;1260;352;666;good;bad;938##1;538;291;753;bad;normal;894##false;187##true;1282;0.2;0.5##true;1169##5;384||1;398||1;455||7;536||2;542||6;891||2;893||7;906||6;968||10;1009||6;1115||7;1117||10;1119||9;1143||6;1282||1;1447||8;1454||7;1462||10;1468||9;1497||1;1569||6;1687##ML##2393938301;2250;1400;50;1664;1396
2394013952;2016-05-27;44;2512249;true;1;891;1139;9999;compLexity Gaming;3;SL i-League StarSeries S2;4646;1##30;20;57##87382579;1049;4||103735745;1055;3||86725175;1653;2||86700461;1263;1||84429681;1547;4##1;751;670;666;normal;bad;1304##1;1674;323;733;normal;good;940##false;249##false;1067;0.7;0.7##false;1350##8;249||2;348||3;385||9;388||5;399||10;600||10;693||1;732||5;789||8;792||10;795||5;854||10;855||4;884||9;983||6;1000||2;1035||8;1067||4;1179||7;1698||4;1700||3;1712||5;1717||3;1821||7;1825||9;1837||5;1990||1;2006||1;2137||4;2145||3;2157||9;2226||5;2232||7;2238||9;2269||7;2321||3;2335||5;2366||2;2419||7;2429||1;2443||4;2448||3;2500||10;2538||7;2545||6;2552||1;2612##H##2394013952;2300;1350;50;1708;1352
2394164458;2016-05-28;27;2512249;false;0;1009;9999;9999;compLexity Gaming;3;Dota 2 Canada Cup Season 7;4297;3##6;16;16##87382579;840;3||103735745;1007;3||86725175;862;2||86700461;622;2||84429681;383;2##1;749;217;725;bad;bad;815##1;1860;100;747;good;good;880##false;120##false;1317;0.3;0.6##false;1019##5;120||2;135||9;180||7;256||5;375||6;397||4;409||1;783||5;855||10;1119||3;1127||6;1249||1;1317||5;1447||10;1452||4;1453||5;1596||2;1606##L##2394164458;2350;1300;50;1154;1060
2394217435;2016-05-28;32;2512249;true;0;1291;1830;9999;compLexity Gaming;3;Dota 2 Canada Cup Season 7;4297;3##32;22;65##87382579;1692;3||103735745;1273;3||86725175;1489;2||86700461;0;5||84429681;1707;4##1;1071;313;943;normal;good;1026##1;111;426;775;normal;bad;870##true;145##true;656;0.9;1.1##true;1101##6;145||6;295||2;296||10;312||5;323||8;328||4;374||8;393||5;466||6;506||9;571||3;576||9;653||6;656||3;703||5;708||1;712||2;735||5;774||1;791||2;909||9;1051||6;1066||4;1207||5;1214||7;1218||10;1221||5;1352||2;1353||1;1362||3;1363||6;1572||8;1585||7;1624||2;1628||9;1629||4;1629||7;1760||10;1767||6;1774||9;1775||9;1809||1;1835||6;1836||7;1836||10;1841||2;1842||8;1843||4;1871##L##2394217435;2300;1350;50;1100;1114
2394117404;2016-05-28;27;2512249;true;1;1626;9999;9999;compLexity Gaming;3;Dota 2 Canada Cup Season 7;4297;3##31;14;76##87382579;2077;3||103735745;1323;3||86725175;1445;2||86700461;1280;1||84429681;1948;4##1;1621;551;860;good;horrible;1476##1;857;117;643;bad;perfect;905##false;41##true;771;0.9;0.6##false;1235##9;41||9;107||1;144||9;362||8;376||6;530||2;572||5;681||2;683||2;768||3;768||5;771||4;774||1;779||7;888||5;912||9;912||1;913||2;1042||7;1055||4;1055||8;1058||5;1063||10;1064||6;1174||9;1217||1;1217||5;1234||3;1243||2;1245||4;1255||3;1363||7;1365||6;1366||4;1367||5;1370||2;1370||1;1373||4;1479||3;1516##L##2394117404;2350;1300;50;1150;1064
2396777809;2016-05-29;53;2512249;true;1;987;2005;1141;compLexity Gaming;3;SL i-League StarSeries S2;4646;1##47;36;102##87382579;1306;3||103735745;1794;3||86725175;1337;2||86700461;997;1||84429681;1511;4##1;1245;302;701;normal;good;1001##1;0;423;667;normal;bad;865##true;109##true;1056;0.6;0.6##true;976##4;109||1;230||10;279||7;289||10;324||1;336||1;457||5;602||9;711||3;716||10;772||6;881||5;923||7;1051||5;1054||4;1056||9;1064||1;1146||9;1210||4;1213||10;1216||2;1216||5;1222||7;1224||3;1226||1;1235||3;1370||9;1391||5;1433||3;1461||4;1465||1;1468||6;1507||10;1515||9;1520||6;1675||5;1676||4;1692||8;1719||7;1730||4;1741||3;1749||9;1758||1;1776||4;1821||5;1824||6;1992||7;2003||4;2065||10;2068||5;2083||6;2083||7;2086||3;2086||1;2087||8;2227||4;2240||9;2301||1;2469||10;2472||4;2473||5;2502||7;2525||9;2535||5;2585||1;2632||4;2652||3;2659||8;2984||7;2985||3;3012||8;3028||6;3035||7;3042||5;3048||10;3059##H##2396777809;2400;1350;50;1744;1390
2396853029;2016-05-29;33;2512249;true;0;1024;2080;9999;compLexity Gaming;3;SL i-League StarSeries S2;4646;1##36;20;97##87382579;1738;3||103735745;1429;4||86725175;1546;2||86700461;1187;2||84429681;906;2##1;850;214;645;normal;bad;921##1;948;259;591;normal;good;852##false;-28##true;835;0.9;0.8##true;1575##4;-28||9;189||10;245||4;265||3;290||8;300||10;331||9;334||8;340||1;416||2;458||8;536||5;583||1;606||6;620||6;835||5;869||8;910||4;912||2;923||10;931||5;1046||2;1048||9;1051||3;1057||4;1062||1;1072||1;1277||8;1280||10;1281||9;1284||7;1289||10;1429||9;1435||9;1518||8;1599||7;1601||9;1602||10;1607||10;1674||9;1679||8;1683||10;1696||3;1714||8;1735||9;1778||7;1781||4;1810||2;1816||7;1819||5;1819||3;1829||6;1923##L##2396853029;2450;1300;50;1781;1353
2408596949;2016-06-03;47;2512249;true;1;1055;1404;1371;the wings gaming;1836806;The Manila Major 2016;4479;1##30;12;72##87382579;1036;3||103735745;1333;3||86725175;2051;2||86700461;1201;1||84429681;1722;3##1;388;177;776;good;bad;1303##1;239;292;660;bad;good;1179##false;74##true;1027;0.8;0.3##true;1275##10;74||3;142||4;459||3;641||4;643||4;839||6;840||5;849||10;851||2;853||1;854||9;1025||4;1027||5;1028||3;1028||4;1182||6;1475||10;1480||4;1564||3;1565||6;1567||4;1747||5;1779||7;1792||2;1796||3;1950||4;1956||6;2042||4;2048||3;2050||4;2424||6;2438||2;2452||3;2454||3;2659||1;2835##L##2408596949;2500;1750;50;1815;1350
2408934303;2016-06-03;91;2512249;false;1;1349;961;999;Natus Vincere;36;The Manila Major 2016;4479;1##48;42;119##87382579;1248;3||103735745;922;4||86725175;1343;2||86700461;1049;1||84429681;1332;4##1;866;549;699;good;perfect;1207##1;944;499;765;bad;horrible;1168##true;5##true;1341;0.8;0.0##false;1717##2;5||5;10||2;109||5;126||2;385||1;464||5;597||1;752||2;938||10;990||7;995||4;1341||10;1343||2;1345||5;1351||2;1696||9;1704||6;1708||6;2045||7;2048||3;2189||2;2276||4;2280||8;2282||6;2282||7;2288||5;2421||7;2424||4;2433||2;2435||10;2445||9;2471||6;2481||2;2571||5;2694||4;2711||2;2947||5;2950||10;2952||8;2953||7;2955||9;2965||6;3139||4;3142||7;3142||10;3144||8;3150||5;3321||4;3326||1;3334||2;3342||5;3483||3;3605||10;3609||9;3614||10;3627||7;3765||5;3767||8;3774||2;3955||9;3982||3;3988||6;3989||1;3993||3;3995||4;4007||6;4438||3;4443||2;4451||5;4462||10;4469||7;4471||10;4862||2;4913||6;4924||3;5027||3;5239||4;5243||5;5250||2;5258||8;5262||3;5262||1;5271||7;5271||6;5450||10;5457||9;5458##MH##2408934303;2550;900;50;1847;1000
2408739164;2016-06-03;56;2512249;true;1;844;1035;1077;the wings gaming;1836806;The Manila Major 2016;4479;1##26;26;77##87382579;922;3||103735745;854;3||86725175;1377;2||86700461;1054;1||84429681;1479;3##1;314;97;738;bad;bad;1294##1;905;756;814;good;normal;895##true;379##false;1421;0.3;0.6##false;1415##8;444||2;469||6;477||4;480||9;633||5;706||8;890||6;894||7;898||7;1166||6;1170||10;1177||4;1265||9;1421||10;1426||7;1431||4;1545||5;1554||10;1648||6;1779||3;1782||4;1792||5;1796||10;1810||1;1815||6;1977||8;1982||10;1991||4;2040||5;2042||3;2045||6;2084||7;2092||8;2105||7;2274||5;2279||2;2279||1;2281||3;2284||4;2289||1;2309||3;3034||5;3038||7;3049||3;3066||4;3076||10;3104||1;3109||8;3123||6;3130##MH##2408739164;2500;1700;50;1727;1318
2409698555;2016-06-03;52;2512249;true;1;1162;1476;1371;the wings gaming;1836806;The Manila Major 2016;4479;1##36;17;75##87382579;1230;3||103735745;0;5||86725175;1718;2||86700461;1061;1||84429681;1487;4##1;1492;709;745;normal;bad;1387##1;543;184;556;normal;good;1027##false;101##true;1098;0.3;0.5##false;1492##10;101||10;307||2;543||3;576||9;628||8;693||4;773||10;877||9;913||3;920||2;934||7;943||5;944||6;973||2;1049||10;1060||5;1066||4;1085||3;1098||5;1207||3;1256||4;1263||6;1355||1;1381||4;1390||5;1401||3;1444||2;1500||6;1513||1;1514||4;1523||9;1550||5;1555||4;1626||6;1629||5;1811||3;1816||6;2198||5;2203||10;2203||1;2212||4;2221||3;2228||3;2738||6;2876||5;2878||3;2880||4;2906||2;3101##L##2409698555;2550;1650;50;1751;1294
2408676984;2016-06-03;29;2512249;false;0;910;9999;9999;the wings gaming;1836806;The Manila Major 2016;4479;1##7;17;13##87382579;840;3||103735745;806;3||86725175;768;2||86700461;940;2||84429681;848;4##1;320;162;720;bad;good;929##1;1525;400;739;good;bad;1023##true;125##false;1553;0.3;0.4##false;724##8;125||10;280||3;285||8;324||2;462||5;477||5;892||4;919||4;1040||4;1189||10;1189||1;1205||1;1393||8;1400||5;1553||9;1562||2;1566||1;1573||4;1576||3;1593||9;1692||5;1712##L##2408676984;2600;1600;50;1783;1209
2409573458;2016-06-03;28;2512249;true;0;1302;9999;9999;the wings gaming;1836806;The Manila Major 2016;4479;1##25;10;53##87382579;1020;3||103735745;1261;3||86725175;1593;2||86700461;1128;1||84429681;1409;4##1;985;244;659;good;bad;934##1;413;229;660;bad;good;766##false;98##true;875;1.4;0.7##false;1010##1;98||5;148||7;213||8;230||5;297||7;386||8;404||10;407||2;407||9;409||8;460||8;648||10;655||2;671||1;731||1;864||8;875||7;877||10;878||9;884||6;894||7;1023||9;1025||1;1178||9;1180||9;1273||1;1482||8;1489||7;1497||9;1503##L##2409573458;2550;1700;50;1710;1311
2408862401;2016-06-03;24;2512249;false;0;942;9999;9999;Natus Vincere;36;The Manila Major 2016;4479;1##10;17;28##87382579;928;4||103735745;739;4||86725175;939;2||86700461;578;2||84429681;753;2##1;490;125;753;normal;bad;798##1;870;175;861;normal;good;904##false;176##true;1009;0.5;0.7##false;934##5;176||7;274||1;318||6;439||4;494||1;530||8;580||3;643||2;723||9;730||7;731||1;894||5;920||6;988||7;991||9;998||4;998||6;1000||8;1009||3;1071||5;1265||4;1292||2;1295##L##2408862401;2600;1000;50;1744;1156
2420586461;2016-06-08;33;2512249;true;0;1207;1601;9999;Newbee;1375614;The Manila Major 2016;4479;1##27;12;84##87382579;1624;3||103735745;1521;4||86725175;1448;2||86700461;1212;1||84429681;1443;4##1;812;314;757;good;bad;1183##1;1408;409;700;bad;good;832##false;148##true;1109;0.7;0.7##false;1109##5;148||10;257||5;260||9;274||7;371||7;478||1;518||5;525||10;651||5;655||2;823||4;877||7;884||6;891||8;905||9;909||9;1109||3;1243||9;1246||6;1247||7;1254||9;1359||10;1365||6;1366||1;1461||6;1674||9;1674||5;1676||7;1683||10;1687||1;1689||2;1691||8;1774||7;1776||6;1779||3;2000##L##2420586461;2550;2600;50;1669;1587
2420649625;2016-06-08;32;2512249;false;0;851;573;9999;Newbee;1375614;The Manila Major 2016;4479;1##6;27;14##87382579;749;3||103735745;604;3||86725175;267;2||86700461;614;1||84429681;793;4##1;264;163;571;horrible;bad;788##1;1154;853;642;perfect;good;949##false;274##false;881;0.5;1.0##false;1393##4;274||2;282||4;383||5;406||7;418||3;418||9;475||6;480||5;487||3;674||1;680||9;831||3;843||2;881||8;883||3;903||1;909||5;1054||1;1077||9;1084||4;1098||4;1351||2;1361||2;1478||2;1542||3;1594||2;1632||5;1814##L##2420649625;2600;2550;50;1716;1540
2420526669;2016-06-08;32;2512249;false;1;726;1031;9999;Newbee;1375614;The Manila Major 2016;4479;1##6;20;11##87382579;803;3||103735745;812;4||86725175;685;2||86700461;611;1||84429681;722;4##1;592;156;611;bad;good;906##1;988;376;728;good;bad;951##true;187##false;1388;0.2;0.5##false;1264##1;187||5;301||9;505||7;631||7;860||6;863||8;869||4;1022||9;1033||6;1042||10;1128||6;1158||4;1263||10;1388||6;1459||1;1463||2;1478||7;1565||9;1579||7;1742||10;1772##L##2420526669;2550;2600;50;1661;1595
2422924793;2016-06-09;45;2512249;false;0;1177;1284;885;Vici_Gaming Reborn;2777247;The Manila Major 2016;4479;1##23;31;52##87382579;0;5||103735745;803;4||86725175;853;2||86700461;1063;1||84429681;942;3##1;733;211;789;normal;bad;1137##1;1951;751;710;normal;good;1207##false;89##false;1442;0.5;0.5##true;902##3;89||6;172||5;223||7;271||5;379||7;409||2;502||10;568||7;670||5;805||10;1123||8;1128||6;1134||9;1141||4;1334||5;1335||2;1340||3;1407||2;1442||8;1500||6;1508||9;1523||4;1533||5;1535||2;1538||9;1539||1;1543||8;1776||1;1784||9;1786||6;1815||2;1816||3;1821||10;1825||6;1935||1;1935||8;1942||5;1942||9;1946||3;1950||2;1956||5;2339||4;2358||8;2364||5;2519||2;2521||6;2533||2;2538||8;2557||2;2680||3;2708##H##2422924793;2500;1300;50;1609;1111
2422795457;2016-06-09;28;2512249;true;1;1254;9999;9999;Vici_Gaming Reborn;2777247;The Manila Major 2016;4479;1##16;10;43##87382579;1241;3||103735745;1362;3||86725175;1431;2||86700461;653;2||84429681;1297;2##1;2021;364;826;good;bad;870##1;180;244;558;bad;good;862##false;200##true;1407;0.6;0.5##true;964##6;200||9;362||10;495||3;504||2;508||9;511||1;585||2;668||9;863||4;864||2;867||6;907||5;1109||3;1114||1;1123||2;1407||3;1410||2;1473||6;1477||3;1479||9;1534||7;1542##L##2422795457;2450;1350;50;1537;1183
2422858795;2016-06-09;30;2512249;false;0;779;870;9999;Vici_Gaming Reborn;2777247;The Manila Major 2016;4479;1##2;20;5##87382579;521;4||103735745;797;3||86725175;898;2||86700461;454;2||84429681;833;3##1;440;120;626;bad;bad;924##1;1366;391;724;good;good;1132##false;353##false;1113;0.1;0.5##false;998##4;353||5;427||2;484||6;526||4;556||1;557||1;961||2;967||5;969||4;1111||2;1113||2;1240||10;1264||4;1266||9;1335||5;1403||4;1623##L##2422858795;2500;1300;50;1572;1148
2461673740;2016-06-25;21;2512249;true;1;1619;9999;9999;DrinkingBoys;2310555;The International 2016;4664;1##14;1;22##87382579;1243;3||103735745;1485;3||86725175;1430;2||86700461;1108;1||84429681;1402;4##1;1847;236;750;good;perfect;1199##1;261;222;594;bad;horrible;894##true;90##true;1026;0.8;0.0##true;878##1;90||3;140||5;266||2;367||2;498||5;708||2;721||3;728||7;1000||1;1012||5;1026||5;1100||1;1120##ML##2461673740;2450;1050;50;1504;938
2461860027;2016-06-25;25;2512249;true;1;1614;9999;9999;Vultur Gaming;2791077;The International 2016;4664;1##28;9;52##87382579;1475;3||103735745;1645;3||86725175;2029;2||86700461;1195;1||84429681;1581;4##1;1551;707;862;perfect;bad;1223##1;0;367;599;horrible;good;755##false;114##true;760;1.1;0.6##false;1391##10;114||5;140||7;343||3;346||3;418||5;446||2;489||6;489||4;607||1;616||6;703||2;753||4;755||5;760||8;859||7;885||5;896||6;900||1;919||3;956||2;1026||4;1030||4;1122||9;1126||2;1127||3;1135||4;1238||3;1254||1;1260||10;1294||4;1304||3;1415||5;1477##ML##2461860027;2500;900;50;1525;1000
2464402989;2016-06-26;40;2512249;false;1;1080;828;9999;Evil Geniuses;39;The International 2016;4664;1##7;25;19##87382579;792;3||103735745;724;3||86725175;1464;4||86700461;569;1||84429681;841;4##1;785;135;746;bad;normal;855##1;1458;671;763;good;bad;1138##true;372##false;1193;0.5;0.6##false;1413##2;372||7;373||7;522||9;613||1;631||5;634||9;738||2;745||6;746||10;766||4;771||6;946||9;950||4;951||2;1116||6;1190||8;1193||7;1378||8;1385||9;1389||6;1479||9;1480||9;1993||7;2008||6;2107||8;2108||7;2115||6;2216||2;2411##L##2464402989;2550;800;50;1549;1096
2464237242;2016-06-26;60;2512249;false;0;841;793;821;compLexity Gaming;3;The International 2016;4664;1##13;35;34##87382579;714;3||103735745;799;3||86725175;1233;2||86700461;844;1||84429681;889;4##1;299;181;666;bad;normal;1224##1;1736;511;702;good;normal;953##true;120##false;1058;0.2;0.5##false;1505##7;120||5;121||5;148||2;221||6;349||1;846||2;856||5;904||4;909||1;918||1;1044||3;1058||1;1171||5;1196||1;1309||4;1315||10;1555||9;1576||1;1577||2;1936||1;1947||6;1998||9;2142||6;2156||2;2158||1;2162||4;2167||6;2449||5;2460||2;2836||2;3039||7;3047||3;3063||8;3075||6;3096||4;3429||1;3437||6;3532||5;3533||2;3552||1;3554||4;3586||9;3586||7;3606##H##2464237242;2500;950;50;1479;1117
2464111444;2016-06-26;22;2512249;true;0;1513;9999;9999;FriendshipDedicationLove;2677025;The International 2016;4664;1##27;4;52##87382579;1860;3||103735745;914;3||86725175;2357;4||86700461;1552;1||84429681;1532;4##1;811;214;730;perfect;good;1011##1;662;214;585;horrible;bad;743##true;228##true;775;1.3;0.3##true;1204##7;228||6;256||7;346||9;353||6;361||7;395||5;495||8;502||9;506||2;523||8;673||8;775||7;788||9;795||6;800||2;818||7;1004||9;1006||6;1012||10;1018||6;1065||2;1152||7;1168||9;1172||6;1174||10;1179||6;1228##ML##2464111444;2450;1150;50;1413;972
2466251464;2016-06-27;30;2512249;true;1;1281;2002;9999;Void Boys;1884355;The International 2016;4664;1##23;7;45##87382579;1432;3||103735745;949;3||86725175;1309;2||86700461;1375;1||84429681;1620;4##1;1434;370;791;good;normal;1253##1;179;120;616;bad;bad;1074##true;404##true;1084;0.7;0.1##true;1001##5;404||1;455||4;461||5;556||1;651||7;725||4;744||1;881||6;978||1;1038||8;1045||9;1065||9;1083||4;1151||3;1154||7;1157||8;1227||5;1292||4;1295||1;1309||5;1439||4;1511||1;1539||4;1610||7;1612||2;1626||5;1631||3;1631||1;1639##L##2466251464;2500;1150;50;1441;1134
2466329104;2016-06-27;20;2512249;true;0;1346;9999;9999;Void Boys;1884355;The International 2016;4664;1##18;7;29##87382579;1201;3||103735745;1452;3||86725175;1659;2||86700461;1341;1||84429681;1436;4##1;1099;421;954;good;good;1151##1;450;50;666;bad;bad;836##true;352##true;1004;0.7;0.1##true;1093##6;352||6;539||9;664||6;675||6;749||10;761||7;765||5;802||1;913||10;914||9;923||5;1003||7;1004||1;1006||6;1008||8;1011||2;1011||10;1016||8;1112||7;1160##ML##2466329104;2550;1050;50;1477;1041
2468492567;2016-06-28;29;2512249;true;0;1186;9999;9999;compLexity Gaming;3;The International 2016;4664;1##25;10;62##87382579;1368;3||103735745;1333;3||86725175;1907;2||86700461;1128;1||84429681;1437;4##1;1578;225;709;good;bad;1009##1;867;100;684;bad;good;939##false;-37##true;1184;0.8;0.2##false;722##1;-37||9;332||7;476||1;653||10;735||7;735||8;859||6;859||10;865||8;878||6;972||4;976||1;985||9;1184||7;1184||2;1188||8;1193||10;1259||10;1339||8;1341||2;1343||2;1435||6;1477||4;1480||1;1481||10;1495||8;1500||3;1501||5;1530||8;1677||8;1690||9;1695||10;1697||6;1700||7;1706##L##2468492567;2600;1100;50;1507;1251
2468440492;2016-06-28;31;2512249;true;0;1171;2086;9999;compLexity Gaming;3;The International 2016;4664;1##26;16;71##87382579;1727;4||103735745;1942;3||86725175;820;2||86700461;1393;1||84429681;1616;3##1;1608;325;796;normal;bad;1076##1;709;258;723;normal;good;847##true;161##false;827;0.9;0.9##true;1076##3;297||2;305||7;366||5;375||8;402||7;611||2;613||5;635||1;643||8;745||7;755||10;758||6;772||3;775||2;778||9;798||4;827||6;832||4;1011||10;1028||6;1034||7;1039||2;1092||3;1110||3;1120||7;1168||6;1213||10;1218||6;1349||3;1352||9;1367||10;1381||8;1395||8;1637||10;1782||9;1791||5;1794||8;1796||10;1799||7;1803||6;1804##L##2468440492;2650;1050;50;1546;1212
2468728087;2016-06-29;27;2512249;true;0;1812;9999;9999;compLexity Gaming;3;The International 2016;4664;1##30;8;56##87382579;1919;3||103735745;1874;3||86725175;1672;2||86700461;1985;4||84429681;801;2##1;2055;100;910;perfect;bad;1221##1;593;251;704;horrible;good;980##false;180##true;730;1.2;0.4##false;642##4;180||7;228||7;378||1;384||10;388||9;410||7;411||10;419||5;486||6;493||9;494||5;721||6;730||9;732||9;824||6;833||9;951||6;959||2;1014||9;1117||7;1207||6;1214||10;1215||7;1318||6;1326||10;1328||1;1330||8;1333||9;1342||9;1450||5;1480||3;1598##ML##2468728087;2700;1100;50;1582;1259
2468689041;2016-06-29;28;2512249;true;0;1331;9999;9999;compLexity Gaming;3;The International 2016;4664;1##21;9;39##87382579;1307;3||103735745;1090;3||86725175;1576;2||86700461;1298;1||84429681;1436;4##1;750;494;799;normal;good;1335##1;1301;229;782;normal;bad;905##true;182##true;1348;0.8;0.6##true;1377##9;182||7;298||6;317||1;385||3;395||10;464||2;470||5;543||9;578||2;654||9;656||8;782||9;867||2;873||2;1014||2;1260||1;1272||9;1320||10;1348||3;1430||9;1441||8;1443||10;1451||6;1452||7;1460||7;1604||8;1604||10;1607||6;1610||9;1615##ML##2468689041;2750;1050;50;1622;1219
2468846659;2016-06-29;41;2512249;false;0;828;1060;9999;compLexity Gaming;3;The International 2016;4664;1##26;28;68##87382579;959;3||103735745;1203;3||86725175;1428;4||86700461;1158;1||84429681;1769;4##1;669;559;778;bad;normal;1063##1;1284;271;676;good;normal;958##true;111##false;1304;0.4;0.7##false;1143##10;111||1;115||3;343||2;519||9;584||10;594||8;598||4;617||1;652||5;766||1;791||6;930||10;937||10;1147||9;1224||3;1295||2;1302||4;1304||5;1306||1;1482||2;1485||10;1559||8;1564||5;1565||9;1572||1;1640||1;1931||8;1932||8;1949||10;1955||9;1959||7;1965||10;2045||7;2050||1;2059||9;2060||8;2067||10;2113||7;2116||4;2121||9;2121||2;2145||6;2158||4;2178||3;2241||7;2355||3;2360||8;2369||5;2375||6;2375||2;2382||1;2384||4;2415##MH##2468846659;2800;1000;50;1657;1184
2468766885;2016-06-29;54;2512249;false;0;1122;1025;1223;compLexity Gaming;3;The International 2016;4664;1##28;41;60##87382579;1107;4||103735745;888;3||86725175;1177;2||86700461;951;1||84429681;1172;3##1;823;584;824;bad;bad;1150##1;986;417;737;good;good;1219##false;11##false;1018;0.5;0.9##false;1309##5;11||10;191||5;287||3;324||2;331||4;363||7;461||6;527||1;661||9;725||5;743||2;755||4;867||9;886||1;1018||5;1047||6;1153||8;1166||2;1171||1;1173||6;1176||5;1327||3;1363||1;1383||3;1501||5;1505||2;1536||8;1548||4;1550||10;1551||1;1580||10;1930||6;1930||5;1931||2;1933||8;1944||7;2119||8;2122||6;2127||10;2130||9;2134||3;2139||2;2147||10;2309||4;2350||8;2448||3;2448||9;2461||10;2461||1;2553||2;2562||10;2585||5;2589||9;2666||10;2669||1;2683||8;2685||2;2688||6;2705||1;3017||9;3082||1;3193||3;3206||4;3206||2;3211||5;3217||6;3239||10;3264##MH##2468766885;2750;1050;50;1567;1274
2468922471;2016-06-29;63;2512249;true;0;1219;1494;972;compLexity Gaming;3;The International 2016;4664;1##37;27;106##87382579;1288;3||103735745;1340;4||86725175;1452;2||86700461;840;1||84429681;1351;3##1;1596;551;781;good;good;841##1;692;128;888;bad;normal;1214##true;345##true;903;0.8;0.3##true;1118##9;345||2;350||10;367||7;379||3;401||8;413||1;419||9;524||9;732||7;744||6;885||9;903||10;903||7;937||4;942||5;954||1;1002||3;1140||1;1153||4;1163||2;1170||6;1180||4;1182||1;1392||7;1407||6;1410||9;1421||6;1461||8;1462||4;1476||1;1477||5;1481||8;1553||5;1642||6;1960||6;2065||3;2225||4;2237||9;2480||2;2482||1;2505||6;2589||7;2591||10;2593||9;2792||1;2816||8;2821||6;2822||4;2837||2;2849||4;2850||9;3076||6;3082||1;3091||4;3114||5;3119||5;3189||6;3285||7;3436||9;3454||8;3592||4;3609||4;3622||7;3662||5;3695||10;3735##MH##2468922471;2700;1100;50;1506;1335
2473125373;2016-07-01;46;2512249;true;1;1416;1393;1431;Void Boys;1884355;Dota 2 Canada Cup Season 7;4297;3##31;39;58##87382579;1538;3||103735745;1279;3||86725175;1668;4||86700461;1102;1||84429681;1681;4##1;1664;336;842;bad;bad;1126##1;568;507;746;good;good;1086##false;258##false;740;0.7;1.4##true;1090##9;258||5;292||7;294||10;304||3;306||4;321||3;388||8;418||9;419||7;424||5;455||3;460||6;498||6;663||9;677||8;740||9;796||6;889||10;890||4;890||7;895||9;912||8;953||8;1058||8;1193||9;1241||5;1256||3;1266||8;1293||7;1298||2;1298||1;1368||2;1412||5;1432||6;1534||8;1535||7;1588||10;1593||5;1670||7;1700||10;1718||6;1775||8;1827||8;1834||2;1850||10;1860||4;1865||1;1885||7;1888||6;1895||5;1895||7;2061||5;2137||9;2174||6;2224||7;2294||8;2295||5;2321||4;2341||3;2554||7;2592||4;2599||2;2606||3;2661||1;2663||5;2667||4;2675||6;2730||8;2767##H##2473125373;2750;950;50;1195;1000
2473082189;2016-07-01;30;2512249;true;0;1278;1538;9999;Void Boys;1884355;Dota 2 Canada Cup Season 7;4297;3##22;11;54##87382579;1009;3||103735745;1269;3||86725175;2600;4||86700461;1122;1||84429681;1500;4##1;1751;491;766;normal;normal;991##1;642;181;638;normal;normal;894##false;277##true;1193;0.6;0.7##false;1412##1;277||6;278||5;437||7;502||1;503||6;504||2;512||5;519||1;555||10;573||2;647||7;724||9;759||7;909||3;929||7;1070||10;1145||6;1193||10;1299||4;1302||7;1308||1;1314||2;1314||9;1445||10;1450||8;1451||7;1473||10;1715||6;1758##L##2473082189;2800;900;50;1235;960
2477800088;2016-07-02;32;2512249;true;1;1397;1875;9999;Void Boys;1884355;Dota 2 Canada Cup Season 7;4297;3##36;12;87##87382579;1405;3||103735745;1384;3||86725175;1875;2||86700461;1263;1||84429681;2034;4##1;1535;676;738;good;normal;999##1;412;213;709;bad;normal;1033##true;46##true;599;0.9;0.5##true;1240##6;146||1;147||3;214||2;228||2;378||4;383||10;453||2;518||6;569||1;599||3;630||10;635||6;639||1;820||7;904||2;912||5;931||1;947||3;1050||7;1056||1;1060||5;1067||2;1071||4;1078||4;1158||1;1161||6;1180||2;1186||7;1253||2;1259||1;1272||9;1316||1;1353||4;1368||5;1475||2;1617||9;1722||2;1728||4;1731||5;1735||3;1744##L##2477800088;2850;850;50;1270;925
2477746257;2016-07-02;33;2512249;true;0;1163;1746;9999;Void Boys;1884355;Dota 2 Canada Cup Season 7;4297;3##28;13;71##87382579;1674;4||103735745;1454;3||86725175;1855;4||86700461;1936;4||84429681;1564;3##1;1218;314;678;good;good;963##1;373;424;676;bad;bad;1091##true;80##true;923;0.7;0.5##true;1169##6;121||5;173||7;191||6;297||2;535||6;544||7;575||2;629||7;632||4;645||5;732||10;779||3;900||10;910||8;923||4;980||8;1026||10;1127||6;1182||9;1216||4;1218||8;1222||10;1224||1;1321||7;1449||8;1503||7;1568||6;1573||6;1648||10;1715||4;1838||8;1844||5;1845||10;1850||6;1855||1;1868##L##2477746257;2900;850;50;1301;957
2477849405;2016-07-03;20;2512249;true;0;1424;9999;9999;Void Boys;1884355;Dota 2 Canada Cup Season 7;4297;3##20;9;37##87382579;1456;3||103735745;1400;3||86725175;2366;4||86700461;2334;4||84429681;1277;4##1;757;653;819;perfect;good;998##1;0;331;596;horrible;bad;935##true;96##true;742;1.0;0.4##false;9999##10;96||2;291||10;321||6;335||10;468||10;592||9;666||6;695||2;696||9;742||4;795||10;802||3;833||9;887||6;922||4;957||10;963||3;963||2;969||1;997||6;1019||7;1100||7;1167||6;1167||10;1201##ML##2477849405;2950;850;50;1333;994
2485030583;2016-07-06;54;2512249;false;0;1315;1251;1119;CDEC.Youth;2635099;Nanyang Championships Season 2;4660;1##30;47;48##87382579;809;4||103735745;1089;3||86725175;1224;2||86700461;888;1||84429681;895;3##1;1198;384;695;good;bad;1016##1;856;768;721;bad;good;1409##false;94##true;875;1.1;0.7##true;1403##1;97||8;142||2;194||8;277||4;286||1;291||6;325||10;417||9;457||5;508||7;554||9;600||1;695||9;822||9;862||10;875||2;877||7;887||2;1019||1;1086||2;1086||4;1088||2;1221||7;1231||6;1242||10;1359||5;1413||6;1416||2;1419||10;1421||8;1425||10;1595||5;1655||10;1662||1;1663||7;1686||1;1757||6;1765||4;1923||2;1942||9;2146||5;2222||10;2226||2;2233||8;2234||1;2236||4;2267||10;2331||3;2446||4;2528||1;2534||6;2586||10;2678||1;2706||2;2736||5;2739||4;2750||5;2865||8;2879||1;2931||5;2993||4;3010||2;3013||2;3100||4;3100||2;3113||1;3121||3;3161||5;3186||8;3271##H##2485030583;3000;1800;50;1549;1327
2484943506;2016-07-06;47;2512249;false;0;1053;895;957;CDEC.Youth;2635099;Nanyang Championships Season 2;4660;1##22;46;40##87382579;894;3||103735745;862;4||86725175;688;2||86700461;936;1||84429681;1044;3##1;790;508;621;bad;bad;868##1;878;331;756;good;good;1108##false;214##false;935;0.5;0.9##false;1289##2;214||3;260||5;415||4;555||1;560||2;566||5;595||8;626||7;684||3;742||7;744||9;746||10;752||2;780||1;935||7;1136||5;1216||3;1229||1;1235||1;1390||5;1440||8;1483||4;1492||1;1525||10;1708||3;1718||7;1722||2;1728||9;1729||4;1749||2;1811||3;1963||6;1967||7;1997||5;2008||2;2020||7;2116||10;2125||1;2128||9;2128||3;2138||8;2142||2;2143||5;2151||4;2211||2;2225||1;2234||7;2321||1;2343||9;2470||1;2475||6;2486||9;2570||10;2580||3;2587||5;2589||1;2592||7;2592||4;2599||2;2641||6;2645||1;2646||5;2718||7;2732||4;2736||1;2751##L##2484943506;2950;1800;50;1491;1293
2489260740;2016-07-08;45;2512249;false;0;899;1301;756;Team Empire;46;Nanyang Championships Season 2;4660;1##14;28;27##87382579;1055;3||103735745;1215;3||86725175;1274;2||86700461;616;1||84429681;950;4##1;581;461;768;bad;bad;1130##1;293;211;715;good;good;1093##false;101##false;1458;0.1;0.6##false;873##2;101||4;224||5;276||1;626||8;679||5;695||4;754||10;981||4;1029||6;1111||4;1125||8;1243||8;1308||5;1436||4;1458||7;1473||8;1481||6;1582||2;1590||5;1606||2;1785||3;1859||2;1871||4;2018||5;2022||3;2030||2;2032||1;2077||1;2102||2;2117||6;2321||9;2377||2;2406||7;2455||4;2483||1;2491||8;2494||6;2494||3;2500||9;2522##H##2489260740;2900;1050;50;1434;1024
2489425593;2016-07-08;59;2512249;true;1;1184;1333;1037;Team Empire;46;Nanyang Championships Season 2;4660;1##51;33;122##87382579;1472;3||103735745;1108;4||86725175;1530;4||86700461;1533;1||84429681;1356;3##1;699;1103;693;good;good;1334##1;1326;372;651;bad;bad;864##true;182##true;1056;0.8;0.4##true;1199##1;182||10;220||1;339||1;485||4;518||5;648||8;670||3;671||9;676||5;738||4;752||6;839||6;987||3;1051||4;1056||7;1066||9;1178||1;1236||4;1358||6;1360||10;1364||8;1371||8;1378||5;1553||7;1555||10;1556||3;1559||4;1560||9;1572||1;1606||3;1704||7;1745||10;1891||4;1896||5;1930||7;1931||3;1932||8;1948||2;1950||1;1959||5;2065||8;2076||1;2206||7;2209||8;2242||4;2362||7;2367||5;2367||3;2376||8;2376||2;2387||4;2527||5;2531||7;2536||3;2538||2;2578||4;2630||9;2641||4;2756||10;2797||2;2821||5;2825||4;2831||3;2833||1;2839||4;2910||10;2948||8;2951||3;2961||9;2973||6;2983||8;3118||1;3124||9;3135||7;3144||5;3250||2;3390||5;3397||4;3401||3;3406||8;3512##H##2489425593;2850;1100;50;1364;1094
2489350478;2016-07-08;33;2512249;true;1;1131;1731;9999;Team Empire;46;Nanyang Championships Season 2;4660;1##21;20;41##87382579;1192;4||103735745;1371;3||86725175;1134;2||86700461;1051;1||84429681;1469;3##1;1292;154;724;bad;good;1122##1;271;254;749;good;bad;986##true;156##false;1324;0.2;0.4##true;815##1;156||10;186||5;186||9;269||9;401||9;764||4;925||6;993||10;1003||4;1090||6;1160||10;1264||7;1310||4;1315||9;1324||6;1349||5;1353||8;1361||10;1386||3;1582||4;1582||1;1593||4;1673||9;1677||3;1696||10;1741||2;1743||4;1747||5;1749||1;1780||8;1811||8;1823||7;1825||4;1910||3;1914||6;1921||4;1924||10;1925||7;1926##H##2489350478;2900;1050;50;1401;1057
2491680573;2016-07-09;41;2512249;false;1;1015;991;9999;LGD-GAMING;15;Nanyang Championships Season 2;4660;1##23;34;65##87382579;859;3||103735745;1061;3||86725175;1270;2||86700461;767;1||84429681;1271;4##1;616;501;597;normal;bad;973##1;1157;479;688;normal;normal;1261##false;369##false;1013;0.8;0.5##false;1434##9;369||6;481||7;493||1;505||5;506||2;510||7;573||2;578||5;718||3;761||2;763||8;854||2;878||5;921||10;959||6;966||7;1008||6;1013||9;1151||1;1151||10;1159||2;1350||5;1358||6;1576||5;1638||1;1657||10;1658||2;1658||8;1660||9;1663||6;1677||3;1712||9;1722||8;1733||3;1739||2;1755||7;2051||2;2074||6;2074||8;2126||6;2134||9;2142||7;2145||5;2316||2;2320||6;2321||4;2328||7;2335||1;2337||2;2343||9;2381||3;2395||6;2410||10;2417##H##2491680573;2950;2350;50;1434;1482
2491605871;2016-07-09;28;2512249;false;1;773;9999;9999;LGD-GAMING;15;Nanyang Championships Season 2;4660;1##5;27;5##87382579;569;3||103735745;616;3||86725175;822;2||86700461;483;1||84429681;874;4##1;280;239;664;horrible;bad;878##1;1618;439;728;perfect;bad;1272##false;299##false;739;0.2;1.1##false;1589##9;299||6;303||1;377||9;409||6;490||8;585||9;628||1;640||7;647||9;695||6;725||8;739||7;885||2;921||7;1004||6;1039||6;1147||9;1337||2;1402||5;1404||6;1426||7;1427||9;1435||10;1444||10;1551||6;1563||7;1577||10;1618||6;1646||4;1696##ML##2491605871;2900;2400;50;1386;1530
2502305932;2016-07-13;37;2512249;false;1;897;979;9999;Fnatic;350190;The Summit 5;4442;1##12;27;35##87382579;815;3||103735745;1073;3||86725175;930;2||86700461;678;1||84429681;977;4##1;675;195;633;normal;good;1016##1;1119;391;622;normal;bad;1027##true;330##false;1123;0.6;0.7##false;2091##3;330||1;379||10;433||9;541||7;598||2;648||4;649||5;654||8;731||9;788||6;815||4;822||8;850||10;923||7;1093||4;1115||3;1123||9;1123||5;1127||6;1320||8;1322||9;1326||7;1365||10;1440||10;1598||7;1603||6;1614||3;1955||6;1957||7;1960||9;1962||10;1962||9;2132||4;2140||6;2152||3;2227||6;2227##L##2502305932;2850;1950;50;1337;1515
2502229047;2016-07-13;36;2512249;false;1;963;974;9999;Fnatic;350190;The Summit 5;4442;1##8;18;18##87382579;705;3||103735745;935;3||86725175;895;2||86700461;614;1||84429681;1025;4##1;796;296;671;bad;bad;933##1;1183;496;639;good;normal;1312##false;371##false;1195;0.3;0.8##true;1010##8;371||6;384||9;392||8;503||6;513||3;548||10;620||3;660||9;681||7;729||4;812||2;978||4;1074||7;1156||6;1195||4;1206||7;1629||6;1629||9;1638||4;1787||6;1856||9;2005||5;2036||10;2091||9;2094##L##2502229047;2800;2000;50;1294;1558
2506349579;2016-07-15;36;2512249;true;1;1209;1927;9999;FriendshipDedicationLove;2677025;The Summit 5;4442;1##32;18;89##87382579;1416;3||103735745;1647;3||86725175;1568;2||86700461;1363;4||84429681;1056;2##1;1541;349;589;normal;normal;962##1;419;498;724;normal;normal;1119##true;166##true;868;1.1;0.8##true;1518##4;166||7;168||5;176||9;296||10;311||5;365||10;404||5;441||3;535||1;611||7;615||4;626||6;633||2;635||1;693||8;718||9;752||3;868||2;893||1;903||4;1056||6;1189||1;1213||2;1232||7;1233||5;1246||3;1298||5;1385||7;1680||1;1682||4;1689||2;1693||5;1711||8;1761||4;1779||10;1780||8;1787||3;1789||9;1793||6;1799||7;1803||9;1990||1;1999||3;2014||5;2015||2;2051##L##2506349579;2750;1150;50;1255;893
2506261838;2016-07-15;25;2512249;true;1;1688;9999;9999;FriendshipDedicationLove;2677025;The Summit 5;4442;1##21;5;47##87382579;1263;4||103735745;1284;3||86725175;1498;2||86700461;1331;1||84429681;1492;3##1;1868;241;724;good;normal;1086##1;0;312;629;bad;bad;869##false;182##true;1057;0.7;0.1##true;735##1;401||2;503||3;558||1;619||4;638||1;773||3;785||8;863||3;900||3;1057||2;1177||7;1243||8;1247||2;1261||5;1270||1;1383||2;1388||4;1391||1;1436||4;1441||7;1450||8;1454||4;1486##ML##2506261838;2800;1100;50;1284;864
2508641831;2016-07-16;17;2512249;false;0;1076;9999;9999;Team Liquid;2163;The Summit 5;4442;1##8;21;18##87382579;823;3||103735745;1086;3||86725175;782;2||86700461;906;1||84429681;1010;4##1;309;50;762;bad;perfect;897##1;2068;100;800;good;horrible;898##true;-26##false;650;0.8;1.3##false;610##10;-26||8;-12||8;233||8;315||5;349||2;359||3;384||1;404||6;405||6;514||4;524||1;526||3;573||1;577||4;650||2;673||2;803||1;812||10;814||5;818||9;881||1;976||9;983||5;989||2;991##ML##2508641831;2850;1900;50;1310;1590
2508519627;2016-07-16;46;2512249;false;1;909;991;987;Team Liquid;2163;The Summit 5;4442;1##24;31;67##87382579;1033;3||103735745;889;3||86725175;1186;4||86700461;1195;1||84429681;1365;4##1;352;492;635;normal;horrible;907##1;1083;554;734;normal;perfect;1244##false;46##false;1191;0.5;0.7##true;1560##6;46||10;106||6;277||4;400||6;426||1;545||9;552||1;749||6;775||2;809||4;823||8;844||1;917||4;934||6;1100||3;1180||9;1191||7;1196||1;1208||7;1314||5;1363||3;1554||7;1562||1;1567||8;1577||9;1588||3;1593||9;1596||7;1811||8;1856||5;1856||3;1862||6;1906||7;2308||8;2340||1;2350||10;2386||3;2394||7;2395||2;2400||6;2435||4;2436||1;2447||4;2538||5;2541||3;2549||6;2553||1;2566||7;2568||1;2657||8;2725||7;2732||9;2775##H##2508519627;2800;1950;50;1267;1633
