BAD BAD 
2183814394
2173132500
2159274036
2060192260
2060156776
2060106788
2060064033
2059989702
2059954859
2059894505
2059814802
2059810330
2059784494
2059775366
2059775265
2059755810
2032498935
New
2173050367
2117383841
2117348373
2033562446
2029612992
1998634090
1929831670
1974615727
1960506372
2188546729
2166720898
2166699641
2193058246
2168505481
2140967811
2123519385
2089211399
2086258328
2005085971
2005082776
1987155987
1987151234
1979983830
1979949575
1979355283
1977791519
2190224624
2188327608
2187539364
2168431941
2168188488
2167964290
2186272091
1931691927
1923609014
1923459197
2183794268
2183771486
2166584898
2097980330
2097877953
2097858133
2095307826
2042337944
2042606867
2004646450
2001307373
2001074382
2001025375
1997885779
1982487451
1982436155
1944461612
1944370056
1938666083
1938628621
1938586085
1936242666
1936045909
1936018842
1933816612
2157351319
2117011672
2116995866
2116968137
2109599759
2109591489
2109571301
2170524104
2170466901
2167348412
2168715111
2168582808
2168441628
2128242878
2128230603
2156725665
2156689397
2086219399
2086139624
2032547050
2024861169
2024843784
2155684547
2203895927
2203821994
2102145746
2101944670
2101824922
2101658859
2101592184
2101464994
2101437607
2207668823
2207499066
2207328558
2207207171
2206895018
2206879328
2206772780
2206687191
2205170486
2205089705
2204976105
2204956122
2204817696
2204809032
2204698314
2204643815
2204581779
2204531274
2204505408
2204447287
2205094337
2210025788
2209912020
2209607290
2209466824
1339124089
1339023007
1339701953
1339887947
1339531080
1340466951
1339002579
1340285404
1338881956
1339137801
1338853684
1336753796
1337377384
1337172626
1337012811
1336672432
1337120175
1336690391
1336844548
2147302916
2078130243
1982075607
1897673409
2203724151
2205671955
2197922641
2186147198
2216560268
2219984622
2218489055
2218471005
2220509162
2221124327
2221158291
2221064068
2221034549
2220931447
2220867789
2220787808
2220628131
2227646859
2227309830
2223389203
2228695385
2231883113
2230187331
2227877076
2232426905
2232948642
2232788049
2234722442

2180029682
2068570988
2062111500
2067328957
2067132796
2060618888
2064437263
2064299688
2062684014
2062023258
2241199446
2240978055
2240896236
2240805127
2239156248
2239103646
2239001296
2238976217
2238910582
2238864950
2238827131
2238773307
2238767775
2238668685
2240157714
2240156074
2237778094
2241152509
2241002498
2240928849
2240729725
2240680359
2240611775
2240527995
2240439059
2239033179
2238909193
2238811676
2238712917
2236171087
2236046593
2235564067
2234722442
2246010583
2243465030
2241349099
2244121749
2244081320
2246056134
2245931451
2245674621
2245562168
2245362649
2245230422
2245134295
2245064000
2244977161
2243671812
2243472863
2243396626
2243269558
2243201513
2243123404
2243035070
2242933870
2242847934
2242770950
2246180556
2246658403
2248133443
2247871363
2247763640
2247649708
2247564677
2247479635
2247391840
2248281699
1958646436
1945689926
1945501610
1941604132
1941299238
1940066005
1939966560
1938172061
1938072893
1937994477
1937887200
1937815184
1937670664
1937589289
1931314360
1930410735
1930299848
1930288246
1929650493
2249299170
2248419457
2248339782
2250718147
2250563086
2251405855
2251305294
2251210979
2251071950
2250926835
2253109036
2252937263
2252851261
2254134652
2254032535
2253566718
2253472893
2253310755
2253182802
2252749651
2252621495
2252485290
2251700599
2251125210
2248305380
2248196817
2248008109
2247744440
2247643166
2247097496
2247054693
2237484053
2237387866
2237221445
2236803896
2236659920
2236495988
2254248935
2254412720
2254321816
2251725653
2258491113
2258193098
2258058237
2032504136
2032488601
1992589335
1992547651
1988418351
1984053064
1984018940
1983890571
1983771237
1983623767
1983587799
1983418263
1983410475
2261921883
2262560039
2262374256
2260224808
2261415494
2264012391
2272593008
2274154264
2268946578
2274779011
2275953381
2278113119
2277176456
2275034976
2274943233
2273004150
2279200009
2278737934
2278725270
2280174548
2283590638
2283546268
2283054418
2284317255
2284237190
2280655665
2280577646
2286949853
2286942025
2288563678
2288235035
2290984416
2292684045
2293965830
2294704677
2296826295
2293877695
2300335187
2300302449
2300211819
2299621545
2300238688
2304736039
2306422335
2305433016
2307195039
2309072676
2316737771
2311604475
2317954019
2317708701
2317616064
2314634747
2320759393
2323197677
2323190809
2323189634
2327936411
2334945731
2331222711
2333924163
2336781247
2336782498
2336704983
2336638736
2336609986
Check.was objectives error x4

2336559181
2336469888
2336428998
2336392988
2336389993
2336353295
2336340006
2336338882
2336332404
2336331345
2340883499
2339566559
2340503524
2338720965
2332499700
2332499197
2328644189
2310941113
2310937279
2300193727
2300128095
2300108278
2300102303
2300093691
2300087915
2300080396
2345962575
2345955696
2345940864
2345934178
2345895582
2345841936
2345840884
2345831831
2345831135
2345828739
2345800899
2345794008
2345793198
2345762887
2345752709
2345741208
2345735311
2347627296
2347575163
2347531656
2347527185
2347519265
2347514287
2347513522
2347486917
2347477792
2347458918
2347438292
2347434464
2347428926
2347407790
2347405320
2347404900
2347401415
2347393061
2347382149
2347373049
2347355184
2347341002
2347337419
2347334746
2347311257
2347301712
2347300314
2347270323
2347263781
2347246877
2347246380
2347238816
2347238424
2347230116
2347217071
2347212909
2347209091
2347198139
2347196259
2347193463
2347190360
2347182064
2347176052
2347174182
2347171182
2347161263
2347159711
2347153342
2347147195
2347139434
2347128385
2347128368
2347124906
2347118516
2347115602
2347111487
2347110974
2347110981
2347110228
2347102568
2347101921
2347097863
2347095549
2347092523
2347088701
2347087100
2347085260
2347077546
2347041758
2347039251
2346875755
2346784618
2346766395
2346735272
2346715931
2346711431
2346697048
2346655729
2340427982
2339692096
2342697755
2344066679
2346619514
2346556904
2346553528
2346552267
2346528031
2346522418
2346513979
2346493781
2346487949
2346483903
2346474445
2346472306
2346470602
2346467747
2346466039
2346465943
2346452873
2346449637
2346438232
2346426201
2346425648
2346419570
2346418308
2346410619
2346401260
2346389090
2346381491
2346366006
2346359533
2346356333
2346350681
2346345307
2346342278
2346341793
2346337223
2346333456
2346329757
2346329406
2346326342
2346322623
2346321362
2346314439
2346312820
2346310165
2346297801
2346296897
2346292234
2346289606
2346286056
2346282481
2346281411
2346277335
2346275177
2346271433
2346270373
2346266778
2346263603
2346262578
2346261454
2346257388
2346255281
2346254684
2346253010
2346251319
2346249744
2346249081
2346240253
2346238637
2346235670
2346230769
2346221188
2346218685
2346191661
2346189780
2346189699
2346188809
2346178741
2346176397
2346174268
2346174208
2346172053
2346172054
2346171871
2346171533
2346171497
2346166698
2345997002
2345995775
2347447251
2346286194
2346203613
2346196576
2349979931
2350085360
2349986137
2349864235
2349832098
2349774399
2349708926
2349704909
2349677752
2349595164
2349581362
2349524332
2348965312
2348908014
2348539500
2348505122
2348334025
2348309070
2348231144
2348163943
2348126605
2349281666
2352468503
2350107539
2349580699
2355371828
2355255168
2353548362
2353450342
2355371828
2353312862
2353259724
2353183744
2353165695
2353121636
2360043285
2361040603
2349580699
2349268933
2357232989
2359748890

2362188443
2362149586
2361926879
2362069472
2366275969
2366141941
2366043212
2365660179
2367143352
2368620423
2368538285
2368478360
2368414996
2369851155
2369703593
2369551031
2369406242
2368997456
2368913328
2368852244
2370352605
2370306451
2370182918
2370418657
2370380742
2369769270
2369564399
2369533339
2369433771
2369147115

2365338673
2377228574
2374230684
2383725081
2383352276
2383296141
2384822000
2383932043
2383969794

2372098666
2371937804
2371795691
2368812501
2373853207
2373709129
2373702868
2373333217
2373237915
2372591322
2371818110
2371657390
2371639656
2371318549
2371143722
2371119491
2371033374
2371329652
2371220360
2371178115
2371909773
2373841344
2373616274
2373565989
2371760587
2371641667
2371528172
2371372963
2373337554
2373689494
2372926059
2372822641
2372712663
2372669841
2372356207
2372256767
2371929126
2370731030
2372809067
2377041050
2376965788
2376899478
2376753697
2376736928
2376115288
2376054087
2376042377
2375936445
2375927711
2375785278
2375703758
2375592426
2374239370
2374122195
2373980255
2373865262
2379548555
2376242584
2374493806
2374263733
2374121183
2379921563
2379599799
2377305330
2375058354
2376218443
2376090757
2375608494
2373922157
2378774701
2378629764
2376343070
2376230250
2376012495
2375828798
2374089029
2376507426
2376356649
2375860677
2374125194
2380828499
2382439645
2384735352
2384852667
2390345839
2390294911
2390785028
2391061351
2391023817
2390226517
2390186900
2390171553
2389061643
2389037131
2391210050
2391180670
2391153816
2391150471
2391138803
2391129324
2391124002
2391119008
2391113302
2391195169
2390210099
2388044498
2390044979
2389547848
2390097852
2391703007
2392633749
2392023109
2390413849
2395410224
2395300931
2392748824
2395004978
2394588849
2393084048
2392901144
2394918630
2394175566
2393011521
2401277206
2401153052
2400499487
2400361905
2399236477
2398650101
2398544112
2397731364
2397627727
2397224284
2395932638
2395124537
2394346965
2394333651
2403511838
2403025835
2399328809
2397957700
2397931660
2404818033
2404718524
2406265264
2408602739
2412359190
2412204940
2410350108
2417246421
2417135766
2414656285
2418341338
2418282767
2417963053
2417816140
2415727204
2415205365

2414827666
2412868716
2412139952
2419470353
2420629172
2420563674
2420543612
2420443995
2419978852
2423988939
2423886977
2423753937
2423788583
2427647518
2425332977
2425247435
2427085698
2426999275
2426609687
2425246149
2425114816
2427737432
2432070228
2431167478
2431026817
2431975391
2430059880
2435830996
2433722439
2438474676
2438003085
2436769302
2436556588
2435020062
2438468332
2438405926
2438396081
2438391406
2438384914
2438343297
2438326532
2438174821
2438136309
2438025706
2437432679
2436268267
2436218910
2436184090
2436174936
2436121463
2436034440
2436016143
2435991956
2435978664
2435930634
2435809204
2434006399
2433999440
2433945300
2433901219
2433827773
2433813790
2433750516
2433702545
2433671223
2437631290
2437534884
2437389256
2435052696
2437587232
2437468910
2437381862
2437109101
2437049254
2436991470
2436975298
2436923576
2441098240
2441025160
2440949319
2439533923
2439631062
2439548695
2440126260
2439978745
2440151847
2439953796
2435972894
2435972894
2441765257
2441765257
2441700059
2441700059
2437563458
2437554577
2442590831
2443303672
2445129370
2444938421
2444834644
2445065572
2444808328
2444693978
2443317486
2443205046
2442942479
2442672022
2442460017
2442297513
2440077685
2446731537
2445165527
2446668771
2448725953
2450478963
2448459013
2447910198
2447781973
2447880173
2449503782
2449278887
2442384588
2451085857

2442522485
2457830040
2457821895
2457792521
2457781976
2457772317
2457769895
2457766059
2457764773
2457763638
2457760414
2457755944
2457754528
2457753552
2457748433
2457748345
2457735826
2457734155
2457732962
2457729314
2457728806
2457725923
2457721982
2457717537
2457711181
2457708309
2457706768
2457705935
2457705278
2457698183
2457696557
2457689484
2457688224
2457687034
2457686234
2457685622
2457683433
2457682377
2457681573
2457681200
2457680699
2457679002
2457676092
2457674446
2457673351
2457672585
2457667569
2457667530
2457667510
2457666197
2457665738
2457664575
2457663822
2457661672
2457654654
2457652722
2457652663
2457650342
2457649918
2457644172
2457642914
2457642882
2457641221
2457635244
2457634614
2457634120
2457633941
2457633300
2457633139
2457632915
2457632876
2457632555
2457632303
2457630651
2457630436
2457630162
2457630061
2457629159
2457627697
2457627549
2457625218
2457622726
2457622147
2457620942
2457620600
2457620522
2457620136
2457619592
2457618782
2457617644
2457614504
2457612126
2457608990
2457607980
2457606740
2457606720
2457605176
2457604889
2457604531
2457604097
2457603750
2457603657
2457602963
2457602911
2457602206
2457601868
2457601436
2457600837
2457600524
2457598794
2457596545
2457596544
2457596380
2457596340
2457596295
2457595311
2457595236
2457594980
2457593489
2457593246
2457592773
2457592260
2457592044
2457590981
2457590610
2457589833
2457589524
2457589205
2457588488
2457586471
2457585102
2457582589
2457581116
2457580928
2457579300
2457579111
2457577101
2457576868
2457576535
2457575036
2457574713
2457574511
2457574493
2457574006
2457572145
2457572001
2457571978
2457571832
2457568897
2457566569
2457565948
2457565076
2457564609
2457563789
2457563275
2457562809
2457562383
2457562190
2457561165
2457560976
2457560036
2457559992
2457556057
2457554901
2457554727
2457554023
2457553777
2457552987
2457552672
2457552527
2457551659
2457551513
2457551000
2457549229
2457548756
2457548447
2457548140
2457547809
2457547716
2457547262
2457546565
2457546482
2457546465
2457546355
2457545954
2457545614
2457545050
2457544903
2457544763
2457544334
2457544076
2457543244
2457543245
2457543219
2457543131
2457542510
2457542090
2457542006
2457541795
2457541058
2457540978
2457540468
2457540346
2457540269
2457540227
2457539896
2457539265
2457539046
2457538721
2457538466
2457538104
2457537871
2457537800
2457537770
2457537330
2457537317
2457536914
2457536733
2457536418
2457535259
2457535097
2457533997
2457533192
2457532989
2457532952
2457532918
2457532861
2456611448
2454524753
2454733929
2454624789
2453003622
2452950813
2452861725
2451591277
2451589743
2460470597
2460368035
2460284429
2460119957
2460015362
2459906295
2459807999
2459776124
2459744378
2459730536
2459727087
2459723882
2459718634
2459684042
2459671443
2459670914
2459667551
2459667397
2459485975
2459285803
2459255219
2459195296
2459160382
2459094759
2459063709
2458794462
2458774226
2458763376
2458583831
2458468321
2458293981
2458259939
2458259471
2458248570
2458247777
2460802559
2459994594
2461042797
2462512531
2462258494
2463569399
2466855361
2466798249
2464306513
2465726661
2473558251
2473200188
2473186230
2471820999
2472489909
2472409055
2470173664
2467666162
2471583281
2472995488
2467969914
2467873856
2473039182
2472853575
2472780721
2433258759
2480407113
2480181907
2480131805
2480023563
2479925269
2479759762
2477377269
2478967034
2474103477
2473795198
2477132685
2477123860
2477110039
2477064875
2476948044
2476875909
2476690061
2476642227
2476593771
2474352312
2474208209
2474090387
2474069197
2478667034
2478120372
2478036104
2475522685
2477956670
2476339823
2476852859
2476470848
2476374345
2485943768
2485720006
2476416722
2473897314
2473889329
2487733638
2485517424
2483257787
2482952942
2481472042
2481328552
2487190331
2485225131
2483811369
2486229576
2487019905
2488708599
2487158939
2487106348
2487070904
2487023011
2447509930
2457742626
2464626644
2465757735
2468160658
2473692410
2472695143
2474381718
2486219401
2485970991
2481697457
2481597811
2490784741
2490459170
2490423520
2490173460
2495273607
2493738182
2493689405
2495089859
2494955221
2494565252
2492994460
2492608666
2492393407
2492267100
2492017613
2495015431
2494885291
2494767215
2492749216
2492592886
2490337778
2492509254
2492470015
2476649271
2476536736
2491212433
2488623960
2493085388
2497312850
2498552936
2499043549
2498216550
2497776410
2497774492
2497772392
2501562676
2496218266
2505894502
2506155088
2505816890
2506021736
2505959649
2503756907
2503626633
2503606101
2509237829
2508858942
2476370289
2476261821
2476035843
2475903988
2473801958
2502501987
2502482154
2505855958
2506078521
2511094408
2510176096
2515980902
2475001409
2474999446
2515241165
2512608694
2510866295
2510813372
2510783159
2511102484
2518988233
2518725641
2518676713
2516901364
2517548026
2520325711
2520277900
2519744639
2519693538
2519494690
2522163083
2523227395
2523130070
2520833674
2520807754
2523630421
2523173259
2523005484
2522868348
2522498623
2522486340
2522255182
2522129110
2522021209
2521180094
2522500343
2524941060
2525763415
2525604470
2493051258
2522966406
2529488106
2531259945
2532966522
2537940041
2538747798
2540545657
2540910018
2540818554
2540701718
2540504844
2547426847
2547359971
2546770823
2544841318
2553416789
2553210134
2556961144
2556908405
2553944805
2549805807
2549802642
2549797127
2560469370
2555940129
2556066892
2555775631
2555766614
2555307467
2555301446
2554693724
2554495163
2554345884
2552167906
2552050467
2551948461
2551725065
2551640358
2550304900
2550270268
2550198541
2553727788
2553712925
2553666769
2553132995
2553478132
2561996986
2561945906
2561846655
2567682608
2567554805
2567410896
2566805111
2561773858
2563597608
2573049760
2575823025
2575241179
2573635623
2571184808
2569437396
2569166995
2568991588
2547155844
2545445798
2549420309
2568955330
2568929696
2568917696
2568845278
2568779934
2568758931
2567997184
2567861146
2578355287
2578067285
2577779798
2577756049
