2061263876;2016-01-07;53;1966890;false;1;1043;809;929##24;26;45##6103402;468||31763321;1459||109512357;946||42989814;811||31456357;733##1;527;675;-260;492;-170;1060##1;1556;367;-38;33;270;911##false;155##true;1800##false;1548##9;155||10;197||2;299||10;300||2;375||3;570||8;574||3;655||9;865||2;867||3;871||7;1009||2;1139||10;1542||6;1544||2;1545||1;1549||5;1800||10;2081||6;2083||2;2084||6;2171||7;2174||5;2204||3;2261||10;2371||2;2401||9;2409||1;2417||3;2422||4;2428||4;2619||10;2622||3;2622||1;2623||5;2647||10;2984||3;2989||7;2992||6;2993||1;2994||2;3022||7;3028||10;3179||6;3182||8;3184||2;3189||1;3189||7;3190||9;3194||7;3213##2061263876;1000;942;46
2061916953;2016-01-07;37;1966890;false;0;809;1315;9999##19;43;41##6103402;784||31763321;1042||109512357;1151||42989814;977||31456357;1044##1;801;128;-352;56;400;1042##1;840;488;367;1052;-300;1249##true;53##false;1086##false;1362##9;53||7;386||2;405||3;452||9;475||3;589||5;658||6;665||8;672||2;703||3;769||2;779||10;780||5;806||8;808||3;995||2;1086||3;1096||9;1098||1;1101||5;1105||6;1107||3;1230||1;1238||4;1239||8;1239||2;1246||6;1263||5;1411||1;1444||3;1445||10;1484||8;1485||6;1488||10;1496||4;1512||9;1521||5;1569||2;1755||7;1756||3;1759||5;1761||1;1763||4;1894||1;1921||3;1960||5;1963||1;1975||2;1983||10;2022||9;2035||7;2040||8;2100||4;2116||1;2124||5;2137||9;2226||1;2226||4;2228||2;2233||3;2235||5;2244||4;2245||1;2252||3;2253##2061916953;954;1349;29
2061444627;2016-01-07;62;1966890;true;1;1207;1550;904##29;19;56##6103402;742||31763321;1489||109512357;652||42989814;697||31456357;1132##1;1217;382;140;1128;-100;923##1;0;552;-676;-185;200;815##false;328##true;1134##true;924##10;328||6;336||9;425||1;468||7;640||2;656||4;669||5;676||5;795||4;810||2;811||1;966||9;1020||2;1024||1;1134||10;1157||3;1257||2;1262||9;1395||2;1401||5;1405||3;1624||4;1675||7;1685||9;1689||7;1694||8;1701||6;1964||2;1965||4;1992||6;2068||8;2070||10;2211||10;2951||6;2954||8;2969||2;3361||3;3366||5;3374||3;3388||4;3450||2;3463||6;3474||8;3481||2;3738||6;3742||4;3743||3;3745||1;3746||1;3758##2061444627;925;988;46
2063468020;2016-01-08;24;1966890;true;0;1713;9999;9999##22;8;52##6103402;1451||31763321;2140||109512357;1121||42989814;1335||31456357;1461##1;2222;749;367;1420;-170;757##1;852;209;565;-411;270;1112##false;91##true;951##true;875##5;91||4;257||1;282||10;374||3;461||6;548||7;568||8;596||7;712||8;786||6;851||8;854||10;854||8;951||10;970||7;971||6;974||6;1110||7;1119||1;1131||6;1236||1;1248||7;1255||2;1263||3;1270||10;1271||8;1395||10;1397||9;1405||6;1408||7;1413##2063468020;971;1049;59
2064312186;2016-01-08;31;1966890;false;1;676;1005;9999##8;19;15##6103402;864||31763321;699||109512357;502||42989814;853||31456357;958##1;0;300;272;-667;-100;958##1;1655;495;368;1464;200;970##false;336##false;1393##true;926##8;336||9;450||1;649||8;652||2;654||8;727||7;727||6;885||7;1026||10;1041||7;1053||6;1063||1;1320||4;1393||8;1393||6;1396||3;1402||9;1450||3;1581||5;1598||5;1609||2;1658||8;1774||6;1779||10;1786||7;1789||7;1840||9;1841||6;1848##2064312186;1030;1018;49
2063322935;2016-01-08;43;1966890;false;0;1015;745;9999##9;25;19##6103402;910||31763321;734||109512357;1275||42989814;1000||31456357;698##1;539;182;267;-138;70;1011##1;1118;207;506;774;60;1039##false;190##false;1638##false;1044##5;190||10;205||6;314||1;318||3;435||5;513||6;519||8;525||5;641||3;657||6;814||3;1115||1;1121||2;1302||9;1320||10;1527||3;1638||2;1642||1;1643||10;1647||4;1654||5;1660||1;1664||3;2029||1;2032||4;2039||6;2337||3;2448||1;2450||2;2452||9;2457||6;2476||5;2553||1;2561||2;2613||5;2620##2063322935;981;990;49
2064168118;2016-01-08;34;1966890;false;0;780;827;9999##4;33;6##6103402;615||31763321;469||109512357;736||42989814;951||31456357;748##1;335;213;3;-648;-170;1109##1;742;398;420;1559;270;1124##false;148##false;874##false;1623##5;148||4;151||8;220||1;224||4;425||3;519||4;609||6;721||5;730||1;806||3;807||5;874||1;982||1;1041||3;1092||1;1428||5;1432||2;1432||5;1550||3;1558||1;1558||2;1560||4;1562||3;1712||2;1715||3;1808||5;1928||1;1950||3;1950||2;1954||5;2006||10;2007||1;2022||4;2023||2;2026||3;2030||6;2045##2064168118;932;1001;46
2130818462;2016-02-05;34;1966890;false;1;888;1039;9999##15;34;25##6103402;796||31763321;1076||109512357;578||42989814;680||31456357;1079##1;136;680;-24;70;350;847##1;1401;48;28;1184;-200;1157##true;71##false;907##false;1078##5;71||8;188||1;188||8;305||9;386||4;485||3;562||6;581||9;676||5;721||6;763||10;788||8;805||1;809||7;820||6;824||10;906||8;907||9;963||7;979||6;995||4;1133||7;1138||8;1140||6;1160||9;1391||8;1415||5;1617||6;1627||1;1628||3;1629||2;1641||1;1734||8;1749||3;1750||6;1750||4;1757||5;1768||7;1769||9;1774||6;1985||9;1985||10;1993||8;2040||7;2050||9;2053||6;2059||1;2062||7;2063||8;2070||10;2077##2130818462;886;1204;32
2130584254;2016-02-05;51;1966890;true;1;910;1269;1137##33;16;65##6103402;694||31763321;1629||42989814;1212||109512357;1216||31456357;1357##1;1063;327;-287;807;-170;1197##1;179;168;632;225;270;1025##false;110##true;1175##true;673##9;110||6;207||9;346||7;353||5;386||7;530||5;576||3;626||5;631||10;634||2;902||1;1011||6;1014||3;1016||1;1060||5;1105||5;1175||6;1178||10;1180||8;1182||4;1204||2;1225||1;1483||4;1489||10;1568||8;1584||4;1598||2;1665||4;1687||4;2037||5;2113||3;2406||1;2787||5;2861||4;2861||6;2903||1;2907||7;2909||9;2916||8;2928||5;2936||3;2941||4;2952||1;3012||2;3013||6;3013||5;3035||2;3038||3;3048||3;3098||1;3103##2130584254;854;1149;42
2130439555;2016-02-05;46;1966890;true;1;971;1166;1200##25;18;50##6103402;735||31763321;1893||109512357;1388||42989814;993||31456357;887##1;553;1129;24;902;400;1250##1;936;-209;79;622;-300;858##true;47##true;788##false;880##5;47||5;113||6;228||5;293||9;355||8;365||10;368||2;396||5;426||3;510||7;627||6;630||10;702||6;709||6;765||3;770||1;777||2;784||5;788||7;891||6;906||5;1061||9;1077||6;1088||5;1535||3;1542||2;1543||4;1557||1;2028||4;2032||6;2035||2;2036||4;2433||1;2444||3;2462||5;2549||6;2551||8;2560||10;2566||3;2575||9;2577||4;2747||1;2749||3;2753##2130439555;896;1107;38
2130751109;2016-02-05;18;1966890;false;0;866;9999;9999##2;15;4##6103402;1202||31763321;757||109512357;705||42989814;281||31456357;880##1;157;181;118;-495;-170;785##1;1182;669;898;1381;270;1094##false;164##false;1028##false;922##4;164||4;215||7;359||9;368||4;378||7;454||4;793||2;941||3;942||1;944||4;951||5;1021||1;1028||4;1070||2;1073||1;1109||5;1109||3;1111##2130751109;934;1236;42
2135936884;2016-02-07;40;1966890;true;1;783;1663;9999##28;18;59##6103402;814||31763321;2015||109512357;1060||42989814;1016||31456357;1007##1;949;716;296;939;-30;810##1;518;71;452;83;180;895##false;257##true;1111##true;1165##10;257||4;545||10;692||6;877||1;959||9;968||2;996||4;997||3;1006||4;1085||6;1090||9;1093||3;1099||5;1105||2;1110||1;1111||10;1112||10;1221||9;1486||1;1497||10;1499||3;1600||2;1613||7;1637||5;1649||9;1651||8;1657||2;1808||5;1809||8;2024||7;2029||4;2032||3;2033||9;2041||6;2043||10;2058||8;2288||1;2296||5;2298||2;2305||3;2318||4;2396||1;2402||2;2414||3;2416||5;2418||2;2426##2135936884;892;884;49
2136030360;2016-02-07;30;1966890;true;0;1113;2015;9999##31;17;62##6103402;1219||31763321;1885||109512357;1238||42989814;1238||31456357;1301##1;1402;966;88;1142;-300;846##1;114;-99;7;45;400;725##false;80##true;908##true;1194##5;80||4;290||8;369||1;408||7;414||2;416||10;569||9;603||1;608||9;752||1;816||6;878||9;884||8;894||7;897||10;908||2;986||4;995||4;1118||7;1173||10;1173||8;1178||6;1183||9;1332||8;1335||6;1338||10;1364||1;1436||7;1465||5;1466||2;1472||4;1473||6;1485||6;1634||10;1649||8;1663||1;1670||9;1677||2;1680||6;1680||4;1692||10;1694||7;1699||3;1811||1;1814||6;1819||10;1820||9;1820||8;1825##2136030360;941;835;43
2147422945;2016-02-12;25;1966890;true;1;1242;9999;9999##21;15;41##6103402;1324||31763321;1218||109512357;1548||42989814;1735||31456357;809##1;1596;261;569;878;270;1021##1;113;522;-326;342;-170;906##true;134##true;1137##false;1177##5;134||4;187||3;283||4;401||10;611||6;620||8;637||5;745||4;745||1;750||7;752||4;797||6;874||8;897||10;899||4;915||9;1029||4;1035||4;1137||6;1138||7;1141||8;1144||6;1186||3;1194||1;1209||3;1213||10;1213||4;1215||5;1219||8;1271||1;1338||4;1338||3;1340||2;1343||8;1347||2;1494||4;1499||3;1504##2147422945;984;1320;42
2147504037;2016-02-12;28;1966890;true;0;1352;9999;9999##20;16;41##6103402;1355||31763321;1268||109512357;2329||42989814;1223||31456357;999##1;913;-107;279;329;-170;1230##1;391;558;689;956;270;906##false;103##false;880##true;1323##4;103||5;146||5;195||4;330||5;331||10;469||2;482||9;491||1;503||3;503||5;584||8;616||7;672||10;682||9;765||8;769||2;880||9;886||1;891||5;898||8;900||3;901||1;1082||3;1105||9;1264||7;1279||8;1493||6;1495||5;1554||10;1579||7;1649||6;1659||10;1675||9;1685||7;1718||6;1724##2147504037;1026;1278;37
2152400343;2016-02-14;31;1966890;false;1;718;975;9999##7;21;16##6103402;720||31763321;1243||109512357;899||42989814;909||31456357;1041##1;284;775;453;-89;0;981##1;1632;-159;458;1184;150;1205##false;303##false;1023##false;901##10;303||1;510||2;686||8;722||9;751||10;819||8;924||9;984||6;996||9;1001||3;1005||10;1005||5;1005||1;1008||3;1018||6;1023||8;1038||6;1596||10;1600||9;1601||2;1601||7;1611||8;1614||2;1778||8;1847||6;1849||7;1855||10;1860||9;1864##2152400343;1063;1045;63
2152290464;2016-02-14;34;1966890;false;0;767;1360;9999##12;28;27##6103402;699||31763321;1256||109512357;1253||42989814;808||31456357;935##1;807;477;-140;-638;-170;862##1;804;264;1022;1609;270;1147##false;156##false;775##false;925##4;156||1;263||4;340||5;372||4;424||5;496||1;502||9;596||6;614||3;696||4;729||1;775||10;996||8;999||7;1001||3;1002||6;1006||6;1066||6;1225||9;1227||1;1275||6;1326||4;1534||7;1544||3;1549||1;1551||5;1597||1;1663||7;1731||1;1782||4;1798||7;1824||5;1929||3;1971||4;1983||1;1985||2;2026||3;2030||2;2032||5;2037||1;2040##2152290464;1000;1108;53
2156845846;2016-02-16;28;1966890;false;0;890;9999;9999##14;25;12##6103402;335||31763321;1149||109512357;1026||42989814;1141||31456357;923##1;744;77;557;227;270;970##1;1720;561;484;1053;-170;792##true;111##false;1051##false;1256##6;111||7;128||5;244||1;366||2;546||10;555||8;631||4;703||5;704||1;711||3;712||1;832||10;862||2;870||7;874||8;875||1;886||7;929||3;1051||5;1110||5;1290||10;1311||1;1331||8;1364||4;1501||2;1508||1;1519||7;1523||9;1525||4;1531||5;1554||10;1572||1;1581||7;1603||4;1670||5;1675||8;1678||3;1683||1;1695||2;1718##2156845846;947;939;49
2156753171;2016-02-16;24;1966890;false;1;782;9999;9999##10;31;15##6103402;379||31763321;746||109512357;1533||42989814;669||31456357;699##1;93;513;372;-53;230;862##1;1660;504;733;1093;-130;939##true;314##false;1007##false;1092##2;181||2;314||6;462||6;620||8;648||7;675||10;679||4;777||5;778||9;784||7;789||2;868||9;923||6;936||7;1005||2;1006||6;1007||9;1010||4;1010||8;1015||8;1151||6;1154||7;1158||9;1159||10;1162||10;1241||6;1287||4;1290||7;1290||3;1293||5;1300||8;1303||2;1303||7;1317||10;1334||6;1342||4;1351||6;1429||10;1434||8;1441||7;1442||9;1451||10;1460##2156753171;898;988;58
2178430378;2016-02-25;45;1966890;true;0;1711;1020;1385##32;34;65##6103402;1023||31763321;1158||109512357;1573||42989814;1136||31456357;1983##1;1105;-209;1620;1641;230;1309##1;785;992;-281;-511;-130;1148##true;269##true;512##true;1054##6;269||9;271||8;341||10;351||9;401||2;404||1;404||6;444||7;474||10;483||9;487||6;512||2;519||1;519||10;596||3;645||2;650||1;658||4;679||2;768||4;780||10;824||8;830||5;833||1;837||4;898||9;1120||4;1124||4;1137||1;1143||5;1181||4;1231||6;1271||3;1437||9;1439||1;1457||5;1462||2;1519||3;1560||5;1617||1;1800||2;1873||1;1878||7;1968||10;1974||7;1976||8;1984||1;2028||4;2039||10;2159||1;2204||7;2401||10;2414||6;2414||6;2427||9;2454||8;2473||6;2505||9;2506||5;2518||8;2519||1;2525||10;2525||4;2550||6;2684||9;2731||10;2736##2178430378;840;947;43
2229360798;2016-03-17;33;1966890;true;1;1126;1723;9999##23;16;35##6103402;900||31763321;1221||109512357;1036||42989814;1248||31456357;1368##1;1285;583;235;466;-130;1163##1;223;426;23;1032;230;792##false;198##false;728##true;1033##9;198||10;231||8;239||6;241||4;248||5;281||8;299||10;366||1;404||2;409||4;452||9;452||5;499||7;500||2;546||9;656||4;675||8;728||7;808||6;811||2;888||8;912||3;940||9;952||4;957||1;976||7;1000||3;1091||10;1363||5;1396||4;1399||3;1598||2;1693||1;1694||3;1758||3;1958||1;1962||2;1994||5;1994##2229360798;883;953;46
2231862712;2016-03-18;42;1966890;false;0;1087;936;9999##22;34;54##6103402;723||31763321;803||109512357;1175||42989814;902||31456357;1391##1;156;121;-47;459;-170;988##1;1312;562;-49;1023;270;910##false;99##false;746##false;796##4;99||1;108||7;183||2;195||10;263||6;294||8;299||10;304||4;314||3;365||9;421||5;557||1;577||7;612||3;668||2;707||9;742||3;746||5;774||8;841||1;850||2;955||1;959||3;981||3;1040||5;1055||2;1062||10;1126||8;1131||9;1216||1;1358||7;1422||6;1435||8;1447||9;1535||4;1537||2;1581||1;1592||2;1778||7;1864||6;1872||5;1996||7;2006||8;2026||6;2085||9;2199||4;2202||2;2210||1;2222||10;2277||4;2468||1;2469||2;2473||5;2477||3;2477||2;2509||5;2511##2231862712;929;1736;20
2246583654;2016-03-24;32;1966890;false;1;1207;1061;9999##19;25;29##6103402;947||31763321;1214||109512357;755||42989814;741||31456357;1138##1;344;691;316;751;30;762##1;1331;430;524;834;100;1305##true;342##true;733##true;1386##5;342||9;343||10;381||9;391||9;477||4;478||3;478||8;485||5;486||8;591||4;593||1;606||6;671||9;690||4;695||8;707||1;715||2;724||10;725||3;733||1;856||5;881||8;894||2;1171||7;1188||9;1291||9;1403||5;1409||1;1417||8;1510||6;1513||1;1524||10;1527||3;1536||9;1537||1;1669||4;1713||7;1857||8;1864||6;1864||10;1869||9;1878||7;1917||6;1922||8;1925##2246583654;909;1181;35
2246487086;2016-03-24;19;1966890;false;0;983;9999;9999##12;21;30##6103402;863||31763321;713||109512357;1187||42989814;774||31456357;883##1;0;121;-282;957;270;747##1;770;647;495;586;-170;906##true;162##true;679##false;572##10;162||7;203||4;226||8;256||9;268||4;306||4;344||6;386||3;400||1;482||9;487||8;499||6;512||2;517||4;523||10;675||1;677||9;679||3;682||4;732||3;773||10;837||5;860||3;884||2;957||9;964||4;1044||2;1104||4;1112||6;1114||3;1120||1;1123||5;1143||2;1157##2246487086;874;1216;30
2251651308;2016-03-26;13;1966890;false;0;9999;9999;9999##3;19;7##6103402;1146||31763321;337||109512357;1679||42989814;879||31456357;566##1;174;336;-310;-351;-170;652##1;1218;636;1515;1571;270;853##false;129##false;576##false;642##5;129||4;161||8;167||4;252||5;346||2;347||4;406||2;422||8;466||6;504||10;516||2;558||4;569||5;576||3;577||4;725||3;767||5;778||3;788||4;788||5;790||1;792||2;795##2251651308;844;1248;32
2256613692;2016-03-28;37;1966890;true;0;1124;1392;9999##32;22;74##6103402;851||31763321;1866||109512357;936||42989814;1675||31456357;1369##1;1107;588;220;339;100;1439##1;1076;169;800;588;30;979##false;112##false;1010##false;722##7;94||1;112||5;113||4;295||5;307||8;332||9;372||1;380||6;403||7;463||9;520||2;543||1;548||4;554||5;615||9;812||7;814||7;823||5;880||1;1010||9;1060||8;1112||2;1196||3;1214||9;1303||10;1321||5;1457||9;1511||7;1529||1;1537||8;1540||5;1540||10;1562||7;1575||1;1656||8;1786||2;1819||7;1822||9;1842||10;1856||7;1931||9;1932||6;1939||1;1942||8;1943||10;1949||10;1977||4;2105||3;2108||8;2115||1;2116||7;2118||9;2123||9;2226||10;2227||6;2233||8;2240##2256613692;812;1139;29
2256345387;2016-03-28;30;1966890;false;0;835;767;9999##8;21;21##6103402;984||31763321;627||109512357;740||42989814;868||31456357;1071##1;118;538;335;-197;-200;944##1;1566;261;1335;446;350;1086##false;81##false;1303##false;897##5;81||10;291||9;292||10;345||1;388||6;588||5;614||10;694||5;740||9;897||2;917||1;917||5;994||4;1081||1;1081||8;1274||2;1303||1;1372||9;1457||8;1486||1;1570||3;1706||5;1732||4;1736||3;1739||1;1744||2;1804||10;1810||2;1815||1;1818||5;1829##2256345387;841;864;58
2256716228;2016-03-28;37;1966890;false;1;1162;1047;9999##15;34;22##6103402;901||31763321;823||109512357;1293||42989814;852||31456357;866##1;718;579;603;534;-300;1154##1;1659;269;83;290;400;1183##false;4##false;1024##true;1298##9;4||8;17||7;24||3;122||5;156||6;382||1;485||1;555||2;704||5;723||10;778||10;857||6;873||5;879||7;885||3;887||9;903||2;939||4;947||10;1024||4;1103||9;1110||8;1110||6;1110||7;1112||3;1113||10;1142||9;1176||4;1366||10;1385||6;1413||7;1418||8;1420||7;1426||6;1499||4;1520||7;1527||8;1538||3;1570||6;1580||9;2029||9;2159||9;2177||10;2190||6;2221||8;2228||7;2228||7;2240||8;2257||10;2259##2256716228;783;1110;29
2256459963;2016-03-28;37;1966890;false;1;1322;1150;9999##24;38;44##6103402;947||31763321;825||109512357;1010||42989814;1074||31456357;1228##1;667;29;903;373;270;863##1;824;773;-157;625;-170;1045##true;126##false;834##false;714##3;126||5;135||10;230||4;239||2;253||10;290||10;356||5;422||2;472||5;491||7;493||10;536||3;538||2;546||8;720||9;722||10;735||7;817||6;834||10;1029||8;1101||2;1113||5;1118||9;1122||6;1122||3;1126||4;1127||4;1253||5;1263||10;1325||1;1333||6;1345||8;1349||3;1349||9;1351||7;1355||2;1367||5;1372||9;1373||9;1637||6;1643||10;1744||5;1757||8;1764||3;1768||7;1770||9;1782||7;1886||5;1887||1;1890||6;2030||8;2041||5;2095||7;2098||2;2105||9;2107||8;2115||6;2120||10;2170||7;2177||8;2205||5;2249||9;2250||7;2258||6;2261##2256459963;754;922;38
2263183248;2016-03-31;43;1966890;false;1;1360;1117;9999##8;20;12##6103402;539||31763321;795||86664345;924||42989814;980||31456357;727##1;1669;469;328;-295;-130;1153##1;830;60;217;573;230;1488##false;271##false;1875##true;756##9;271||10;321||5;333||2;459||1;465||1;612||6;722||8;727||1;731||10;824||9;1272||4;1362||7;1474||6;1476||6;1765||6;1875||5;1951||9;2273||7;2294||10;2295||9;2298||8;2303||2;2332||9;2518||7;2524||8;2533||6;2534||10;2536||7;2577##2263183248;716;1121;21
2263271505;2016-03-31;42;1966890;false;0;1265;1231;9999##24;33;51##6103402;1350||31763321;1238||86664345;894||42989814;868||31456357;1079##1;501;807;667;1321;400;1120##1;975;296;1167;-7;-300;1074##true;-19##true;708##false;928##10;19||6;163||5;187||3;247||6;273||8;273||10;461||4;481||7;489||6;602||8;609||7;627||2;628||3;630||5;681||10;692||7;708||3;745||5;751||1;754||4;773||10;890||6;894||8;899||5;908||1;915||10;1010||1;1044||2;1059||1;1285||6;1337||10;1344||9;1346||9;1479||10;1484||6;1486||2;1565||10;1669||2;1906||9;1908||4;1911||1;1917||3;1996||5;2033||7;2037||1;2054||4;2060||1;2223||5;2228||4;2229||2;2237||8;2497||5;2502||1;2506||2;2507||3;2508||2;2521||4;2528##2263271505;695;1142;20
2268157891;2016-04-02;27;1966890;false;0;1325;9999;9999##7;22;9##6103402;522||31763321;628||86664345;656||42989814;962||31456357;1182##1;1111;636;786;-6;100;1126##1;674;140;429;962;30;1365##true;169##false;1217##false;1263##9;169||5;180||7;278||9;327||3;491||8;575||3;580||1;581||7;636||1;812||4;834||7;956||1;960||4;962||5;974||7;1141||1;1214||3;1217||2;1220||4;1224||4;1397||1;1404||2;1470||5;1574||2;1632||1;1638||3;1641||4;1645||5;1647##2268157891;675;959;28
2268239419;2016-04-02;33;1966890;false;1;730;1194;9999##13;22;33##6103402;736||31763321;1245||86664345;938||42989814;805||31456357;532##1;276;241;715;-288;-100;904##1;1116;546;833;923;200;1085##false;335##false;1479##false;1302##6;335||9;363||10;444||2;460||10;661||5;787||9;854||8;897||5;913||9;1368||5;1460||10;1462||6;1468||1;1469||8;1479||9;1559||10;1561||4;1564||9;1567||8;1569||6;1571||5;1624||1;1633||10;1774||5;1778||2;1779||7;1779||4;1788||2;1858||1;1864||7;1923||5;1948||8;1973||10;1979||9;1985||6;1986##2268239419;647;987;23
2268058627;2016-04-02;35;1966890;true;1;1102;1154;9999##32;25;79##6103402;1450||31763321;1669||86664345;756||42989814;1220||31456357;1367##1;444;335;377;413;350;1054##1;1273;345;854;967;-200;1014##true;-32##false;962##true;738##1;32||8;230||9;240||8;382||3;388||1;399||2;406||9;422||10;474||1;488||10;597||6;654||9;662||10;672||4;711||2;717||1;727||9;824||1;854||3;961||7;962||8;964||4;985||5;987||1;994||7;1047||8;1055||2;1138||8;1147||7;1148||5;1156||6;1157||4;1336||9;1403||7;1410||6;1419||8;1420||2;1468||1;1470||10;1493||2;1598||9;1648||1;1664||7;1664||6;1666||8;1706||1;1797||3;1801||8;1885||2;1905||1;1906||4;1988||2;1991||1;1998||3;2043||7;2114||2;2132||5;2137||3;2138||1;2143||4;2148##2268058627;624;1010;20
