1897532328
1897311736
1897861905
1899521370
1900046746
1899675778
1899850056
1899380119
1901428136
1901927995
1901799577
1901511818
1901711932
1907429060
1906861533
1907055118
1907594589
1907275614
1923741910
1924058157
1923642959
1923909329
1923977220
1924109491
1927929201
1929522822
1929742453
1929624798
1931711078
1931488269
1931415793
1931576675
1936174854
1936213193
1961729453
1961970320
1961893492
1961829627
1963134007
1963496331
1964046839
1963952938
1963272790
1963838471
1964135256
1962013966
1963631832
1966694893
1966617949
1966064376
1965886551
1966225213
1965682653
1966487311
1979389184
1979520259
1981733381
1982331068
1981953141
1982464051
1981562036
1981088223
1981322667
1979852314
1980941553
1984801723
1983978130
1984529130
1983602094
1984698282
1982564735
1983480663
1983817900
1984422652
1995781321
1998496853
1998201818
1995989266
1995874559
1995917878
1998424806
1998318531
1998032937
2001032297
2000678327
2000762142
2000926804
1998547629
1998652203
1998715126
2000987764
2001143037
2001089587
2013646526
2013794982
2012940442
2013668459
2013317286
2013578837
2013467161
2013128377
2013254571
2013039115
2013188506
2013000755
2015617679
2016482876
2015692611
2016100756
2016383165
2016250491
2015945300
2015564443
2022347875
2022277135
2022390944
2022440389
2024666599
2024614271
2024991909
2025075459
2024915712
2024783448
2028338034
2029688671
2030320107
2029938095
2030982417
2030119810
2030735369
2030477854
2029823980
2033137997
2033930307
2033684435
2032505340
2033006219
2033255399
2032614329
2032776461
2059905010
2059918120
2060023488
2059815612
2059876083
2059799777
2060049634
2077933059
2077734638
2077571730
2077430052
2078120447
2077929558
2077718141
2077552827
2080280770
2079593863
2080584907
2079482219
2080442164
2081957054
2081841527
2082106725
2082949424
2083137467
2085059868
2097526304
2097910425
2103130726
2103055367
2111546317
2111820844
2111750309
2112812155
2112955180
2115207703
2115601185
2115832770
2115065683
2114485241
2114632374
2114744832
2116001889
2114856246
2114198392
2114390635
2115403451
2114301791
2114247407
2118226357
2118027293
2116905069
2117886431
2117469845
2121616151
2119541501
2121534597
2119580416
2123892526
2123791368
2123693654
2124308220
2128130868
2128484079
2128250878
2128285457
2128537550
2128307829
2128381185
2130818462
2130751109
2130777536
2130581527
2130584254
2130685908
2130439555
2136030360
2135936884
2140619101
2140559679
2142612562
2142507011
2147422945
2147218943
2147504037
2149674761
2150143180
2149799258
2150046912
2150227455
2149805113
2150271573
2149903269
2152608924
2152321364
2152400343
2152595788
2152290464
2152176639
2152521794
2152560345
2154850496
2154907851
2154827205
2154740404
2154825443
2154521505
2154918475
2154396655
2154495042
2154396583
2154612088
2155027337
2154633446
2157050994
2157002584
2156792310
2157033796
2156753171
2156845846
2155057012
2155091523
2156956446
2159077225
2158982046
2159253863
2159333520
2157401107
2159170413
2159399305
2159281122
2159163566
2161143146
2160963802
2161220081
2161061177
2166539251
2166241906
2166370482
2166444510
2169200180
2167144663
2167860917
2167329759
2168584594
2168761260
2168216612
2169293575
2168455403
2167967059
2168216356
2167156076
2168462214
2168459929
2167327028
2169098823
2168206277
2168204512
2167325769
2168971864
2167860747
2167606774
2167625721
2169352705
2171700333
2170666631
2171755960
2170537909
2170432731
2173041442
2171836459
2173255322
2172928683
2171939129
2173152588
2172908130
2174170321
2171887740
2173370055
2174075177
2173864093
2174115820
2175727806
2176134660
2176031068
2175448141
2175279003
2174252967
2175861659
2176201643
2176247972
2175943133
2174219394
2178500530
2177504892
2178362915
2178430378
2177667673
2178495747
2176353974
2176363477
2178259496
2180813369
2180278248
2178572793
2180756773
2180141650
2180357452
2178558266
2183577879
2183574981
2183500588
2183654271
2183278970
2183376413
2186281567
2183826611
2186366044
2186334600
2186078724
2186374732
2183690050
2186011766
2188233879
2188554472
2188507355
2190329562
2188682838
2190233639
2190635520
2188745481
2190806996
2190543949
2190994175
2190864003
2190956118
2196306427
2197852915
2197771156
2196501846
2197814888
2197232058
2196830083
2197006785
2196139871
2198252097
2199144312
2198989614
2198057551
2198141418
2198763106
2198359197
2198604205
2203539406
2201019839
2203601018
2203238887
2201838263
2203443774
2201993554
2201456363
2201624014
2203020505
2201116123
2206081123
2205833528
2205764532
2203662380
2206077451
2206001051
2205999111
2206151998
2206174719
2206240813
2206397048
2206196903
2208511321
2206332579
2208569149
2208687179
2208640896
2208748859
2210804336
2208705613
2208764398
2210754624
2208829537
2212842319
2211015954
2210971342
2212899673
2214337150
2215310272
2215414143
2214163959
2217177348
2218321585
2217028297
2215717267
2216767537
2217199585
2215796971
2219666316
2220756175
2220945227
2220834741
2220430940
2220546331
2220092232
2220566415
2220343765
2221023350
2221060553
2218394602
2221185290
2221112196
2221221964
2221112698
2221129030
2222942408
2223135300
2222207575
2222362019
2223009335
2221955822
2223185352
2222161342
2222355697
2222781809
2223148903
2222500241
2222645388
2223209824
2223352538
2223325433
2223430534
