2214337150
2214163959
2180357452
2180278248
2180141650
2178572793
2178430378
2178362915
2178259496
2177667673
2177504892
2176353974
2176134660
2175861659
2175448141
2175279003
2173864093
2173255322
2201993554
2201838263
2201624014
2201456363
2201116123
2201019839
2199144312
2198989614
2198763106
2198604205
2198359197
2198252097
2198141418
2198057551
2197232058
2197006785
2196830083
2196501846
2196306427
2196139871
2159399305
2159333520
2159253863
2159163566
2157033796
2156956446
2154907851
2154825443
2154612088
2154495042
2154396583
2152595788
2152521794
2152321364
2152176639
2150227455
2150143180
2150046912
2149799258
2149674761
2159281122
2159274036
2159170413
2159077225
2158982046
2157050994
2157002584
2156845846
2156753171
2155091523
2155057012
2155027337
2154918475
2154827205
2154633446
2154521505
2147504037
2147422945
2147302916
2147218943
2154850496
2154740404
2152608924
2152560345
2152400343
2152290464
2142612562
2142507011
2140619101
2140559679
2136030360
2135936884
2130818462
2130751109
2130584254
2130439555
2128537550
2128484079
2128381185
2128285457
2118226357
2118027293
2117886431
2117469845
2117383841
2117348373
2116001889
2115832770
2115601185
2115403451
2115207703
2115065683
2114856246
2114744832
2114632374
2114485241
2114390635
2114301791
2112955180
2112812155
2085059868
2083137467
2082949424
2082106725
2081957054
2081841527
2080584907
2080442164
2080280770
2079593863
2079482219
2078130243
2078120447
2077933059
2077929558
2077734638
2077718141
2077571730
2077552827
2077430052
2060192260
2060156776
2060106788
2060064033
2060049634
2060023488
2059989702
2059954859
2059918120
2059905010
2059894505
2059876083
2059815612
2059814802
2059810330
2059799777
2059784494
2059775366
2059775265
2059755810
2033930307
2033684435
2033562446
2033255399
2033137997
2033006219
2032776461
2032614329
2032505340
2032498935
2030982417
2030735369
2030477854
2030320107
2030119810
2029938095
2029823980
2029688671
2029612992
2028338034
2016482876
2016383165
2016250491
2016100756
2015945300
2015692611
2015617679
2015564443
2013794982
2013668459
2013646526
2013578837
2013467161
2013317286
2013254571
2013188506
2013128377
2013039115
2013000755
2012940442
2001143037
2001089587
2001032297
2000987764
2000926804
2000762142
2000678327
1998715126
1998652203
1998634090
1998547629
1998496853
1998424806
1998318531
1998201818
1998032937
1995989266
1995917878
1995874559
1995781321
1984801723
1984698282
1984529130
1984422652
1983978130
1983817900
1983602094
1983480663
1982075607
1981953141
1981733381
1981562036
1981322667
1981088223
1980941553
1929831670
1929742453
1929624798
1929522822
1927929201
1974615727
1907594589
1907429060
1907275614
1907055118
1906861533
1901927995
1901799577
1901711932
1901511818
1901428136
1900046746
1899850056
1899675778
1899521370
1899380119
1897861905
1897673409
1897532328
1897311736
1966694893
1966617949
1966487311
1966225213
1966064376
1965886551
1965682653
1964135256
1964046839
1963952938
1963838471
1963631832
1963496331
1963272790
1963134007
1962013966
1961970320
1961893492
1961829627
1961729453
1960506372
1340466951
1340285404
1339887947
1339701953
1339531080
1339137801
1339124089
1339023007
1339002579
1338881956
1338853684
1337377384
1337172626
1337120175
1337012811
1336844548
1336753796
1336690391
1336672432
2216767537
2216560268
2215796971
2215717267
2215414143
2215310272
2212899673
2212842319
2210804336
2210754624
2208829537
2208764398
2208687179
2208640896
2208569149
2208511321
2206397048
2206332579
2206240813
2206174719
2206077451
2206001051
2211015954
2210971342
2208748859
2208705613
2203724151
2197814888
2197771156
2183654271
2183577879
2180813369
2180756773
2178558266
2178495747
2171939129
2171887740
2171755960
2171700333
2210025788
2209912020
2209607290
2209466824
2207668823
2207499066
2207328558
2207207171
2206895018
2206879328
2206772780
2206687191
2205170486
2205089705
2204976105
2204956122
2204817696
2204809032
2204698314
2204643815
2206196903
2206151998
2203238887
2203020505
2183826611
2183794268
2183771486
2183690050
2183574981
2183500588
2183376413
2183278970
2166584898
2166539251
2166444510
2166370482
2166241906
2097980330
2097910425
2097877953
2206081123
2205999111
2205833528
2205764532
2205671955
2190635520
2190543949
2190329562
2190233639
2190224624
2188554472
2188507355
2188327608
2188233879
2176247972
2176201643
2176031068
2175943133
2175727806
2174075177
2205094337
2187539364
2169352705
2169293575
2169200180
2169098823
2168971864
2168761260
2168584594
2168462214
2168459929
2168455403
2168431941
2168216612
2168216356
2168206277
2168204512
2168188488
2167967059
2167964290
2203662380
2203601018
2203539406
2203443774
2197922641
2197852915
2190994175
2190956118
2190864003
2190806996
2188745481
2188682838
2188546729
2186366044
2176363477
2174252967
2174219394
2174170321
2174115820
2171836459
2193058246
2168505481
2140967811
2123519385
2089211399
2086258328
2005085971
2005082776
1987155987
1987151234
1982564735
1982464051
1982331068
1979983830
1979949575
1979852314
1979520259
1979389184
1979355283
1977791519
2186374732
2186334600
2186281567
2186272091
2186147198
2186078724
2186011766
1931711078
1931691927
1931576675
1931488269
1931415793
1924109491
1924058157
1923977220
1923909329
1923741910
1923642959
1923609014
1923459197
2183814394
2042606867
2004646450
2001307373
2001074382
2001025375
1997885779
1982487451
1982436155
1944461612
1944370056
1938666083
1938628621
1938586085
1936242666
1936213193
1936174854
1936045909
1936018842
1933816612
2178500530
2157401107
2157351319
2150271573
2124308220
2119580416
2119541501
2117011672
2116995866
2116968137
2116905069
2114247407
2114198392
2111820844
2111750309
2109599759
2109591489
2109571301
2103130726
2103055367
2173370055
2173152588
2173041442
2172928683
2172908130
2170666631
2170537909
2170524104
2170466901
2170432731
2167860917
2167860747
2167625721
2167606774
2167348412
2167329759
2167327028
2167325769
2167156076
2167144663
2161220081
2161143146
2161061177
2160963802
2154396655
2149903269
2149805113
2130777536
2130685908
2130581527
2128307829
2128250878
2128242878
2128230603
2128130868
2123892526
2123791368
2123693654
2121616151
2121534597
2156792310
2156725665
2156689397
2111546317
2097526304
2086219399
2086139624
2032547050
2025075459
2024991909
2024915712
2024861169
2024843784
2024783448
2024666599
2024614271
2022440389
2022390944
2022347875
2022277135
2219984622
2217177348
2217028297
2219666316
2217199585
2218489055
2218471005
2218394602
2218321585
2220509162
2220343765
2220092232
2221221964
2221112196
2221060553
2221185290
2221129030
2221124327
2221023350
2220945227
2221158291
2221112698
2221064068
2221034549
2220931447
2220867789
2220787808
2220628131
2220546331
2220834741
2220756175
2220566415
2220430940
2223209824
2223148903
2222355697
2222207575
2223430534
2223352538
2223185352
2223135300
2223009335
2222942408
2222781809
2222645388
2222500241
2223389203
2223325433
2222362019
2222161342
2221955822
2225516621
2225466449
2225129562
2225030620
2224399177
2224301383
2226095573
2224488933
2224262697
2224045203
2223949862
2226165443
2226087435
2224476362
2224331992
2224144172
2225474748
2225437585
2225327053
2225288518
2225178832
2225058739
2227565782
2227501950
2227038350
2226961478
2226839463
2226663098
2226524683
2226513613
2226397167
2226232077
2227719729
2227646859
2227455173
2227450062
2227398931
2227386873
2227282206
2227433166
2227309830
2226828289
2226655284
2226513696
2226350599
2231862712
2229360798
2231042696
2230860536
2230601934
2230503540
2228714208
2228695385
2228610554
2228401706
2228259601
2230734391
2230625252
2229782323
2229727968
2231932597
2231338231
2229914091
2229863672
2229168677
2229065830
2227827195
2231898495
2231883113
2231784950
2231634662
2231505428
2230187331
2229929721
2229882574
2228890081
2228663009
2228475005
2227877076
2232426905
2232326847
2232259137
2232206220
2232114220
2232081920
2232041720
2232009478
2231970870
2233452056
2233273381
2233555376
2233282942
2233125870
2233411040
2233267149
2232948642
2232788049
2235117172
2235065475
2234990617
2234857740
2234722442
2234586313
2234307020
2234172489
2233998262
2233733033
2235124037
2235060744
2235002123
2234819316
2234747209
2234632609
2234513972
2234241530
2234099394
2195950707
2195854935
2195748703
2195617106
2195561641
2194260255
2194067318
2193849107
2193658590
2193524509
2193441529
2193321592
2193255935
2193199056
2192542709
2192320439
2192088670
2191757537
2191531548
2191441268
2191243186
2191144529
2191055532
2185060254
2184910779
2184665045
2184452141
2184275180
2184118645
2183961604
2183947071
2183894124
2183857503
2183812156
2183792909
2182565525
2182314158
2182047120
2181823003
2181696818
2181519569
2181387942
2181195992
2181130001
2181080385
2181038082
2181021263
2180068537
2180029682
2179855075
2179624943
2179423318
2179252492
2179222246
2178970934
2178853523
2178782204
2178739661
2178692811
2178661580
2177741136
2177549858
2177257309
2177171063
2177005584
2176882495
2176744667
2176618946
2176559949
2176558984
2176498930
2176488482
2070303765
2070247171
2070184901
2070114438
2070058798
2069724674
2069609831
2069416649
2069209160
2069063624
2068680329
2068582828
2068570988
2068547220
2068449910
2068342969
2068270668
2068205321
2068100199
2068092670
2067842765
2067783943
2067682924
2067613703
2067550774
2067328957
2067225691
2067132796
2067086468
2066985045
2066888438
2066679779
2066514759
2066337298
2066144864
2065960306
2065765933
2065752934
2065614124
2065589675
2065482587
2065442988
2065374045
2065339879
2065286763
2065200918
2065193805
2065112786
2065111781
2065070313
2065048372
2065046175
2065030309
2064988726
2064983103
2064927649
2064895143
2064861272
2064836234
2064776227
2064770301
2064732159
2064631768
2064625570
2064541636
2064531559
2064437263
2064423945
2064407159
2064343834
2064339906
2064312186
2064299688
2064195270
2064168118
2064017925
2063916884
2063829123
2063816118
2063729877
2063614085
2063612597
2063609588
2063555247
2063517372
2063470904
2063468020
2063467937
2063373523
2063371941
2063332746
2063322935
2063281584
2063223798
2063221959
2063202504
2063199880
2063140940
2063137269
2063102147
2063091352
2063082521
2063054781
2063040897
2063022628
2063000977
2062986571
2062922501
2062913180
2062900015
2062882855
2062846626
2062816194
2062788365
2062751657
2062737676
2062698655
2062684014
2062660792
2062642139
2062636723
2062614658
2062601882
2062571226
2062559162
2062557027
2062552528
2062547823
2062538679
2062500670
2062499739
2062488084
2062487936
2062486166
2062482167
2062446692
2062424026
2062390851
2062360869
2062340441
2062301221
2062260487
2062237972
2062184630
2062111500
2062110829
2062023258
2062014366
2061999071
2061979675
2061916953
2061913138
2061873247
2061866954
2061779096
2061756636
2061651635
2061649074
2061444627
2061413869
2061263876
2061254166
2061229184
2061212672
2061064838
2061052871
2061039829
2061014289
2060990735
2060942639
2060930836
2060926151
2060890965
2060846559
2060792602
2060759290
2060758786
2060744032
2060743767
2060735084
2060694227
2060683250
2060656843
2060636961
2060618888
2060552296
2060511911
2060491313
2060491026
2060482132
2060443469
2060423372
2060377693
2060374755
2060359860
2060351693
2060313896
2060301497
2060300334
2060275216
2060213109
2060212092
2060210809
2060202070
2060155790
2060151192
2060146450
2060145150
2236266806
2236100944
2236208243
2236104695
2241184464
2241047218
2240001941
2239960377
2238610136
2238510876
2241252599
2241199446
2241060191
2240978055
2240923730
2240896236
2240807431
2240805127
2239156248
2239103646
2239001296
2238976217
2238910582
2238864950
2238827131
2238773307
2238767775
2238668685
2240157714
2240156074
2237478172
2240095576
2240035420
2239978108
2239925039
2239818371
2239810677
2239757209
2239733013
2239666641
2239405659
2239228442
2239061225
2237910080
2237854201
2237783946
2237778094
2241152509
2241002498
2240928849
2240729725
2240680359
2240611775
2240527995
2240439059
2239033179
2238909193
2238811676
2238712917
2240919220
2238918513
2238414958
2238324135
2238234729
2238145977
2236427519
2236239368
2235829105
2235698841
2240071069
2240016108
2237514365
2236171087
2236061800
2236046593
2235688599
2235564067
2246026760
2246010583
2245434345
2245312443
2244497975
2244422668
2243682720
2243485133
2243323361
2243077822
2242985193
2241354360
2246014052
2245748404
2245609936
2245420408
2243658588
2243551640
2243465030
2243454325
2243172383
2243168066
2243081615
2243079646
2241377045
2241349099
2244419416
2244366843
2244258226
2243788886
2243618430
2242041197
2241908556
2241781575
2241641882
2241557762
2241356598
2244209178
2244121749
2244081320
2246056134
2245931451
2245674621
2245562168
2245362649
2245230422
2245134295
2245064000
2244977161
2243671812
2243472863
2243396626
2243269558
2243201513
2243123404
2243035070
2242933870
2242847934
2242770950
2245979538
2245738863
2243185506
2245734619
2245659803
2245560141
2245541778
2245391136
2245290214
2245231965
2245214402
2245199353
2245185531
2245113684
2245111686
2245109998
2245109787
2245107009
2243424779
2243339358
2243306937
2243298373
2243298026
2244602286
2244543434
2244490215
2242348283
2242302103
2247209887
2246180556
2246848426
2246762975
2246583654
2246487086
2246774139
2246671986
2246658403
2246530825
2246426200
2246302046
2248133443
2247871363
2247763640
2247649708
2247564677
2247479635
2247391840
2248281699
1958646436
1945689926
1945501610
1941604132
1941299238
1940066005
1939966560
1938172061
1938072893
1937994477
1937887200
1937815184
1937670664
1937589289
1931314360
1930410735
1930299848
1930288246
1929650493
2248038208
2247868538
2247571556
2247509404
2247437812
2247432203
2247268058
2249316477
2249299170
2249209122
2249069770
2248977032
2248419457
2248339782
2250718147
2250563086
2250660872
2250475410
2250147740
2250061799
2249947295
2250490520
2250335492
2249958512
2249839843
2251809469
2251702987
2251463414
2251282233
2251766871
2251648101
2251405855
2251305294
2251210979
2251071950
2250926835
2253109036
2252937263
2252851261
2252923362
2252802310
2252674583
2253065527
2252695217
2252549454
2254134652
2254032535
2253566718
2253472893
2253310755
2253182802
2253350261
2253206948
2253178902
2252749651
2252621495
2252485290
2252458492
2252364377
2252357636
2252189313
2252132382
2252007676
2251939418
2251700599
2251535285
2251435312
2251351475
2251293913
2251284512
2251125210
2251049292
2254080063
2253970195
2253692419
2253561073
2253384829
2253211683
2253065365
2252931465
2251725653
2251651308
2250413651
2250311430
2250206751
2248305380
2248196817
2248008109
2247744440
2247643166
2247097496
2247054693
2253214448
2253075426
2250515361
2250359420
2237484053
2237387866
2237221445
2236803896
2236659920
2236495988
2254248935
2254620253
2254412720
2254321816
2254600140
2254563065
2254492119
2255589769
2255471845
2255357723
2258175352
2258049059
2257844543
2257771707
2257697437
2259146051
2259104029
2258594668
2258478746
2258049161
2257914125
2257719869
2257589567
2257046035
2256983801
2256937352
2259664482
2259658475
2259653401
2259648836
2259647557
2258834387
2258765860
2258638667
2258536592
2256716228
2256613692
2256459963
2256345387
2258732157
2258652156
2258524284
2258449474
2258366663
2258193914
2258491113
2258436212
2258266587
2258193098
2258058237
2258037573
2258021910
2032504136
2032488601
1992589335
1992547651
1988418351
1984053064
1984018940
1983890571
1983771237
1983623767
1983587799
1983418263
1983410475
2258236095
2258078880
2257936287
2263476430
2263423814
2263375981
2263331572
2263278120
2262395818
2262268980
2262146627
2261999920
2261910568
2260180768
2260087176
2259807966
2259753958
2262288068
2262145370
2262014253
2260362995
2260208514
2259928277
2259846085
2260529834
2262330297
2262299918
2262272179
2262230888
2262201497
2262158062
2262104803
2262039737
2262015175
2261943729
2261921883
2261916819
2261862548
2261826737
2261825015
2263526947
2263475988
2263428056
2261289415
2261252466
2263271505
2263183248
2263082502
2262864352
2261055900
2260927146
2260829788
2260697384
2262835276
2262701939
2262798777
2262560039
2262374256
2260553283
2260507440
2260443532
2260403502
2260390795
2260282892
2260251281
2260239822
2260224808
2260145038
2260124528
2260120746
2261475074
2261422663
2261415494
2264320082
2264224302
2264101159
2264143587
2264094749
2264035531
2264012391
2263894968
2263839941
2263718444
2268239419
2268157891
2268058627
2267799304
2267665652
2267152768
2267026819
2266730605
2266631748
2265530348
2265410457
2265315612
2265248418
2265077470
2264665675
2264458074
2266917608
2266746787
2266387398
2266268427
2267054840
2266901795
2266670346
2266506773
2265385458
2265246396
2265139416
2269916277
2269762448
2269480271
2269344768
2269584358
2269478539
2269147031
2268946578
2270853865
2270751655
2270657538
2270549228
2270415898
2270057131
2271088834
2271037372
2270240941
2270100821
2271901701
2271813303
2272085250
2271900300
2271815947
2271707036
2271509027
2271430080
2272033378
2271946818
2271814183
2271628754
2271574027
2271496864
2273009467
2272889178
2272801773
2272612321
2272593008
2272446775
2272369021
2272189132
2274650298
2274528646
2274410807
2274356679
2274349771
2274288070
2274254640
2274238770
2274230597
2274210194
2274205524
2274191884
2274178144
2274154264
2274135310
2274129887
2274113929
2274108767
2274096044
2274055990
2274014606
2273979009
2275109912
2275028257
2274902953
2274781122
2274991806
2274845128
2274722276
2274779011
2275674636
2275669408
2275625227
2275617467
2275615360
2275610822
2275604584
2275426403
2275379829
2275319820
2276682481
2276560503
2276559230
2276682211
2276435527
2276317526
2276096655
2276386099
2276337823
2276307873
2276305563
2276225636
2276211103
2276191055
2276150078
2276143929
2276142931
2275976973
2275953381
2275939362
2275932541
2275929169
2275852715
2275851680
2275851257
2275850886
2275715560
2277773133
2277768988
2277760016
2277705842
2277693139
2277691795
2277516031
2277459168
2277404121
2277160709
2277103235
2277009400
2276865122
2277112869
2277037353
2276936019
2276722356
2278350865
2278141840
2278113119
2278029242
2277126457
2277063721
2276979798
2276849589
2276684695
2274989571
2274835225
2274673314
2274494681
2272930153
2272856426
2272673570
2272572379
2274095412
2273992647
2273917666
2278355542
2277176456
2277086897
2277025656
2276450240
2276293995
2275034976
2274943233
2274718307
2274633689
2274351432
2274235710
2274055689
2273937163
2273179453
2273110331
2273004150
2278290649
2278225671
2278077344
2278006069
2277996076
2277933325
2277927609
2279206088
2279117763
2278985683
2278826586
2278645432
2278460713
2279531139
2279503083
2279200009
2279076078
2278949908
2279096673
2279002867
2278928053
2278792927
2278637655
2278737934
2278725270
2279214153
2279118206
2278893493
2278758063
2278508703
2280275987
2280196570
2280174548
2280168354
2280083894
2280266168
2280241827
2280164069
2281540651
2281450916
2281366296
2280631515
2280496877
2281511183
2281369868
2281212975
2280975813
2280655665
2281408628
2280823737
2280654818
2280577646
2280396619
2280486685
2280377876
2281285778
2281165446
2280990166
2280784583
2280610377
2280494001
2282497032
2282395950
2282286087
2282547031
2282661562
2282391921
2282287914
2283778939
2283681037
2283132676
2283042627
2282918920
2282797344
2282667589
2283922887
2283840493
2283677744
2283668629
2283533433
2283381062
2283616598
2282894734
2282747667
2282710823
2283780151
2283662925
2283631379
2283590638
2283546268
2283535730
2283201715
2283105128
2283054418
2282760954
2284173237
2284057797
2284642980
2284571958
2284498294
2284317255
2284237190
2284085638
2285941421
2285776460
2285436346
2285334602
2286600495
2286463569
2286336847
2286205853
2286949853
2286942025
2286680706
2286574973
2285797469
2285688232
2285475690
2285344796
2285199737
2284930208
2284835105
2284718723
2285896339
2285763421
2285604155
2285478756
2285361728
2288838440
2288770591
2288550050
2288468378
2287843152
2287764150
2287621764
2287500783
2287370327
2288563678
2288453939
2288571374
2288411870
2288235035
2288407809
2288220704
2286914572
2288870864
2288779382
2288682845
2288590904
2288351095
2288029147
2287904307
2287773235
2291216008
2291163213
2291119423
2291068547
2291029062
2290996866
2290984416
2290696954
2290591353
2290441579
2290129859
2290033245
2289911702
2289792314
2290882850
2290786831
2290543588
2290349869
2290164902
2290842158
2290769819
2290648124
2290518730
2290424920
2290842158
2290769819
2290648124
2290518730
2290424920
2293174415
2293145754
2293063938
2293017034
2292874498
2292804657
2292700992
2292684045
2292432593
2292317667
2292934732
2292850179
2292712754
2292347393
2292189434
2292565163
2292467431
2292510544
2292359874
2292211177
2292038840
2292565163
2292467431
2294893149
2294796276
2293212602
2294902048
2294816926
2294692603
2294388767
2294251743
2294001498
2293965830
2293877695
2293735220
2293597182
2294891673
2294811244
2294687324
2294570987
2294823922
2294742322
2294704677
2294472980
2294319841
2294891673
2294811244
2294687324
2294570987
2296754322
2296602401
2296427900
2296159612
2296020893
2295859695
2295756953
2295667570
2296704308
2296612160
2296487261
2296326755
2296178217
2296004202
2295885720
2297061518
2296964125
2297444670
2297388184
2296980459
2296842093
2296826295
2300111869
2300035372
2299987567
2299914029
2299839539
2299765384
2299658278
2299511198
2299273472
2299142936
2298985641
2298713609
2298565632
2298421256
2298212432
2298086930
2297916411
2300368977
2300335187
2300310852
2300302449
2300287916
2300277492
2300238688
2300222088
2300220518
2300216548
2300211819
2300210053
2300208637
2300208234
2300204552
2299854574
2299794561
2299621545
2299087475
2298891159
2302371978
2302333305
2302290458
2302196958
2302207368
2302121046
2302025599
2301873517
2301627120
2301479595
2301270577
2301794639
2301634839
2301538718
2300886605
2300739823
2300709565
2300576032
2300562676
2300549183
2303862171
2303767365
2304516454
2304472559
2304260015
2304188492
2304058412
2303937815
2304736039
2305401050
2305366213
2305310807
2305299033
2305285179
2305283519
2305263916
2305178187
2305175439
2305108519
2305104814
2305096169
2305092868
2305057268
2304992287
2305317432
2305177019
2304912027
2304828380
2306254123
2306177749
2306102101
2306022280
2305916358
2306422335
2306303866
2306224479
2306091117
2305984834
2305621043
2305477168
2305468073
2305462403
2305433016
2305447344
2308104740
2308026992
2307871746
2308367637
2308283589
2308134121
2308052705
2307608012
2307459365
2307417524
2307404818
2307336729
2307330883
2307326274
2307251623
2307195039
2307183031
2307170025
2307139594
2307135612
2307111596
2307061735
2307056916
2307049415
2307049188
2307040219
2306972638
2307521825
2307359670
2307242465
2306976547
2306879258
2306542475
2306510122
2309210300
2309169740
2309160509
2309153879
2309142423
2309082590
2309072676
2309001218
2316821675
2316657060
2316391716
2316261510
2316068955
2315970571
2315870952
2314895768
2314634747
2314432332
2314200790
2314043924
2313878925
2313728865
2313611856
2313452953
2313352169
2313244332
2311832293
2309808585
2309613092
2309440910
2316878245
2316737771
2316471723
2316339839
2314207410
2314093137
2313867585
2313777896
2311722902
2311614461
2311604475
2311461283
2311316934
2309758880
2309676019
2309635946
2309624812
2309543927
2309523126
2309512154
2314984317
2314841134
2314704802
2312613889
2312495995
2312390844
2312210235
2310793688
2310748068
2310520710
2310440093
2310293354
2310182649
2317015332
2319810734
2319713551
2319539058
2319353465
2318269129
2317954019
2317886982
2317708701
2317616064
2317479355
2317897942
2320759393
2322316701
2322253788
2322146027
2323891271
2323197677
2323190809
2323189634
2324295522
2324180808
2324037868
2325793557
2325627305
2325479729
2325206983
2326609006
2326537816
2326451319
2326325947
2326203661
2325977586
2328130298
2327947633
2327936411
2327813366
2327527625
2327418889
2328032383
2327857490
2334945731
2334943929
2333710502
2333606939
2333488726
2333353481
2332978193
2332796666
2332626658
2331370689
2331234770
2331222711
2331093224
2330868333
2330655963
2330334586
2330179733
2329921521
2329779065
2329077949
2329009921
2328919899
2333924163
2333679390
2333589289
2333412890
2336805126
2336799651
2336794153
2336781247
2336778948
2336709633
2336782498
2336704983
2336638736
2336624583
2336609986
2336559181
2336535400
2336512509
2336469888
2336455037
2336428998
2336392988
2336389993
2336353295
2336342434
2336340006
2336338882
2336332404
2336331345
2336296671
2337677959
2337627115
2337596375
2337595929
2337571619
2337562631
2337545902
2337528633
2337474794
2337453182
2337444301
2337441499
2337417050
2337427537
2339249417
2341919205
2341777762
2341630715
2341524831
2341489005
2341487295
2341377121
2341363447
2341293596
2341251653
2341207333
2341179604
2341141783
2341083296
2341076862
2341013826
2341008795
2340883499
2341814490
2341713398
2339968919
2339682014
2339581600
2341666141
2339566559
2342078911
2340950024
2340947282
2340896174
2340892374
2340843968
2340813766
2340800026
2340758007
2340752683
2340708351
2340645030
2340610550
2340596245
2340570977
2340505062
2340503524
2340498996
2340427982
2340417387
2340365661
2340355178
2340351818
2340253964
2340232452
2340129012
2340020714
2339945518
2339885382
2339804749
2339763609
2339728510
2339712125
2339708397
2339698129
2339692096
2339624405
2339614293
2339598654
2339573779
2339544836
2339530722
2339517830
2339501046
2339478892
2339452396
2339442450
2339434361
2339386983
2339383715
2339374695
2339356858
2339333415
2339325664
2339302270
2339288350
2339284008
2339243510
2339238697
2339205484
2339170867
2339158558
2339150950
2339112979
2339062200
2339060932
2339036228
2339022583
2339000345
2338999834
2338979075
2338939569
2338939216
2338933372
2338924083
2338909418
2338897623
2338873042
2338859058
2338852057
2338851168
2338848505
2338823961
2338809536
2338777465
2338771383
2338747629
2338733445
2338720965
2338695911
2338664073
2338652411
2338592600
2338589621
2338518781
2338518261
2338435683
2338428770
2338414744
2338335953
2338332241
2338300743
2338289540
2338218681
2338153099
2338058263
2337987836
2337898152
2337848719
2337733265
2337723585
2337667985
2337412707
2337359534
2337347932
2337306581
2337304127
2337284041
2337270660
2337239641
2337222709
2337193144
2337171234
2337167320
2337157908
2337131460
2337114343
2337082016
2337053975
2337052777
2337048166
2336962318
2336959660
2336958971
2336954835
2336893253
2336889217
2336872921
2336867707
2336707902
2336704093
2336701635
2332499700
2332499197
2328799155
2328668279
2328644189
2328421602
2311680604
2311553749
2311393361
2311374164
2311283171
2311280185
2311171068
2311164342
2311076788
2311039360
2310970892
2310960129
2310941113
2310937279
2342086315
2341970131
2309462598
2309461952
2309438850
2309369471
2309314288
2309279730
2309262352
2308970732
2308967029
2308924476
2308915427
2308908957
2308903709
2306885518
2306867682
2306830493
2306800800
2304988266
2304985788
2304982257
2304975850
2304872203
2304847640
2304821493
2304815996
2304812474
2304810288
2304759088
2304755006
2304754761
2304753092
2304749845
2300193727
2300190798
2300181624
2300135839
2300128095
2300114933
2300114935
2300108278
2300107851
2300102303
2300100022
2300093691
2300091683
2300087915
2300081550
2300080396
2300066815
2343051702
2343008875
2342960775
2342839981
2342752926
2342697755
2342612547
2342341468
2342232730
2345271263
2345234203
2345194817
2345153510
2345075578
2345010284
2345007751
2344913504
2344839178
2344805144
2344723962
2344521896
2344332453
2344177693
2344066679
2344015548
2343927095
2343812278
2343796570
2343759316
2343695628
2343690458
2343659407
2343569627
2343557932
2343462155
2343459314
2343361215
2343325287
2343265449
2343245310
2343186672
2343182498
2345962575
2345955696
2345940864
2345934178
2345897768
2345895582
2345873382
2345861059
2345853445
2345847965
2345846254
2345841936
2345840884
2345838198
2345831831
2345831135
2345828739
2345803687
2345800899
2345795561
2345794008
2345793198
2345771650
2345762887
2345752709
2345741208
2345738591
2345737351
2345735311
2344293424
2344166481
2344020962
2343914062
2347627296
2347579819
2347575163
2347531656
2347527185
2347519265
2347514287
2347513522
2347486917
2347477792
2347458918
2347455905
2347449085
2347438292
2347434464
2347428926
2347407790
2347407438
2347405320
2347404900
2347403310
2347401415
2347393061
2347382149
2347373049
2347370744
2347355184
2347341002
2347337419
2347334746
2347311257
2347301712
2347301455
2347300314
2347270323
2347270204
2347263781
2347252507
2347246877
2347246380
2347245007
2347244797
2347238816
2347238424
2347233563
2347232417
2347230116
2347217071
2347212909
2347209091
2347208684
2347200406
2347199893
2347198139
2347196259
2347193463
2347190360
2347182064
2347176052
2347174182
2347171182
2347164334
2347161648
2347161263
2347159711
2347155040
2347153342
2347152266
2347148861
2347147195
2347144189
2347139434
2347128385
2347128368
2347124906
2347121713
2347119221
2347118516
2347115602
2347111487
2347110974
2347110981
2347110228
2347102568
2347101921
2347097863
2347095549
2347092523
2347091592
2347088701
2347087100
2347085260
2347077546
2347041758
2347039251
2346926629
2346906921
2346875755
2346857145
2346786024
2346784618
2346784326
2346766395
2346746062
2346735272
2346715931
2346711431
2346697048
2346680777
2346657456
2346655729
2346650558
2346642121
2346632142
2346620078
2346619514
2346567524
2346556904
2346553528
2346552267
2346535168
2346528031
2346527573
2346522418
2346515193
2346513979
2346493781
2346487949
2346483903
2346474445
2346472306
2346470602
2346467747
2346466039
2346465943
2346462273
2346455431
2346452873
2346449637
2346448485
2346447010
2346438232
2346426201
2346425648
2346424112
2346423870
2346422409
2346422348
2346421664
2346419570
2346418308
2346414709
2346410619
2346401260
2346389090
2346386777
2346381491
2346380116
2346379888
2346377951
2346369470
2346366006
2346365272
2346361094
2346359533
2346356333
2346352915
2346350681
2346349815
2346347358
2346345307
2346342278
2346341793
2346337223
2346333456
2346329757
2346329406
2346326354
2346326342
2346323295
2346322623
2346321362
2346319371
2346314439
2346312820
2346310165
2346300326
2346297801
2346296897
2346294895
2346292234
2346289606
2346286194
2346286056
2346282481
2346281946
2346281411
2346280106
2346277335
2346277243
2346275177
2346271433
2346270373
2346266778
2346263638
2346263603
2346262578
2346261454
2346257388
2346255717
2346255281
2346254684
2346253010
2346251319
2346249744
2346249081
2346244879
2346244740
2346243694
2346240253
2346238637
2346236850
2346235670
2346230769
2346230150
2346229871
2346229214
2346221188
2346220729
2346218685
2346216847
2346203613
2346196576
2346191661
2346189780
2346189699
2346188809
2346178741
2346176397
2346175939
2346174560
2346174522
2346174286
2346174268
2346174208
2346173925
2346173732
2346172465
2346172053
2346172054
2346171871
2346171533
2346171497
2346166723
2346166698
2346165778
2345997002
2345995775
2345990950
2345984152
2345974683
2347887272
2347823785
2347605102
2347508530
2347011237
2346888834
2346731552
2347447251
2347178371
2346829763
2346664761
2346478890
2346295792
2351975832
2351868364
2351701644
2351533108
2351377434
2351243324
2351105196
2350949696
2350832545
2350829159
2350740718
2350733980
2352421989
2352366928
2352313064
2352444672
2352375765
2352263733
2352206624
2352098873
2351982111
2351713821
2351557179
2350340446
2350304504
2350220146
2350177666
2350107539
2350095534
2350037994
2349984838
2349979931
2349903933
2351567336
2351405346
2351288729
2351035593
2350948815
2350085360
2349986137
2349904432
2349864235
2349832098
2349774399
2349708926
2349704909
2349677752
2349664838
2349595164
2349581603
2349581362
2349580699
2349524332
2349268933
2349231942
2349189263
2349128145
2349048177
2349039149
2349030955
2349001815
2348965312
2348908014
2348896750
2348869325
2348866049
2348864252
2348831585
2348787246
2348709243
2348623385
2348598918
2348539500
2348505122
2348441284
2348410222
2348355371
2348334025
2348309070
2348231144
2348168131
2348163943
2348144671
2348126605
2348060461
2348057016
2348055152
2348055099
2351588422
2351476361
2351085199
2349281666
2349144855
2349000630
2348860452
2351485079
2351154179
2351049801
2348592057
2348465963
2352546336
2352475087
2352468503
2352541662
2352477929
2352505254
2357638993
2356272796
2356168901
2356060013
2355894068
2355766229
2355556952
2355362615
2355174754
2355057833
2354950006
2354005458
2353901277
2353764925
2353646896
2353463767
2353290933
2353167913
2353132853
2353055474
2353049287
2352938620
2352927036
2352859075
2352856357
2357735987
2356441055
2356415374
2356370333
2356335027
2356256837
2356164790
2356027382
2355930272
2354564617
2354518391
2354446922
2354418263
2354350171
2354275687
2353767750
2353633385
2357729204
2357588616
2355233139
2355147439
2353461778
2353346356
2353143542
2353050943
2357698486
2357299512
2357232989
2355721971
2355560542
2355431230
2355353970
2353692124
2353544535
2353362758
2353248597
2357590854
2357456824
2355616486
2355612267
2355605322
2355594991
2355587192
2355586985
2355543926
2355473675
2355442114
2355416775
2355413825
2355401923
2355389246
2355371828
2355367239
2355352416
2355255168
2355243936
2355237913
2355231791
2355229255
2355030643
2353577173
2353548362
2353498376
2353493577
2353489796
2353479870
2353465442
2353460920
2353450342
2353408430
2353355673
2353312862
2353303662
2353296106
2353276471
2353268869
2353259724
2353255898
2353183744
2353165695
2353145730
2353138072
2353121636
2353119620
2357515098
2357346146
2356736216
2356652759
2356599868
2356546559
2356500179
2354665512
2354608477

2360795429
2360692445
2360573746
2360272238
2360101443
2359871261
2359544019
2359431599
2359311428
2358375544
2358275776
2358060936
2357832186
2360452231
2360333011
2360317173
2360284360
2360189380
2360161839
2360149542
2360046114
2360043285
2360039349
2360039147
2359749944
2359696185
2359618370
2359616795
2360782620
2360681443
2360618505
2360509144
2360336989
2360224305
2360157996
2359937437
2359804060
2359741548
2359672514
2359626947
2359561228
2359420983
2360226480
2360091061
2359287962
2359227413
2359132592
2361160040
2361086023
2359159359
2359063050
2358954996
2361189201
2361088917
2361009989
2360954979
2360857993
2360778189
2360731565
2360641213
2358588779
2358548329
2358513462
2358474050
2358384280
2357862178
2361102578
2361069377
2361040603
2360967787
2360919761
2358856259
2358779409
2358732338
2358641800
2360062562
2359942077
2359640403
2359763697
2359748890
2359602834
2363757344
2363692148
2363605997
2363547416
2363077787
2363530543
2363357300
2363218984
2363046396
2362938564
2362798435
2362452866
2362287733
2362269599
2362188443
2362149586
2361985240
2361892267
2361658118
2361513554
2362419163
2362288619
2362087737
2361934158
2361926879
2361801616
2361675436
2361518885
2362293220
2362161432
2365122870
2364934706
2364761262
2362849384
2362722554
2362315882
2362110197
2361906123
2361741329
2365060082
2365013206
2364898513
2364896489
2362954509
2362829195
2362809743
2362620248
2362614703
2362462047
2362441093
2362291256
2362288452
2362153623
2362145837
2362079469
2362069472
2361946980
2361939398
2361832120
2361758084
2361754284
2365016474
2364890202
2365323344
2365205808
2365061892
2364921432
2364826014
2364775806
2364754785
2364629627
2365608522
2365497749
2365487702
2365338673
2365310129
2365934194
2365829219
2365714841
2365584366
2365455182
2366351393
2366281344
2366275969
2366216139
2366154317
2366141941
2366053329
2366043212
2366292963
2366249931
2366143808
2366128921
2366092567
2366079064
2366096754
2366012518
2365660179
2365504209
2365614598
2365475653
2367281043
2367179963
2367029703
2366901299
2366779820
2366742497
2366674896
2366671842
2366565955
2366558590
2367522521
2367385129
2367339596
2367249365
2367248719
2367869498
2367697814
2367497664
2367381045
2367268510
2367143352
2368520313
2368456767
2368406758
2368300626
2368253586
2368143371
2368044486
2368620423
2368538285
2368478360
2368414996
2368326893
2368225724
2368152588
2368044817
2370514157
2370475520
2370369922
2370304956
2370178553
2370044029
2369851155
2369703593
2369551031
2369538969
2369446539
2369406242
2369259374
2369257910
2368997456
2368956655
2368932062
2368913328
2368864232
2368852244
2368848420
2370551453
2370497200
2370453638
2370352605
2370306451
2370212973
2370182918
2370040461
2370561778
2370501749
2370418657
2370380742
2370347125
2370298823
2370232225
2370231421
2370160805
2369769270
2369564399
2369533339
2369433771
2369277751
2369147115
2372098666
2371937804
2371795691
2368812501
2373859063
2373853207
2373811962
2373709129
2373702868
2373699790
2373679043
2373452678
2373343805
2373333217
2373333096
2373239684
2373237915
2372591322
2372508859
2371818110
2371657390
2371639656
2371509287
2371485530
2371318549
2371257583
2371221577
2371155142
2371143722
2371119491
2371041880
2371033374
2373011935
2372913968
2372835898
2371329652
2371220360
2371178115
2371050829
2371909773
2371788122
2373841344
2373722736
2373616274
2373565989
2371760587
2371641667
2371528172
2371372963
2373702720
2373352627
2373337554
2373250123
2373689494
2373563641
2373456682
2372926059
2372822641
2372712663
2372669841
2372356207
2372256767
2371929126
2370731030
2370646807
2372869243
2372809067
2372725949
2372630271
2372571883
2380106272
2380012354
2379952714
2379562978
2379415477
2379112344
2378982742
2378878225
2378698501
2378535872
2378493486
2378442968
2378174982
2378075874
2378025252
2377903406
2377871103
2377041050
2376965788
2376899478
2376814504
2376753697
2376736928
2376456186
2376341852
2376115288
2376054087
2376042377
2375937888
2375936445
2375927711
2375785278
2375703758
2375592426
2375592325
2375560922
2375476072
2375464709
2374239370
2374122195
2373980255
2373865262
2380169697
2379563804
2379548555
2379530048
2379457983
2379351285
2379226467
2378985918
2378798266
2377091346
2377038358
2376968154
2376762234
2376242584
2374588019
2374493806
2374263733
2374121183
2379921563
2379924234
2379842403
2379747403
2379622728
2379599799
2379473270
2379320481
2379136488
2378929428
2378720566
2378469719
2378192463
2378041536
2379905353
2379852373
2379750858
2377305330
2377195937
2377130013
2375058354
2375001938
2374939818
2374898943
2379887785
2379831806
2379752207
2379502868
2379394820
2379289491
2378447060
2378311462
2376218443
2376090757
2375608494
2375475694
2373922157
2378774701
2378629764
2378445447
2378335656
2376343070
2376230250
2376012495
2375828798
2373973570
2377350830
2377228574
2375497791
2375360667
2374230684
2374089029
2373940139
2376507426
2376356649
2374927043
2374869737
2375860677
2375736108
2374125194
2373990002
2383012151
2382932407
2382729586
2382653312
2382603807
2382502092
2382454129
2381483352
2381316683
2380869562
2380862077
2380828499
2380747737
2380735114
2382502918
2382450233
2382439645
2381866154
2380271233
2382268757
2382161553
2381963417
2381777544
2381442759
2381310996
2381980118
2381831351
2381687924
2381472192
2381274264
2381152347
2381563848
2381308253
2381524650
2381423144
2381263445
2381180661
2385664225
2385553748
2385550254
2385543925
2385456059
2385439140
2384926440
2384865510
2384119069
2383979325
2383860720
2383725081
2383648677
2383352276
2383296141
2383255976
2383201619
2383179269
2384822000
2384735352
2384342442
2383863602
2384020160
2383969794
2383932043
2383805091
2383630682
2383511035
2384635556
2384503392
2384394034
2384256117
2384114355
2383927996
2385687531
2385563388
2385353363
2384991738
2384912976
2384874638
2384765855
2384713764
2383979763
2383834015
2383681500
2383460994
2383344570
2384777976
2387635761
2387630356
2387548327
2387541850
2387464181
2387450856
2387375650
2387373661
2387276509
2387227443
2386888125
2386721399
2386035098
2385923711
2387692534
2387691707
2387169682
2387139615
2386930631
2386821416
2386717919
2386605543
2386480668
2386360223
2386205322
2386127465
2386118329
2386034670
2386026433
2385895458
2385895252
2386057183
2386244395
2385904638
2387680209
2387598938
2387167278
2387141641
2387043302
2386994671
2386562091
2386426665
2385800287
2387297898
2387290822
2387234162
2387176432
2387046093
2386986478
2386453965
2386311695
2386093790
2385938836
2384852667
2388544014
2390803817
2390715344
2390601851
2390589361
2390400509
2390345839
2390297273
2390294911
2390130194
2390126268
2390043311
2390026630
2389931822
2389887673
2389811743
2389804612
2389687660
2389685502
2389618561
2389615123
2389536006
2389463420
2388461355
2388425875
2388297996
2388295812
2388122820
2388110750
2388039564
2388030439
2387892271
2387882039
2387776879
2387774524
2390785028
2389337067
2389281044
2389224836
2391598299
2391528862
2391528477
2391460754
2391372521
2391226429
2391139376
2391068098
2391061351
2391023817
2390864138
2390697607
2390317600
2390299864
2390236462
2390226517
2390186900
2390185283
2390171553
2390097852
2389940352
2389863725
2389294947
2389225228
2389174213
2389073738
2389061643
2389037131
2388960049
2388804827
2388688060
2391526590
2391402953
2391315149
2391153369
2391053148
2390909301
2389547848
2389499790
2389031722
2388896618
2391210050
2391180670
2391153816
2391150471
2391138803
2391129324
2391124002
2391119008
2391113302
2391225965
2391195169
2391064333
2390888872
2390505587
2390386987
2390174520
2390082634
2389961571
2388880554
2388752391
2388609134
2388414270
2388266565
2388216415
2388164307
2388080536
2387915348
2387840011
2387722180
2390853514
2390681523
2390575728
2390568199
2390427774
2390060798
2390044979
2389973898
2389965080
2389417409
2389369790
2389050459
2388967647
2388761088
2388601297
2388264754
2388134437
2388037202
2387912246
2387790125
2387779031
2390696260
2390561658
2390025237
2389956373
2388499537
2388305595
2388155283
2388084122
2388044498
2390464514
2388011630
2390325880
2390210099
2391703007
2391623504
2392618020
2392514898
2391732708
2391685864
2391638514
2392635929
2392633749
2392509531
2392450708
2392380675
2392371776
2392205270
2392193196
2392129381
2392084446
2392023109
2391997966
2391932477
2391929790
2391849729
2391788906
2392648116
2392178265
2392174383
2391897588
2391873344
2391844210
2391777591
2390413849
2394187644
2394118418
2394013952
2393938301
2393384802
2393242178
2393003920
2392853767
2395614742
2395592820
2395410224
2395341494
2395300931
2395243829
2395124537
2395113816
2395015362
2394953250
2394838756
2394800065
2394739288
2394672426
2394575637
2394519188
2394438678
2394417814
2394287803
2394234710
2393180454
2393105440
2392995970
2392944843
2392766501
2392748824
2395482016
2395459161
2395394448
2395190009
2395186340
2395147809
2395137961
2395022368
2395004978
2394986974
2394982119
2394868612
2394849883
2394785562
2394764782
2394686274
2394595923
2394588849
2394506110
2394497915
2394389328
2394376135
2394359997
2394356337
2394346965
2393051255
2392859004
2392797891
2395622697
2394752609
2394629928
2393084048
2392901144
2392768686
2395420018
2395282129
2395144767
2393750290
2393660228
2393469420
2393265435
2393020471
2392872715
2394918630
2394333651
2394308780
2394217435
2394164458
2394117404
2394175566
2394046877
2393972786
2393878826
2393302052
2393101969
2393053778
2392849869
2393011521
2401277206
2401153052
2396853029
2396777809
2396638349
2396590540
2400786501
2400654036
2400499487
2400361905
2398342183
2398239424
2398072077
2397938352
2395741886
2400672629
2400429592
2399547650
2399478474
2399328809
2399281711
2399353398
2399306000
2399244909
2399236477
2398650101
2398544112
2399012335
2398914028
2398678361
2398546934
2398391016
2398341286
2398252083
2398239174
2398046336
2398011497
2397957700
2397931660
2397731364
2397724978
2397627727
2397608321
2397445390
2397416848
2397331523
2397323304
2397247680
2397224284
2397178838
2397131413
2397084454
2397003176
2396919644
2395812005
2395723302
2397774474
2397617499
2395715794
2396251847
2396087229
2395973342
2395932638
2395715351
2403608367
2403511838
2403395785
2403278696
2403062126
2403025835
2402792807
2402980481
2402868738
2402748667
2402638288
2402648544
2402540967
2408519318
2408450860
2408217778
2408139337
2407996315
2407750564
2406040060
2405968729
2405848216
2405630794
2405526656
2408037002
2407895357
2407787799
2406005390
2405896081
2405659801
2405555311
2407633602
2407508077
2405379940
2405240400
2405053347
2404943553
2404818033
2404718524
2407294384
2407115659
2405265680
2405046808
2406270807
2406265264
2406229857
2404141174
2404059469
2403997603
2403952736
2408612651
2408602739
2408602739
2408596949
2408596812
2408583664
2412232933
2412139952
2412105328
2412028250
2411940567
2411796041
2411780572
2411686594
2411603661
2411569279
2411460113
2411397526
2411342644
2411277988
2411196189
2411150532
2411081738
2411032753
2410986712
2410966933
2410965721
2410954215
2410895838
2410892086
2410889717
2410888512
2409698555
2409573458
2409398145
2409393490
2409298043
2409258294
2409157187
2409156577
2409012917
2408934303
2408914595
2408862401
2408813096
2408739164
2408737158
2408704984
2408676984
2408659554
2408658682
2408631374
2412797277
2412622303
2412725966
2412676290
2412553018
2410312824
2410211227
2412359190
2412204940
2412001984
2411837491
2410073177
2409823701
2409573630
2409375204
2410461958
2410350108
2418664928
2418580528
2418415538
2418319460
2415540518
2415461299
2415350631
2415097881
2414962996
2417246421
2417135766
2416976852
2416806533
2414851785
2414698099
2414656285
2414496751
2414380415
2418341338
2418282767
2418090938
2418024487
2417963053
2417931396
2417703889
2417850634
2415395924
2415286409
2417816140
2415727204
2415205365
2414827666
2417129266
2416935894
2416740962
2412868716
2421317079
2421177492
2420952614
2420842637
2420758956
2420649625
2420586461
2420526669
2419483371
2419470353
2419236363
2419012929
2418854718
2419982182
2419873195
2419750817
2419479998
2419308420
2419158690
2419080892
2420629172
2420563674
2420543612
2420443995
2419978852
2423085167
2422924793
2422858795
2422795457
2421874914
2421674092
2421505139
2421744792
2421632962
2421449481
2421316823
2422859017
2422790094
2422315461
2422212802
2422100487
2423773495
2423662664
2423509445
2423400514
2423222858
2424643650
2424536913
2424579230
2424486649
2423988939
2423886977
2423753937
2423678615
2423788583
2423665959
2427720580
2427652445
2426001580
2425850818
2425646897
2425518994
2425393743
2425267177
2425188750
2426521521
2426375676
2426223355
2426101283
2427647518
2425332977
2425247435
2427085698
2426999275
2427100190
2426945572
2426609687
2425246149
2425114816
2428563481
2428372192
2428159350
2428046296
2427950507
2427792748
2428788664
2428609322
2428525172
2427737432
2430984806
2430853227
2430738353
2430618706
2430271395
2430186583
2430120102
2431735619
2431572778
2431404200
2432070228
2431167478
2431026817
2428901332
2433200897
2433092992
2433202920
2432892820
2432795898
2432680311
2432586183
2431975391
2430059880
2438347973
2438211781
2438528893
2438350996
2438220840
2435830996
2434251308
2434101441
2433722439
2438474676
2438003085
2436769302
2436556588
2435020062
2438468332
2438405926
2438396081
2438391406
2438384914
2438343297
2438326532
2438174821
2438136309
2438025706
2437432679
2436268267
2436218910
2436184090
2436174936
2436121463
2436034440
2436016143
2435991956
2435978664
2435930634
2435872458
2435809204
2434006399
2433999440
2433945300
2433901219
2433827773
2433813790
2433750516
2433702545
2433671223
2438227264
2438197772
2438080347
2438078016
2437904702
2437894128
2437804571
2437782930
2437631290
2437629424
2437534884
2437531225
2437428560
2437389256
2437315154
2437312815
2437184549
2437178945
2437128789
2437115317
2437115317
2437028162
2436981034
2438183814
2437948887
2437839428
2438104076
2437995937
2437965343
2437946108
2437920870
2437818927
2437814764
2437805859
2437696905
2437627906
2437583680
2437563458
2437558029
2437554577
2437471441
2437453250
2437449279
2437449176
2437336042
2437286654
2437245892
2437244405
2437197756
2437184139
2437175005
2435752301
2435746809
2435626756
2435619189
2435526579
2435517124
2435516850
2435432286
2435347523
2435341927
2435298807
2435272608
2435259969
2435204078
2435194060
2435185724
2435052696
2435022259
2435014261
2434978588
2434935621
2434931142
2434917095
2434908548
2438017221
2437682290
2437565390
2435804703
2435685900
2435580588
2435420669
2435307874
2433551482
2433441665
2437587232
2437493786
2437468910
2437404852
2437381862
2437109101
2437049254
2436991470
2434922831
2434818964
2434728780
2436975298
2436923576
2436802533
2436368215
2436214654
2434345142
2434251918
2433978917
2433864741
2435972894
2435821908
2435689670
2435551373
2433763197
2433623109
2433454088
2433354025
2434286660
2434177195
2434067917
2433966081
2433852301
2433316366
2440497239
2440451503
2440376648
2440329883
2440252878
2440169486
2440121708
2440072760
2439936076
2439888064
2439819883
2439805230
2439683823
2439659337
2439579535
2439570413
2439509185
2439459814
2439402693
2439390558
2439295199
2439245198
2441098240
2441025160
2440949319
2439533923
2440240941
2440143149
2440098803
2440062300
2439955955
2439946663
2439911452
2439829291
2439811503
2439804174
2439801554
2439751520
2439745493
2439729893
2439725116
2439672499
2439643051
2439631062
2439583776
2439559952
2439559922
2439548695
2439522909
2439476312
2439460317
2439445675
2439260524
2441269873
2441205636
2439240427
2439190716
2441055078
2440967769
2440849412
2440709576
2440508612
2438649653
2440627819
2440605839
2440469435
2440436769
2440414793
2440364475
2440634149
2440500452
2440340319
2440129277
2440126260
2440008047
2439978745
2439835717
2440469434
2438923264
2438808693
2440480895
2440366527
2440475989
2440310511
2440190742
2440075535
2440293569
2440151847
2440077685
2440173134
2440049330
2439838859
2439730874
2439953796
2441765257
2441988649
2441905752
2441870926
2441792550
2441767694
2441700059
2441665499
2441614694
2441601102
2441513017
2441459357
2441956089
2441750287
2441659625
2441988389
2441902694
2441879433
2441632396
2441546446
2441467983
2441500230
2441425925
2441311652
2445056001
2444881470
2444663195
2444509429
2443468488
2443378342
2443279779
2443155396
2442994449
2442832848
2442689934
2442649169
2442540306
2442341011
2442244100
2445167772
2445057886
2445018944
2444959354
2442899763
2442880235
2442847139
2442814626
2442785560
2442739800
2442676105
2442645178
2442633563
2442604171
2442590831
2445082246
2444980752
2444883863
2444840488
2444777259
2444713784
2444612751
2444519922
2444476782
2444371662
2444289147
2444220908
2444202401
2444070793
2444065157
2444001646
2443977189
2443399427
2443318245
2443303672
2443155692
2442683776
2445100250
2445058043
2444935565
2444904282
2444828857
2442687857
2442631651
2442609660
2442590375
2442531922
2442447226
2442409170
2442343238
2445129370
2444938421
2444834644
2441976865
2445065572
2444911803
2444808328
2444693978
2442550112
2442393276
2444930374
2444766467
2444533151
2444413996
2442473115
2442361952
2442262919
2442165601
2442070612
2442050367
2444865333
2444774503
2444490247
2444399524
2444159334
2444037053
2442248917
2442182095
2442079005
2443998518
2443895245
2443790200
2443816706
2443743501
2443665832
2443619695
2443568380
2443317486
2443205046
2442942479
2442971767
2442837594
2442777662
2442672022
2442460017
2442297513
2442602627
2442477978
2447074169
2445996055
2445875942
2445668674
2445483404
2445225082
2446991851
2446966777
2445445541
2445384368
2445331575
2445293249
2445270564
2446731537
2445165527
2447077729
2447065491
2446921274
2446884480
2446816185
2446794937
2446649001
2446610654
2446552186
2446534535
2447087980
2446982483
2446885122
2446745680
2446630609
2446668771
2446452104
2446371792
2446293061
2445194817
2448310164
2448201980
2448082522
2447821556
2447601447
2447365661
2447190474
2449723633
2449610686
2449393484
2449278805
2447577312
2447473235
2447364116
2449423270
2449282596
2449161366
2448844362
2448738371
2448725953
2448669619
2448616842
2450557369
2450449216
2450233710
2450013945
2450534146
2450441258
2450478963
2448459013
2447910198
2447781973
2450210885
2450017711
2450180548
2450110505
2450095024
2450066692
2450062160
2450027288
2450005203
2449970283
2449958944
2449934679
2447942165
2447880173
2447841747
2447763321
2447732517
2447719905
2447706948
2447608457
2447589207
2447566941
2449815127
2449625206
2447530129
2447397655
2449740238
2449626156
2449534526
2449503782
2447658826
2447509930
2447379904
2447251799
2449667402
2449534647
2449327489
2449278887
2442384588
2449626045
2449505661
2449176594
2449099273
2448906790
2448824820
2447776894
2447538356
2447498681
2447477751
2447425220
2447387145
2447782025
2447758189
2447655160
2447647640
2447548927
2447434608
2447379758
2447376537
2447228956
2447182071
2451085857
2442204165
2442113000
2442011484
2442004818
2442227667
2451023239
2450969551
2446433232
2446362410
2445291106
2445206790
2445142181
2443848318
2443790054
2442813913
2442714305
2442687053
2442576015
2442565303
2442522485
2442433381
2442390070
2442339414
2442194191
2442097128
2442073165
2457830040
2457821895
2457809356
2457797616
2457795132
2457792521
2457781976
2457778604
2457777239
2457772317
2457772043
2457769895
2457767238
2457766774
2457766059
2457764773
2457764208
2457763638
2457761697
2457760414
2457755944
2457754850
2457754528
2457753886
2457753552
2457748969
2457748433
2457748345
2457742626
2457735826
2457734547
2457734155
2457732962
2457729314
2457728806
2457725923
2457723495
2457721982
2457717691
2457717537
2457711181
2457708309
2457706768
2457705935
2457705812
2457705278
2457702423
2457699898
2457698183
2457696557
2457695082
2457691028
2457690129
2457689484
2457688483
2457688224
2457687490
2457687034
2457686234
2457685760
2457685622
2457683433
2457682377
2457682137
2457681573
2457681200
2457680699
2457679002
2457677014
2457676092
2457675135
2457674446
2457673351
2457672585
2457667569
2457667530
2457667510
2457667279
2457667026
2457666197
2457665738
2457665419
2457664575
2457664485
2457664136
2457663822
2457661672
2457655915
2457654654
2457653900
2457652722
2457652663
2457650342
2457650277
2457649918
2457647026
2457644172
2457643232
2457643203
2457642914
2457642882
2457641221
2457641189
2457641146
2457635244
2457634921
2457634614
2457634120
2457633941
2457633300
2457633139
2457632915
2457632876
2457632555
2457632303
2457630952
2457630651
2457630436
2457630162
2457630061
2457629159
2457627697
2457627549
2457625218
2457622726
2457622476
2457622147
2457621791
2457621578
2457620942
2457620600
2457620522
2457620136
2457619592
2457619584
2457619145
2457618782
2457617644
2457617438
2457614504
2457614491
2457612126
2457611031
2457610933
2457610044
2457609703
2457608990
2457608604
2457607980
2457606740
2457606720
2457605177
2457605176
2457604978
2457604889
2457604531
2457604097
2457603750
2457603657
2457602963
2457602911
2457602206
2457601868
2457601436
2457600837
2457600524
2457600232
2457599960
2457598955
2457598794
2457598192
2457596858
2457596545
2457596544
2457596380
2457596340
2457596295
2457595311
2457595236
2457594980
2457593489
2457593246
2457592773
2457592260
2457592044
2457590981
2457590701
2457590610
2457589979
2457589833
2457589524
2457589456
2457589205
2457589166
2457588701
2457588625
2457588488
2457586471
2457585102
2457582589
2457581116
2457580928
2457580724
2457579300
2457579111
2457579041
2457578818
2457577718
2457577372
2457577101
2457576868
2457576535
2457576221
2457575707
2457575134
2457575036
2457574910
2457574713
2457574511
2457574493
2457574006
2457572145
2457572001
2457571978
2457571832
2457571103
2457568897
2457566569
2457566537
2457565948
2457565842
2457565076
2457564609
2457564003
2457563789
2457563657
2457563275
2457562809
2457562383
2457562190
2457561165
2457560976
2457560036
2457559992
2457559781
2457558592
2457557187
2457556422
2457556057
2457555774
2457555328
2457554901
2457554727
2457554023
2457553777
2457553467
2457553170
2457552987
2457552672
2457552527
2457552398
2457551806
2457551701
2457551659
2457551513
2457551000
2457550696
2457550549
2457550161
2457549229
2457548779
2457548756
2457548573
2457548447
2457548140
2457547933
2457547809
2457547716
2457547347
2457547262
2457547037
2457546565
2457546482
2457546465
2457546355
2457545954
2457545616
2457545614
2457545443
2457545410
2457545098
2457545050
2457544903
2457544763
2457544334
2457544076
2457543718
2457543244
2457543245
2457543219
2457543131
2457543114
2457543099
2457543077
2457542777
2457542510
2457542297
2457542090
2457542006
2457541795
2457541744
2457541212
2457541058
2457540978
2457540468
2457540394
2457540346
2457540269
2457540227
2457540210
2457539999
2457539896
2457539523
2457539477
2457539265
2457539046
2457538721
2457538648
2457538466
2457538217
2457538104
2457538083
2457537871
2457537838
2457537800
2457537770
2457537582
2457537564
2457537345
2457537330
2457537317
2457536914
2457536896
2457536733
2457536519
2457536435
2457536421
2457536418
2457536125
2457535878
2457535676
2457535457
2457535259
2457535160
2457535097
2457534631
2457534281
2457534018
2457533997
2457533313
2457533242
2457533192
2457533093
2457533069
2457532989
2457532952
2457532918
2457532861
2456656943
2456611448
2456580801
2456568356
2456464503
2456434850
2455797294
2454544005
2454532381
2454524753
2454522068
2454510789
2454491938
2454471841
2454344243
2454271579
2452344643
2452105641
2452079208
2452035790
2451934587
2456357568
2456256658
2456140655
2454203627
2454075602
2453854590
2453752380
2451943733
2451835794
2455734807
2455632803
2453884457
2453783289
2453646413
2451737108
2451620147
2451491062
2455028459
2454922855
2452882116
2452793026
2454733929
2454624789
2453003622
2452950813
2452861725
2454216255
2454125403
2453580906
2453499259
2451439716
2451353878
2451274381
2453856100
2451591277
2451589743

2460737408
2460720900
2460717170
2460703211
2460688631
2460678157
2460578558
2460575010
2460572757
2460572040
2460552348
2460543710
2460435158
2460428144
2460419598
2460412203
2460407804
2460402876
2460305276
2460260733
2460183648
2460167956
2460102446
2460049490
2460023273
2460008781
2459947585
2459939274
2459907895
2459845477
2459839444
2459838799
2460470597
2460368035
2460284429
2460131422
2460119957
2460015362
2459906295
2459830055
2459807999
2459794479
2459776124
2459752821
2459744378
2459741412
2459730536
2459727087
2459723882
2459723205
2459718722
2459718634
2459684042
2459676921
2459675623
2459675261
2459673425
2459672161
2459671443
2459670914
2459669433
2459667615
2459667551
2459667397
2459666907
2459665468
2459664323
2459596920
2459583995
2459521437
2459485975
2459407990
2459399803
2459285803
2459255219
2459216314
2459195296
2459160382
2459094759
2459066888
2459066841
2459063709
2459063068
2459046751
2459005225
2458949931
2458909866
2458905130
2458794462
2458774226
2458763376
2458752336
2458715870
2458614759
2458583831
2458574887
2458468321
2458407924
2458394433
2458393902
2458374352
2458293981
2458259939
2458259471
2458254575
2458252607
2458248570
2458247777
2458247387
2458243176
2458193463
2458040571
2457962886
2457872729
2457859375
2457849379
2460844885
2460802559
2460588063
2460396574
2459045954
2458844955
2458648036
2458500198
2459089877
2459048057
2458883270
2458801151
2459994594
2463253508
2463232208
2463214378
2463164128
2463161660
2463147675
2463132755
2463084913
2463063078
2463049102
2463047834
2463008349
2462992113
2462991375
2462988145
2462978052
2462948101
2462927947
2462917508
2462844785
2462822944
2462821757
2462816076
2462800117
2462798717
2462789056
2462768739
2462755300
2462735745
2462666165
2462652353
2462624643
2462617735
2462609100
2462606875
2462540843
2462534343
2462525743
2462509279
2462479057
2462476425
2462429521
2462389587
2462385999
2462379612
2462379425
2462376179
2462295335
2462287435
2462277891
2462251386
2462248121
2462247848
2461928708
2461926251
2461860027
2461845439
2461746185
2461742564
2461673740
2461672415
2461554668
2461552470
2461514781
2461504999
2461476971
2461377243
2461369456
2461361885
2461220252
2461203360
2461190427
2461049428
2461042797
2461015742
2461014758
2460871765
2460847765
2460843202
2463089250
2462926975
2462727953
2462624640
2461470969
2461328439
2461178161
2461031730
2462953215
2461079785
2461017493
2462512531
2462258494
2461756732
2461668254
2461550936
2451835794
2451943733
2451737108
2451620147
2451491062
2466812760
2466794237
2466696661
2466472513
2466394822
2466329104
2466251464
2466151858
2466075858
2465954548
2465741210
2465649035
2465530478
2465529645
2465524303
2465379514
2465353157
2465299203
2465280543
2465270502
2465135350
2465129123
2465127321
2465101901
2465024200
2464980610
2464976921
2464973787
2464971377
2464869280
2464857522
2464848079
2464847711
2464767697
2464765728
2464759509
2464739613
2464677668
2464672010
2464661404
2464657058
2464626644
2464582563
2464575463
2464572892
2464572308
2464459513
2464402989
2464347560
2464341147
2464317937
2464239144
2464237242
2464172585
2464155542
2464111444
2464053242
2464043004
2464041146
2463943541
2463866292
2463859768
2463855212
2463711060
2463706598
2463703523
2463569399
2463564353
2463541690
2463492421
2463407690
2463391722
2463351043
2463333087
2463303682
2463296249
2466855361
2466798249
2464306513
2465878808
2465862253
2465824952
2465787366
2465757735
2465754764
2465726661
2465638938
2465533399
2463797049
2463549650
2463531208
2463721285
2463639518
2463436433
2469911737
2469710165
2469606033
2469469364
2469377521
2469153904
2469038175
2468957425
2468922471
2468846659
2468766885
2468728087
2468689041
2468608023
2468559869
2468551031
2468492567
2468463759
2468440492
2468369993
2468160658
2467933282
2467792562
2467763435
2467731883
2467649043
2467636453
2467593841
2467484798
2467478609
2467449437
2467373931
2467346817
2467241036
2467198973
2467030787
2467020229
2466917982
2473558251
2473200188
2473186230
2471854318
2471820999
2471694900
2472489909
2472479791
2472409055
2472283736
2472226025
2470289162
2470193131
2470180902
2470173664
2470085294
2470053125
2469889797
2468060568
2467666162
2473693876
2473692410
2473583647
2473489681
2473400924
2473307910
2472067691
2471945365
2471781717
2471583281
2469829561
2469295282
2467291841
2473597971
2473494084
2471596465
2471515754
2471388138
2471297669
2469608363
2469491045
2469213040
2469098993
2473125373
2473082189
2473038079
2473011558
2472995488
2472721956
2472568790
2470449876
2470349461
2472330520
2470450728
2467857302
2472041836
2471306062
2471197520
2471127778
2471027187
2467969914
2467873856
2473102611
2473057170
2473039182
2472966900
2472897627
2472859052
2472853575
2472780721
2472772851
2472699609
2472695143
2472570110
2472535656
2433258759
2467311403
2467119481
2466903757
2467713099
2468020222
2480429722
2480407113
2480342003
2480203750
2480181907
2480056817
2479948720
2479838615
2479696649
2479545631
2479399715
2478018015
2477918657
2477713010
2475610334
2475522442
2475387867
2475269496
2474912312
2474798842
2480390289
2480342667
2477859692
2477809112
2475391874
2475292264
2480131805
2480023563
2479925269
2479759762
2480045573
2479959008
2479865783
2479524232
2479373372
2477608342
2477508297
2477402399
2477377269
2477275657
2477072702
2476919841
2480040612
2477612698
2479537399
2479384100
2477291169
2477111585
2476890937
2474599501
2474391790
2479276911
2479105223
2478967034
2478854400
2476445460
2476354216
2474352493
2474204047
2474103477
2473880183
2473795198
2479211141
2479051277
2478755759
2478743809
2478603696
2478602010
2477132685
2477123860
2477110039
2477064875
2476997491
2476995804
2476979370
2476948044
2476914902
2476908020
2476875909
2476822243
2476782421
2476779770
2476691977
2476690061
2476673025
2476642227
2476632112
2476606837
2476593771
2476588069
2474642210
2474582458
2474530424
2474491038
2474463624
2474449593
2474423445
2474396536
2474370220
2474352312
2474325705
2474277698
2474267860
2474259360
2474208209
2474180927
2474167437
2474104502
2474090387
2474069197
2474046226
2478862924
2478656233
2478320310
2478168551
2476609317
2475704203
2475623174
2478793244
2478691986
2478667034
2478575666
2478548593
2478435967
2478314200
2478203401
2478120372
2478056457
2478036104
2477979109
2476119427
2476027602
2475904019
2475890691
2475771167
2475684466
2475604203
2475522685
2477956670
2477849405
2477800088
2477746257
2475398365
2475317558
2477191251
2477061868
2476846664
2476727031
2476601885
2474381718
2474243841
2473874524
2476868587
2476689910
2476538906
2476393389
2476339823
2474146017
2474033512
2476852859
2476470848
2476374345
2474257339
2490140520
2488494258
2488472018
2488438675
2488409139
2488372262
2488317386
2488224239
2488137274
2488030151
2487834448
2486283573
2486242634
2486224184
2486219401
2486072096
2486067410
2485970991
2485943768
2485935010
2485905252
2485795131
2485763799
2485730703
2485720006
2485712344
2484140146
2483963599
2483929389
2483917856
2483908455
2483871910
2483868982
2483831617
2483815869
2483612974
2483488585
2481841486
2481714940
2481697457
2481658915
2481643344
2481561789
2481545899
2481499773
2476646714
2476461179
2476416722
2473952085
2473931048
2473897314
2473889329
2488249740
2488113093
2487981101
2487855511
2487748107
2487733638
2490057044
2489956410
2487836969
2487721345
2485950907
2485835876
2485698198
2485526884
2485517424
2483903399
2483763313
2483639972
2483474515
2483298255
2483257787
2482952942
2482857789
2481472042
2481328552
2481205617
2481086683
2490113541
2489929269
2489840815
2489689205
2489577745
2489425593
2489350478
2489260740
2487807177
2487704143
2487561001
2487426065
2487279084
2487190331
2487117716
2485596509
2485483619
2485296372
2485180059
2485030583
2484943506
2481597811
2481458771
2481176187
2481095250
2489656950
2489644925
2489547363
2489540603
2489404051
2489357139
2488239280
2488198093
2488090033
2488067023
2487931572
2487907693
2487843241
2487823099
2487714524
2487684778
2487598793
2487596245
2487457459
2487443779
2487388596
2487373654
2487301698
2487250513
2487210016
2487191672
2486139997
2486067834
2486012999
2485983505
2485846278
2485836552
2485730343
2485714147
2485544657
2485542006
2485475315
2485457702
2485324437
2485282131
2485233256
2485225131
2485119809
2485112789
2485046589
2485038548
2484936023
2484871312
2483995702
2483922099
2483811369
2483769101
2483614427
2483595682
2483491952
2483481263
2483387121
2483331021
2483246060
2483221439
2483069969
2483046454
2482975804
2482968657
2482896234
2482886627
2482807919
2482794373
2482738159
2482681118
2489150384
2489052148
2489017951
2488568108
2488362735
2487085535
2487017710
2486953172
2486895704
2486821284
2486615848
2486578490
2486503887
2486469932
2486235198
2486229576
2486101058
2484900789
2484835754
2484712420
2484657856
2484568995
2484408810
2484299587
2484001524
2483879748
2482640950
2482583283
2482380261
2482319583
2482280397
2482159406
2482049776
2481705481
2481612180
2489125331
2489078181
2487094989
2487036904
2487019905
2488762719
2488708599
2488623960
2488487862
2488753749
2488684011
2484196001
2484073587
2483923230
2482142961
2482030715
2481740292
2481604075
2487158939
2487106348
2487070904
2487023011
2482037472
2481896186
2481749964
2491829285
2491693435
2491589352
2497034863
2495454338
2495257761
2495253904
2495099931
2494813116
2494483717
2493127282
2493085388
2493083341
2493051258
2492958521
2492950485
2492895902
2492846884
2492823787
2492689160
2492675494
2492586129
2492552702
2490901314
2490872861
2490865509
2490784741
2490734785
2490718776
2490581609
2490513244
2490470362
2490459170
2490456996
2490438775
2490423520
2490420102
2490370740
2490173460
2495868794
2495347447
2495158796
2495021464
2493848400
2493699256
2493647725
2493231355
2493072295
2492857938
2491306258
2491254387
2491166293
2491070688
2496218266
2496174420
2495789386
2495722708
2493115248
2495273607
2493738182
2493689405
2495089859
2494955221
2494843224
2494697067
2494565252
2492994460
2492745047
2492649216
2492608666
2492393407
2492267100
2492017613
2495015431
2494885291
2494767215
2492749216
2492592886
2490337778
2490196041
2494920249
2494743001
2494588246
2494438298
2494287314
2494116647
2494010365
2492258690
2492154839
2491973966
2491864241
2491680573
2491605871
2492776621
2492644065
2492502698
2492348583
2492235535
2491965478
2492642432
2492591722
2492530161
2492509254
2492491538
2492470015
2492439684
2476649271
2476536736
2491212433
2490938006
2490817196
2490786972
2490610417
2490453752
2490300202
2497528742
2497358993
2497141517
2498017728
2497918879
2498160734
2498121900
2498049507
2497962472
2497487263
2497352898
2497312850
2499567054
2497715367
2497555157
2499602548
2497650715
2497644777
2497580037
2497548405
2497517704
2497489981
2497475573
2497402567
2497358243
2497256862
2497253017
2497242568
2497240321
2499635875
2499523541
2499461927
2499405431
2499290486
2499228298
2499171175
2499168365
2499022231
2499021327
2498926519
2498913750
2498829955
2498763401
2498755746
2498708290
2498634257
2498627379
2498575658
2498552936
2498542424
2499043549
2498216550
2498036690
2497932825
2497776410
2497774492
2497772392
2501579492
2501342105
2501259591
2501626678
2500134528
2500053716
2499917252
2501660731
2501583910
2501562676
2499669835
2501637055
2501563722
2501502841
2501442165
2501373944
2501294293
2501246411
2501237169
2501098786
2501088650
2501007313
2501003221
2500916535
2500881491
2500816344
2500811393
2500724300
2500694760
2500632973
2500623971
2500302264
2500255082
2500246729
2500153104
2500060774
2499966236
2499847091
2499697566
2499818639
2499708032
2508176473
2508080317
2507892790
2507782600
2505894502
2505779988
2505613611
2505484651
2503821179
2503626896
2503389591
2501727957
2502039240
2501910512
2501789898
2509882514
2509781610
2509512975
2509430102
2508059262
2507952925
2507668625
2507512808
2503727730
2503724282
2503633886
2503594738
2503486221
2503428644
2503365698
2503359927
2503213342
2503195259
2503091835
2503085154
2502994512
2502972140
2502917620
2502902045
2502820698
2502804453
2502714148
2502711579
2510076188
2508207898
2506189203
2506155088
2506014084
2505962245
2505883130
2505881672
2505864413
2505855958
2505844649
2505816890
2505773200
2505723978
2505711783
2505565622
2503942537
2503746680
2503695786
2503540451
2503516642
2503302080
2501896537
2501818150
2501796363
2501779590
2501691238
2509888363
2508585061
2508490564
2508043661
2506078521
2506021736
2505959649
2503756907
2503626633
2503606101
2509237829
2509022908
2508984462
2508903361
2508820859
2508732666
2508641831
2508519627
2506751633
2506690235
2506602590
2506471754
2506349579
2506261838
2504746331
2504645577
2504584763
2504519631
2504438779
2504354745
2504247299
2504180385
2504081168
2502478249
2502428208
2502387920
2502305932
2502229047
2502091915
2501986398
2508858942
2508034556
2507911163
2507801793
2507706768
2506922128
2506858239
2504779798
2504710320
2504642292
2502555791
2502510285
2505063600
2504983361
2503496979
2503348969
2502908087
2502830849
2476370289
2476261821
2476035843
2475903988
2473801958
2504108182
2503954156
2503743859
2502501987
2502482154
2516374201
2514756265
2514575187
2514394571
2514259442
2512582303
2512453983
2512317248
2512126172
2510427102
2510293806
2510183651
2510090215
2515394312
2515338113
2512999219
2512869691
2512651257
2512504241
2511160630
2511116836
2511094408
2510984142
2510880321
2510708924
2510524532
2510369924
2513157515
2513053122
2512752334
2512635763
2510335375
2510199719
2510176096
2516437272
2516422290
2516322001
2516320820
2516179440
2516159062
2516066293
2516050244
2515976901
2515980902
2475001409
2474999446
2515339437
2515261660
2515241165
2515170516
2515021916
2514886654
2514770548
2513597584
2513531885
2513478472
2513423345
2512650202
2512608694
2512558631
2512549256
2512526386
2512487730
2512474356
2512363688
2512270460
2510614054
2510235840
2511445717
2511360961
2511284755
2511236913
2511078183
2510861215
2511239695
2511192816
2511147044
2511102484
2510927175
2510831821
2510756612
2510866295
2510813372
2510783159
2510414939
2510229689
2516849432
2516732691
2516527499
2519118696
2519104109
2519026101
2518988233
2518906276
2518855634
2518831064
2518745501
2518725641
2518676713
2519003016
2518864618
2516901364
2516775236
2518745619
2518557862
2518455526
2518561906
2518557831
2518471287
2518418001
2518311144
2518310741
2518204894
2518182762
2518077827
2518063442
2517688499
2517642379
2517543247
2517474624
2517347414
2517241649
2517145787
2516898736
2516767488
2517548026
2516927236
2516835075
2516724813
2520486522
2520468399
2520325711
2520551852
2520445492
2520431372
2520310430
2520295162
2520277900
2520179596
2520172538
2519945146
2519876015
2519727701
2519681958
2519578655
2519500261
2519381339
2519304127
2519205206
2519797903
2519721164
2519656393
2519744639
2519693538
2519494690
2523366946
2523273929
2523032357
2522950527
2522842914
2521186839
2521064902
2520859545
2520617412
2524350186
2524289078
2524202291
2524119811
2524031077
2523925191
2523836370
2523718598
2522163083
2522078549
2521988223
2521929716
2521888035
2521806388
2521743304
2521669378
2521547512
2521458298
2521344018
2524144375
2524072750
2521556894
2521452337
2521342948
2524124127
2524029429
2523927706
2523834511
2523718533
2523271480
2523227395
2523130070
2523102187
2521056471
2520833674
2520807754
2520775794
2520690527
2520593056
2523645512
2523630421
2523475375
2523359413
2521160349
2521030247
2523310646
2523190308
2523173259
2521194379
2521160548
2521126403
2521014037
2523005484
2523000065
2522889565
2522868348
2522730902
2522713248
2522518741
2522498623
2522486340
2522469944
2522319724
2522277294
2522255182
2522165489
2522130935
2522129110
2522031042
2522021209
2522019610
2521180094
2523017540
2522966406
2522910647
2522810774
2522665718
2522627750
2522531680
2522500343
2522499676
2520689953
2520628278
2520567878
2525944649
2525840889
2525567742
2525447612
2525344944
2525936759
2525810868
2527726877
2527625642
2527614412
2527506479
2527452764
2527366750
2527350837
2527263527
2527259975
2527129302
2527119907
2525410961
2525295008
2525294228
2525156136
2525095455
2524959542
2524941060
2527647701
2527506424
2526759078
2526692434
2526630868
2526571661
2526429133
2526354357
2524532644
2524443650
2525905872
2525763415
2525745437
2525604470
2525566002
2525452390
2525493439
2525355757
2529488106
2529407904
2529247320
2529154603
2528758862
2528716832
2528674982
2528436359
2528359506
2528069381
2527926557
2532053655
2531915495
2531760761
2531621610
2529840818
2529706756
2529567442
2530669102
2530566335
2530490207
2530403998
2530284678
2530154239
2529744998
2529648536
2532026266
2531581273
2531494486
2531333316
2531259945
2529891997
2529781268
2531367770
2531263117
2530576649
2530479268
2533570928
2532966522
2532639921
2532548100
2532467081
2532327086
2532151432
2532137026
2536005907
2535897900
2535674255
2535552089
2533891520
2533813822
2533712629
2533661491
2540290141
2540275204
2540139671
2540136621
2538322995
2538272702
2538165637
2537971829
2537964088
2537940041
2537838147
2537828917
2538849632
2538763520
2538747798
2538610003
2538377181
2538261461
2536559265
2536498621
2536426800
2536188751
2536084521
2534438961
2534358398
2534231650
2534117760
2534046339
2533964711
2540132733
2540027204
2539890484
2539498252
2539406696
2537685831
2537577547
2537448241
2537286429
2537163589
2537758514
2537574496
2537381784
2536231949
2535207324
2535084899
2536261080
2536107888
2535960870
2534163455
2534037418
2536154058
2535809369
2535693301
2542533574
2542379906
2542271978
2542153158
2542145443
2540570439
2540545657
2540424572
2540406742
2540366603
2540910018
2540818554
2540701718
2540504844
2547411769
2547405264
2547404209
2547401914
2547363773
2547354532
2547353470
2547331853
2547305725
2547303225
2547301927
2547286015
2547224905
2547208285
2547200329
2547165450
2547155844
2547154885
2547137044
2547115445
2547040899
2547018705
2547014655
2547012516
2546943823
2546940273
2546938575
2546935618
2545445798
2545393745
2545320723
2545299883
2545254388
2545251072
2545114502
2545101126
2545034458
2545028860
2544942608
2544940901
2547426847
2547359971
2546770823
2544841318
2544689023
2544686268
2544547342
2544544557
2544369501
2544315274
2544223465
2544223156
2542690642
2542684939
2542539411
2547614737
2547598732
2547593329
2547592629
2547545013
2547541147
2547532940
2547524050
2547470370
2547459841
2547448984
2547438767
2549664835
2549658092
2549650330
2549644214
2549589275
2549584654
2549583869
2549567377
2549509878
2549498173
2549479137
2549469759
2549431849
2549424687
2549420309
2549410407
2549381544
2549370824
2549351943
2549342148
2549313529
2549312032
2549304968
2549289998
2549222661
2549211234
2549200733
2549189874
2549141737
2549139153
2549124641
2549111670
2549029930
2549023865
2548970550
2548968400
2548908956
2548903189
2548899546
2548889995
2551633824
2551608784
2551582637
2551558915
2551542809
2551542175
2551529539
2551509577
2551474091
2551458951
2551444424
2551419679
2551398791
2551398734
2551385390
2551353251
2551334799
2551292188
2551241703
2551226728
2551219428
2551217301
2551170074
2551167223
2551125992
2551078113
2551042502
2551023876
2550972124
2550971502
2550969678
2550962469
2553416789
2553210134
2556961144
2556908405
2553944805
2549805807
2549802642
2549797127
2560502724
2560446360
2560377671
2560320998
2560226228
2560158271
2560069057
2559987699
2558534849
2558473213
2558387942
2558332885
2558290213
2558255566
2558190331
2558113366
2558033556
2557955371
2557619736
2560469370
2556270379
2556241822
2556203024
2555940129
2555772440
2555658865
2556066892
2555775631
2555766614
2555307467
2555301446
2554693724
2554495163
2554345884
2552167906
2552050467
2551948461
2551725065
2551640358
2550304900
2550270268
2550198541
2553778624
2553727788
2553712925
2553666769
2553254085
2553163304
2553132995
2553019163
2553622478
2553558067
2553478132
2566934520
2566866066
2566800064
2566725198
2566594115
2566482748
2564666119
2564619977
2564547149
2564485350
2564408925
2564310434
2564211031
2562671370
2562582896
2562521800
2562482317
2562425844
2562388622
2562303634
2562207201
2562091541
2561996986
2561945906
2561846655
2567682608
2567554805
2567410896
2566805111
2562262737
2562184751
2566107616
2566065593
2565915276
2565907776
2565746258
2565687842
2565535942
2565535370
2566123892
2566104605
2566097936
2566072375
2566022985
2566011237
2565999946
2565931300
2565858316
2565450096
2563872243
2563812215
2563385587
2562036409
2562012880
2561854653
2561829234
2561773858
2563597608
2569610900
2569531910
2569470828
2569415435
2569227952
2569119771
2569011425
2576005562
2575849358
2575833596
2575643093
2575415314
2575295113
2575135911
2575014976
2574012035
2573926684
2573478081
2573301021
2573084288
2573049760
2572930729
2572756319
2572638069
2576049868
2575939995
2575845829
2575823025
2575773680
2575655711
2575620376
2575450092
2575418706
2575276783
2575275602
2575241179
2568531686
2568474386
2568407869
2568256260
2568189089
2568045830
2568025153
2575962841
2575895705
2575869867
2575828925
2575826453
2575809726
2575756778
2573635623
2573421678
2573378239
2573221798
2568755888
2568748606
2568580867
2568509934
2568502283
2568465870
2568431773
2568414733
2568317281
2568134399
2572199443
2571184808
2569437396
2569405813
2569357939
2569340481
2569311644
2569280949
2569266090
2569244868
2569223522
2569189653
2569166995
2569122199
2569114163
2569107013
2569085191
2569075641
2569015825
2569007402
2568991588
2568964954
2568955330
2568929696
2568917696
2568899416
2568877098
2568845278
2568830807
2568816976
2568779934
2568758931
2568658731
2567997184
2567861146
