2409375204;2016-06-03;69;2746885;false;1;988;1398;946;G.star;2780729;SGC 2016;4632##24;23;41##136427601;762||113765574;807||138074652;899||137323908;1194||111886687;1491##1;727;350;664;good;good;1472##1;487;406;438;bad;bad;1601##true;112##true;1299;0.5;0.2##true;1062##2;112||3;170||3;633||4;731||9;745||4;834||10;890||3;922||2;931||5;954||1;1243||5;1299||5;1603||3;1645||7;1669||8;1942||1;2110||8;2238||3;2248||6;2329||1;2335||10;2754||7;2767||1;2831||8;2963||3;2976||6;2981||3;3161||4;3178||1;3267||3;3392||10;3640||6;3645||8;3884||6;3905||8;3954||1;3993||2;4025||6;4043||7;4060||4;4062||10;4069||9;4088##MH##2409375204;1000;1099;45
2409573630;2016-06-03;41;2746885;false;0;918;776;9999;G.star;2780729;SGC 2016;4632##12;25;23##136427601;985||113765574;506||138074652;829||137323908;948||111886687;680##1;93;516;204;normal;good;888##1;1465;50;701;normal;bad;1001##true;97##false;1369;0.8;0.3##false;1033##7;97||10;108||10;178||9;470||10;477||4;543||8;703||6;712||3;723||4;737||10;738||2;905||3;915||8;917||1;920||1;1159||5;1369||1;1407||3;1569||2;1788||1;1788||3;2168||1;2171||2;2176||2;2222||7;2223||5;2226||8;2227||7;2425||2;2428||5;2432||4;2441##H##2409573630;955;1144;40
2414698099;2016-06-05;41;2746885;true;0;1083;1758;9999;Ago-GAMING;2775977;SGC 2016;4632##51;25;100##136427601;1331||113765574;1318||138074652;1314||137323908;927||111886687;2931##1;1230;1103;93;perfect;good;821##1;692;-118;-311;horrible;bad;1001##true;113##true;727;1.3;0.8##true;1588##8;113||7;166||1;170||8;268||8;363||4;370||9;420||3;422||10;439||6;502||8;544||9;587||10;727||2;728||1;736||8;738||3;743||7;753||10;855||4;869||3;899||8;903||1;918||4;1021||8;1068||10;1081||6;1083||4;1120||8;1163||10;1219||4;1231||6;1233||2;1240||6;1439||8;1543||9;1545||7;1545||10;1557||6;1560||8;1664||6;1668||10;1670||9;1678||8;1748||6;1752||2;1754||3;1755||10;1756||5;1768||9;1795||4;1802||7;1857||10;1865||7;1945||10;1948||2;1952||1;1954||6;1967||9;1979||8;1983||3;2087||4;2087||10;2091||8;2273||10;2279||3;2296||5;2302||4;2308||7;2432||8;2451||10;2466##L##2414698099;915;999;54
2414851785;2016-06-05;24;2746885;true;1;1082;9999;9999;Ago-GAMING;2775977;SGC 2016;4632##20;9;50##136427601;1806||113765574;1390||138074652;846||137323908;1204||111886687;1605##1;1577;542;287;good;good;749##1;459;132;65;bad;bad;614##true;260##true;1016;0.6;0.6##true;589##1;260||7;499||9;521||2;623||10;641||10;651||4;661||1;792||8;850||5;854||7;870||4;871||3;953||1;954||4;960||2;1016||4;1017||9;1022||3;1026||2;1175||2;1251||8;1367||4;1372||1;1386||3;1410||5;1411||10;1431##ML##2414851785;969;945;53
2421316823;2016-06-08;40;2746885;true;1;1090;1548;9999;To.be.or.not.to.be;2822317;SGC 2016;4632##45;23;123##136427601;1893||113765574;1301||138074652;1765||111886687;1629||220202887;2054##1;515;894;435;perfect;good;858##1;462;386;35;horrible;good;907##true;-11##true;690;1.0;0.6##true;1621##4;-11||8;-8||2;-3||4;150||10;225||2;282||7;348||1;376||1;449||2;617||3;621||8;628||6;629||2;690||3;715||6;888||4;973||2;990||4;1050||3;1084||9;1088||1;1093||2;1093||7;1153||6;1156||2;1202||1;1203||6;1269||3;1276||10;1280||9;1288||4;1288||7;1292||2;1294||1;1301||6;1318||4;1404||1;1407||3;1410||2;1414||5;1489||7;1499||2;1748||3;1773||2;1832||9;1837||10;1840||6;1846||10;1855||1;1868||3;1878||8;1879||7;1910||2;1914||6;1924||2;2022||1;2024||5;2025||3;2031||4;2036||2;2137||1;2141||3;2220||4;2227##H##2421316823;1022;1016;49
2421449481;2016-06-08;46;2746885;false;0;1434;1346;1228;To.be.or.not.to.be;2822317;SGC 2016;4632##49;35;109##136427601;1645||113765574;1433||138074652;1624||220202887;1170||111886687;1812##1;914;597;219;perfect;good;810##1;1273;752;206;horrible;bad;808##true;170##true;659;1.1;0.4##false;1306##6;170||10;234||10;313||7;352||1;374||8;374||9;394||4;406||3;410||10;411||6;516||3;620||9;625||8;659||10;691||8;962||2;1051||4;1075||1;1082||5;1084||10;1085||3;1093||7;1142||1;1152||4;1156||9;1158||10;1158||6;1161||2;1261||4;1264||5;1278||8;1393||10;1393||7;1401||6;1408||10;1619||8;1621||3;1626||9;1636||7;1641||2;1669||6;1686||2;1779||10;1780||7;1782||1;1790||9;1799||4;1799||6;1813||7;1866||8;1919||6;1936||4;1957||10;1963||7;1978||3;2004||2;2017||5;2026||1;2120||7;2125||8;2128||9;2142||4;2155||5;2170||5;2193||6;2195||7;2199||9;2202||7;2338||8;2339||6;2350||8;2477||7;2481||9;2498||7;2681||8;2683||1;2686||5;2691||4;2699||3;2702||9;2781##H##2421449481;1071;967;55
2426521521;1016;763;35
2426375676;1051;728;27
2433092992;1078;1349;37
2433200897;1041;1386;35
2433354025;1006;830;39
2433454088;1045;791;66
