4;EHOME;50;1000;1000;1000;1000;629
3335660;team_ftd_c;950;1000;1000;1000;1000;950
2640025;iG.Vitality;1800;1000;1000;1000;1000;1391
2414475;We.are.young;650;1000;1000;1000;1000;745
15;LGD-GAMING;1300;1000;1000;1000;1000;1210
3546261;Death Before Defeat;850;1000;1000;1000;1000;870
3380524;Team NV;1150;1000;1000;1000;1000;1128
2547352;MOBILE GIRL;950;1000;1000;1000;1000;953
3331948;LGD.Forever Young;1100;1000;1000;1000;1000;1148
5;Invictus Gaming;1850;1000;1000;1050;1000;1448
3688387;PRODOTA GAMING;950;1000;1000;1000;1000;948
726228;Vici Gaming;1400;1000;1000;1000;1000;1161
2552670;Prodota GaminG;1150;1000;1000;1094;1000;1035
3326680;Horde;750;1000;906;950;1000;1106
111474;Alliance;1400;1000;1000;1000;1000;1270
3586078;Geek Fam;1200;1056;917;1000;1000;1170
3623538;Destiny Gaming;950;1000;1000;1000;1000;951
2163;Team Liquid;1050;1000;1000;1000;1000;1052
3332295;Friends;1050;1000;1000;1000;1000;1024
2659468;WarriorsGaming.Unity;1400;995;1000;1000;1000;1258
3413162;Chicken Rice 1;950;1000;1000;1000;1000;953
2880140;Fire Dragoon;1050;1000;1000;1000;1000;1046
2592576;Team Bibu;950;1000;1000;1000;1000;958
3662845;Riptide Dota 2;1050;1000;1000;1000;1000;1046
1633432;Not Today !;900;1000;1000;1000;1000;906
3513460;END;800;1000;1000;1000;1000;812
2246141;Team Alternate Attax;850;1000;1000;1050;1000;820
2775251;Tarantula Gaming;900;1000;1000;1000;1000;887
3413786;90's Old Revenge;950;1000;1000;1000;1000;945
2803901;Fantastic Gaming Dota Team;950;1000;1000;1000;1000;989
2845183;RevengeSpirit-Reborn;950;1000;1000;1000;1000;965
3690568;Unknown Force;900;1000;1000;1000;1000;905
2285416;Vicious FAME;900;1000;1000;1000;1000;898
2662139;Mineski-X;950;1000;1000;1000;1000;966
3326927;Divine Gaming;950;1000;1000;1000;1000;946
2833354;Vici Gaming Potential;700;1000;1000;1000;1000;826
2626685;EHOME.KEEN;900;1000;1000;1000;1000;950
3326126;Team VG.J;1100;1000;1000;1000;1000;1085
3581614;8000;800;1000;1050;953;1000;822
3702845;80085 &lt3;1100;1000;1000;1000;1000;1097
46;Team Empire;1200;1000;1000;1000;1000;1142
2537636;Elements Pro Gaming;800;861;1000;1000;1000;955
3691991;Hard Question;1100;1000;1000;1000;1000;1088
3333433;Doo Wop;1400;1000;1000;1048;1000;1333
2701329;Team Freedom Dota 2;1750;1000;1000;1140;1000;1373
2634810;EHOME.LUMINOUS;950;1000;1000;1000;1000;946
2776208;White Fries Gaming;1050;1000;1000;1000;1000;1054
3703188;Danish Bears;1100;1000;1000;1000;1000;1099
3336725;Rampage Gaming;1050;1000;1000;1000;1000;1050
1520578;CDEC Gaming;1100;1000;1000;1000;1000;1074
3625157;Peas and Carrots;950;1000;1000;1000;1000;943
3580606;SG e-sports;1350;1000;1000;1000;1000;1178
2850016;Sanguine Sharks;1050;1000;1000;1050;1000;995
2672298;Infamous -_^;1400;1000;1000;1000;1000;1239
2533075;Cloud 9;1150;1000;1054;1000;1000;1307
3706211;BoRe;850;1000;1000;1000;1000;870
1375614;Newbee;1400;1000;1000;1000;1000;1270
3266312;Evil Corporation;1050;1000;906;1000;1000;1126
2790766;Rebels!;1550;1000;1094;1094;1000;1258
3705914;AW;950;1000;1000;1000;1000;950
2677025;;1000;1000;1000;1000;1000;1003
3707335;AW;950;1000;1000;1000;1000;950
3152713;IKEA;1000;1000;906;1000;1000;1078
3334621;Hard Question;800;1000;1000;1000;1000;808
1272244;EHOME.X;850;1000;1000;1000;1000;873
2414095;Avalon_Club;1100;1000;1000;1000;1000;1094
3258149;CAVALRY;1050;1000;1000;1000;1000;988
2208748;Team DuoBao;800;1000;1000;1000;1000;895
1836806;the wings gaming;1100;1000;1000;1000;1000;1090
1983234;Team Braveheart;750;1000;1000;1000;1000;882
1951061;Newbee.Young;800;1000;1000;1000;1000;859
3343967;Wings.Red;900;1000;1000;1000;1000;907
20;Newbee.Boss;750;1000;1000;1000;1000;806
2854942;MAX.Y;900;1000;1000;1000;1000;959
2789129;Bheart.Zombie;800;1000;1000;1000;1000;817
3456993;;900;1000;1000;1000;1000;923
2860081;team_ftd_a;900;1000;1000;1000;1000;909
3349045;RUSH B;900;1000;1000;1000;1000;857
2006913;Vega Squadron;1250;1000;946;1000;1000;1222
3547682;Team VGJ;1600;1000;1000;1000;1000;1457
2828433;Monsters;900;1000;1000;1000;1000;898
3623934;See You Again;600;906;1000;951;1000;814
3414796;VULTUR TEAM;650;1000;1000;1000;1000;749
2897892;Alpha Pro Gaming;900;1000;1000;1000;1000;917
3713339;Nullstone Gaming;900;1000;1000;1000;1000;908
3724222;Team Red;1050;1000;1000;906;1000;1016
3705786;Mad Kings;1100;1000;1000;906;1000;1162
3415515;VINCE TE IPSUM;950;1000;1000;1000;1000;947
370775;Eternity;700;1000;1000;1000;1000;805
3728003;LQ;750;1000;1000;950;1000;794
3715938;Sanguine Sharks;1100;1000;1000;1005;1000;1099
1883502;Virtus.pro;1150;1000;1000;1089;1000;1065
350190;Fnatic;800;946;1005;1000;1000;892
2581813;Execration;850;995;1000;1000;1000;914
2512249;Digital Chaos;1100;1000;1000;1000;1000;1106
3214108;Team NP;950;1000;1000;1000;1000;967
3477208;Midas Club Elite;750;1000;1000;1009;1000;814
3730002;END;800;1000;1000;1000;1000;858
3322396;ENTiTY ESPORTS;700;1000;1000;1000;1000;747
3725701;Happy Feet;1400;1000;1000;1094;1000;1240
3262331;Team EVOS;800;1000;1000;1008;1000;841
543897;Mineski.GGNetwork;1550;1005;964;1179;1000;1254
1905619;Wheel Whreck While Whistling;1000;1000;1000;1097;1000;964
3622247;Team Legion;800;1000;1000;1000;1000;864
3726949;Team FDL;900;1000;1000;991;1000;937
1105664;Rex Regum QEON;850;1000;1000;893;1000;939
3737715;Signature.Dota2;700;1000;1000;1000;1000;764
2822317;To.be.or.not.to.be;1200;1000;1000;1000;1000;1155
3321220;T Show;700;1000;1000;1000;1000;729
3661849;Team PewPew;1050;1000;1000;1016;1000;1005
3325406;Romania;900;1000;1000;1000;1000;876
1964407;Comanche;800;1000;1000;1000;1000;851
3334209;Team Ukraine;1050;1000;1000;1000;1000;1033
2293742;mYinsanity;1050;1000;950;995;1000;1094
3714164;OverPower;850;1000;1000;1000;1000;857
1302201;Bravado Emotion;800;1000;1000;1000;1000;851
2538753;Fantastic Five;1000;1000;1000;1000;1000;973
3334489;Ne Rus?;700;1000;1000;1000;1000;783
2788415;Team One !;550;1000;1000;1000;1000;651
2108395;TNC Pro Team;1550;1095;995;1000;1000;1373
2859105;Team DileCom;1150;1000;1000;1000;1000;1125
3264479;aboshamaleh;850;1000;1000;1000;1000;862
1276785;The Mongolz;1150;915;1000;1038;1000;1175
3718685;MVP.Revolution;950;1000;1000;1000;1000;976
2745129;-Dark Passage eSports-;850;1000;1000;1000;1000;904
3317512;DUOBAO Young;1300;1000;1000;1000;1000;1184
3322300;s1 Lykos;1000;1000;1000;1000;1000;986
3412044;NOVA eSport;950;1000;1000;1000;1000;956
3659536;Clutch Gamers;1050;931;1000;1053;1000;1068
2338511;Tasik Anti Rata;1050;1000;1000;1000;1000;1050
2338533;NgahulengTarik;1000;1000;1000;1000;1000;1002
2314139;Trones.Gaming;950;1000;1000;1000;1000;948
3516840;Terpacu Gaming;1000;1000;1000;1000;1000;992
2588154;Kangen Mantan;1050;1000;1000;1000;1000;1050
1218336;Eternal;1300;1000;1000;1000;1000;1258
3686302;TEAM TAI;1050;1000;1000;1000;1000;1050
3657755;INSIDE FREEDOM;950;1000;1000;1000;1000;948
2293253;Sejarah 10;950;1000;1000;1000;1000;951
3588528;HGC V;950;1000;1000;1000;1000;953
2486559;PUSSYALERT TINGLINGLING;900;1000;1000;1000;1000;901
3099617;Pioneers;950;1000;1000;1000;1000;953
3658895;MINDA UTAMA ;1000;1000;1000;1000;1000;1006
2419591;Clay Reborn;1050;1000;1000;1000;1000;1050
3457201;Team EnvyUS;950;1000;1000;1000;1000;950
3719038;Bobo Gaming;1000;1000;1000;1000;1000;1009
3658537;BKS MEILAN BKS;1050;1000;1000;1000;1000;1058
2283526;Dark Rises;950;1000;1000;1000;1000;948
2916875;Limited Edition;950;1000;1000;1000;1000;951
3704482;Going in;1050;1000;900;1041;1000;1089
3728410;LMNTRIX;950;1000;1000;1000;1000;959
1975134;EMIM;1000;1000;1000;909;1000;1097
3444630;NewHope;950;1000;1000;1000;1000;962
3326875;Faceless;1200;1095;1007;1000;1000;1131
98301;Power Gaming;600;1020;823;1000;1000;842
2059672;FireDota;1200;1000;1000;1142;1000;1100
2881840;Sweet Boys;1000;1000;1000;952;1000;1050
3729377;January 25th;950;1000;996;1000;1000;1000
3331735;Digital Company;900;1000;929;1000;1000;1000
3334146;SquadYOUNGLEX;1050;1000;1000;1000;1000;1052
2851343;Fierce Assasins;1050;1000;1000;1000;1000;1050
3149809;--VIP-SIA-;950;1000;1000;1000;1000;950
3411521;Perfect Gamer Team ;950;1000;1000;961;1000;1000
2586976;OG Dota2;1100;1180;1000;1000;1000;1000
39;Evil Geniuses;1100;1000;1000;1000;1000;1111
3743790;Emim;950;1000;1000;1000;1000;950
1838315;Team Secret;1000;1074;1000;1000;1000;955
