2168462214;2016-02-21;18;1491448;true;0;1459;9999;9999;Buhh Raisers##21;1;34##86850020;1282||303160610;1459||146379733;2039||92567394;1376||167491780;1469##1;2080;-4;-13;perfect;good;934##1;116;456;-1218;horrible;bad;725##true;230##true;732##false;9999##10;230||7;282||1;333||10;404||6;565||8;575||7;575||9;578||6;618||10;719||6;730||9;732||7;736||10;765||10;850||9;855||8;922||10;928||10;1010||9;1054||10;1059||9;1089||10;1104##normal##normal##ML##2168462214;1000;1000;60
2168204512;2016-02-21;20;1491448;true;0;1472;9999;9999;IT'SMUFFINTIME!##24;5;43##107430254;1278||303160610;2474||146379733;2012||92567394;1878||167491780;1808##1;2113;870;305;perfect;good;981##1;0;279;-1575;horrible;bad;281##true;317##true;868##false;9999##8;317||6;398||9;445||1;545||7;623||6;665||1;771||7;784||6;797||7;854||10;866||6;868||9;875||8;920||10;943||1;949||6;952||7;955||8;961||3;968||6;1008||4;1013||6;1118||10;1122||7;1142||6;1151||10;1172||7;1198||10;1230##normal##normal##ML##2168204512;1060;1000;51
2168584594;2016-02-21;30;1491448;true;0;1242;1889;9999;Guardian_Girls##27;13;62##86850020;1442||303160610;1475||146379733;1134||92567394;1838||167491780;1664##1;1598;649;-336;normal;good;959##1;208;335;-337;normal;bad;658##true;158##true;941##false;847##7;158||10;385||10;423||5;475||1;481||1;638||10;670||8;692||2;767||10;862||9;863||8;879||1;891||8;894||4;894||5;906||9;941||3;951||10;951||8;1040||2;1041||10;1047||7;1059||10;1140||5;1190||10;1210||4;1314||6;1321||5;1431||6;1433||10;1437||8;1450||7;1556||10;1562||6;1570||3;1573||8;1578||5;1606||10;1614||10;1775||9;1816||7;1829||10;1829||6;1833##normal##normal##ML##2168584594;1111;1000;48
2168761260;2016-02-21;45;1491448;true;0;1024;1192;1018;Live to Roshan##36;20;79##86850020;918||303160610;948||146379733;1198||92567394;1140||167491780;1493##1;557;1249;32;good;good;696##1;-9;27;-1435;bad;bad;844##true;155##true;1102##true;1255##8;155||6;341||9;521||6;615||7;692||9;727||8;728||2;825||4;828||1;829||10;888||6;1004||9;1102||6;1243||2;1283||9;1399||8;1401||2;1492||7;1494||9;1495||6;1497||10;1499||7;1511||4;1513||5;1524||10;1527||5;1539||1;1544||7;1735||1;1738||2;1738||9;1739||5;1749||3;1753||9;1888||7;1892||10;1947||4;1950||6;1952||9;1965||1;1968||5;1974||4;2205||1;2219||5;2222||7;2247||6;2372||10;2523||2;2523||6;2525||7;2527||9;2537||7;2699||6;2702||2;2710||9;2711||10;2716||8;2722##normal##normal##L##2168761260;1159;995;41
2169293575;2016-02-21;33;1491448;true;0;1021;1598;9999;HOKAGE_STYLE##37;11;74##86850020;1246||303160610;847||146379733;1552||92567394;2006||167491780;2215##1;443;922;149;perfect;good;856##1;532;572;-1274;horrible;bad;588##true;10##true;706##true;1215##6;10||2;229||10;268||8;311||6;376||7;537||10;541||9;549||8;567||8;618||6;706||7;714||9;800||3;809||1;812||2;906||10;908||9;914||7;921||6;926||9;1052||4;1058||7;1068||3;1070||1;1077||10;1081||2;1089||2;1169||4;1189||9;1244||7;1248||4;1332||8;1414||10;1416||7;1425||6;1433||9;1436||8;1441||9;1480||7;1501||9;1737||8;1747||10;1753||10;1928||9;1930||7;1933||6;1936||10;1980##normal##normal##ML##2169293575;1200;1050;47
2169098823;2016-02-21;38;1491448;true;0;802;1437;9999;Suicide Squad Female##23;13;29##86850020;734||303160610;947||146379733;1402||92567394;932||167491780;1737##1;1171;656;-449;bad;horrible;1054##1;199;135;-222;good;perfect;583##false;-27##true;1400##true;1431##1;27||2;16||2;136||5;140||2;356||7;397||7;592||5;663||2;875||8;887||6;891||1;898||9;903||5;1035||1;1205||6;1241||7;1254||9;1397||8;1400||7;1400||8;1694||9;1699||2;1700||4;1708||1;1713||7;1752||8;1763||10;1909||8;1950||10;2104||6;2105||8;2106||3;2106||7;2107||8;2280||7;2317||9;2320##nice##normal##L##2169098823;1247;1052;40
2168971864;2016-02-21;40;1491448;true;1;847;1788;9999;Suicide Squad Female##19;17;39##86850020;694||303160610;1555||146379733;1017||92567394;943||167491780;980##1;1623;275;-387;good;bad;1251##1;88;732;-778;bad;good;851##false;-8##false;1736##true;1377##9;8||3;264||5;457||8;568||3;569||9;644||2;676||6;765||10;819||3;821||4;836||1;942||5;979||3;1013||6;1137||3;1567||7;1567||9;1725||7;1726||6;1736||9;1841||2;1865||7;1868||10;1886||3;1891||5;1894||9;1939||6;1946||3;2115||10;2126||10;2136||9;2146||5;2167||4;2181||3;2419||1;2435||5;2437||2;2441##perfect##nice##H##2168971864;1287;1012;36
2169200180;2016-02-21;59;1491448;false;1;899;1262;973;HOKAGE_STYLE##20;36;31##86850020;534||303160610;842||146379733;835||92567394;585||167491780;1658##1;1452;443;-488;bad;bad;1267##1;806;1028;181;good;good;1157##false;308##false;1113##true;1286##7;308||6;315||8;337||7;385||3;523||4;644||10;757||9;770||7;776||8;778||3;885||7;917||5;1040||4;1041||1;1059||3;1062||7;1113||10;1161||4;1348||10;1349||6;1357||10;1362||9;1363||8;1380||9;1445||7;1450||5;1533||7;1535||4;1536||6;1545||10;1559||8;1560||9;1563||10;1759||1;2114||7;2141||7;2213||4;2216||6;2225||2;2234||9;2242||6;2493||2;2589||10;2638||6;2640||9;2643||8;2703||7;2708||10;2712||5;2713||3;2724||4;2740||5;3261||1;3261||9;3262||4;3266||1;3285||3;3317||9;3518||7;3541##normal##normal##H##2169200180;1323;1003;65
2169352705;2016-02-22;24;1491448;true;1;1139;9999;9999;HOKAGE_STYLE##15;12;26##86850020;2309||303160610;1107||146379733;1517||92567394;983||167491780;1550##1;1666;804;-12;normal;bad;926##1;350;469;351;normal;good;821##false;251##true;1220##true;829##8;251||8;339||1;343||8;495||9;497||3;543||7;615||1;763||2;937||9;937||6;940||4;943||7;949||4;1060||5;1067||1;1074||5;1119||3;1220||6;1233||2;1236||8;1340||7;1434||8;1437||5;1443||3;1447||2;1461||1;1465##bad##bad##L##2169352705;1258;1111;43
2168462214;2016-02-21;18;1491448;true;0;1459;9999;9999;Buhh Raisers##21;1;34##86850020;1282||303160610;1459||146379733;2039||92567394;1376||167491780;1469##1;2080;-4;-13;perfect;good;934##1;116;456;-1218;horrible;bad;725##true;230##true;732##false;9999##10;230||7;282||1;333||10;404||6;565||8;575||7;575||9;578||6;618||10;719||6;730||9;732||7;736||10;765||10;850||9;855||8;922||10;928||10;1010||9;1054||10;1059||9;1089||10;1104##normal##normal##ML##2168462214;1000;1000;60
2168204512;2016-02-21;20;1491448;true;0;1472;9999;9999;IT'SMUFFINTIME!##24;5;43##107430254;1278||303160610;2474||146379733;2012||92567394;1878||167491780;1808##1;2113;870;305;perfect;good;981##1;0;279;-1575;horrible;bad;281##true;317##true;868##false;9999##8;317||6;398||9;445||1;545||7;623||6;665||1;771||7;784||6;797||7;854||10;866||6;868||9;875||8;920||10;943||1;949||6;952||7;955||8;961||3;968||6;1008||4;1013||6;1118||10;1122||7;1142||6;1151||10;1172||7;1198||10;1230##normal##normal##ML##2168204512;1060;1000;51
2168584594;2016-02-21;30;1491448;true;0;1242;1889;9999;Guardian_Girls##27;13;62##86850020;1442||303160610;1475||146379733;1134||92567394;1838||167491780;1664##1;1598;649;-336;normal;good;959##1;208;335;-337;normal;bad;658##true;158##true;941##false;847##7;158||10;385||10;423||5;475||1;481||1;638||10;670||8;692||2;767||10;862||9;863||8;879||1;891||8;894||4;894||5;906||9;941||3;951||10;951||8;1040||2;1041||10;1047||7;1059||10;1140||5;1190||10;1210||4;1314||6;1321||5;1431||6;1433||10;1437||8;1450||7;1556||10;1562||6;1570||3;1573||8;1578||5;1606||10;1614||10;1775||9;1816||7;1829||10;1829||6;1833##normal##normal##ML##2168584594;1111;1000;48
2168761260;2016-02-21;45;1491448;true;0;1024;1192;1018;Live to Roshan##36;20;79##86850020;918||303160610;948||146379733;1198||92567394;1140||167491780;1493##1;557;1249;32;good;good;696##1;-9;27;-1435;bad;bad;844##true;155##true;1102##true;1255##8;155||6;341||9;521||6;615||7;692||9;727||8;728||2;825||4;828||1;829||10;888||6;1004||9;1102||6;1243||2;1283||9;1399||8;1401||2;1492||7;1494||9;1495||6;1497||10;1499||7;1511||4;1513||5;1524||10;1527||5;1539||1;1544||7;1735||1;1738||2;1738||9;1739||5;1749||3;1753||9;1888||7;1892||10;1947||4;1950||6;1952||9;1965||1;1968||5;1974||4;2205||1;2219||5;2222||7;2247||6;2372||10;2523||2;2523||6;2525||7;2527||9;2537||7;2699||6;2702||2;2710||9;2711||10;2716||8;2722##normal##normal##L##2168761260;1159;995;41
2169293575;2016-02-21;33;1491448;true;0;1021;1598;9999;HOKAGE_STYLE##37;11;74##86850020;1246||303160610;847||146379733;1552||92567394;2006||167491780;2215##1;443;922;149;perfect;good;856##1;532;572;-1274;horrible;bad;588##true;10##true;706##true;1215##6;10||2;229||10;268||8;311||6;376||7;537||10;541||9;549||8;567||8;618||6;706||7;714||9;800||3;809||1;812||2;906||10;908||9;914||7;921||6;926||9;1052||4;1058||7;1068||3;1070||1;1077||10;1081||2;1089||2;1169||4;1189||9;1244||7;1248||4;1332||8;1414||10;1416||7;1425||6;1433||9;1436||8;1441||9;1480||7;1501||9;1737||8;1747||10;1753||10;1928||9;1930||7;1933||6;1936||10;1980##normal##normal##ML##2169293575;1200;1050;47
2169098823;2016-02-21;38;1491448;true;0;802;1437;9999;Suicide Squad Female##23;13;29##86850020;734||303160610;947||146379733;1402||92567394;932||167491780;1737##1;1171;656;-449;bad;horrible;1054##1;199;135;-222;good;perfect;583##false;-27##true;1400##true;1431##1;27||2;16||2;136||5;140||2;356||7;397||7;592||5;663||2;875||8;887||6;891||1;898||9;903||5;1035||1;1205||6;1241||7;1254||9;1397||8;1400||7;1400||8;1694||9;1699||2;1700||4;1708||1;1713||7;1752||8;1763||10;1909||8;1950||10;2104||6;2105||8;2106||3;2106||7;2107||8;2280||7;2317||9;2320##nice##normal##L##2169098823;1247;1052;40
2168971864;2016-02-21;40;1491448;true;1;847;1788;9999;Suicide Squad Female##19;17;39##86850020;694||303160610;1555||146379733;1017||92567394;943||167491780;980##1;1623;275;-387;good;bad;1251##1;88;732;-778;bad;good;851##false;-8##false;1736##true;1377##9;8||3;264||5;457||8;568||3;569||9;644||2;676||6;765||10;819||3;821||4;836||1;942||5;979||3;1013||6;1137||3;1567||7;1567||9;1725||7;1726||6;1736||9;1841||2;1865||7;1868||10;1886||3;1891||5;1894||9;1939||6;1946||3;2115||10;2126||10;2136||9;2146||5;2167||4;2181||3;2419||1;2435||5;2437||2;2441##perfect##nice##H##2168971864;1287;1012;36
2169200180;2016-02-21;59;1491448;false;1;899;1262;973;HOKAGE_STYLE##20;36;31##86850020;534||303160610;842||146379733;835||92567394;585||167491780;1658##1;1452;443;-488;bad;bad;1267##1;806;1028;181;good;good;1157##false;308##false;1113##true;1286##7;308||6;315||8;337||7;385||3;523||4;644||10;757||9;770||7;776||8;778||3;885||7;917||5;1040||4;1041||1;1059||3;1062||7;1113||10;1161||4;1348||10;1349||6;1357||10;1362||9;1363||8;1380||9;1445||7;1450||5;1533||7;1535||4;1536||6;1545||10;1559||8;1560||9;1563||10;1759||1;2114||7;2141||7;2213||4;2216||6;2225||2;2234||9;2242||6;2493||2;2589||10;2638||6;2640||9;2643||8;2703||7;2708||10;2712||5;2713||3;2724||4;2740||5;3261||1;3261||9;3262||4;3266||1;3285||3;3317||9;3518||7;3541##normal##normal##H##2169200180;1323;1003;65
2169352705;2016-02-22;24;1491448;true;1;1139;9999;9999;HOKAGE_STYLE##15;12;26##86850020;2309||303160610;1107||146379733;1517||92567394;983||167491780;1550##1;1666;804;-12;normal;bad;926##1;350;469;351;normal;good;821##false;251##true;1220##true;829##8;251||8;339||1;343||8;495||9;497||3;543||7;615||1;763||2;937||9;937||6;940||4;943||7;949||4;1060||5;1067||1;1074||5;1119||3;1220||6;1233||2;1236||8;1340||7;1434||8;1437||5;1443||3;1447||2;1461||1;1465##bad##bad##L##2169352705;1258;1111;43
