2060146450;2016-01-07;45;20;false;0;786;944;830##7;20;23##136477860;926||82327674;662||88521435;595||136186119;677||117281554;982##1;269;39;288;-600;180;1109##1;1118;443;441;1030;-30;1429##false;426##false;1725##false;1458##10;201||3;426||4;432||8;524||4;785||3;787||3;1076||5;1159||2;1168||4;1497||6;1501||3;1725||4;1725||8;1794||2;2069||6;2271||8;2420||3;2420||10;2441||2;2444||4;2447||1;2450||3;2450||7;2456||6;2474||5;2475||2;2484||3;2646||1;2667##2060146450;1000;980;48
2060313896;2016-01-07;27;20;true;0;1076;9999;9999##30;7;71##136186119;1317||88521435;1855||82327674;1542||117281554;1972||136477860;1538##1;659;1139;495;1744;400;866##1;126;-429;-269;-815;-300;757##true;-15##true;705##false;624##9;15||7;14||8;5||8;311||7;321||7;519||10;646||6;663||1;664||10;670||6;705||10;845||1;848||9;848||3;854||7;922||1;936||8;937||9;939||1;1042||3;1108||8;1113||9;1119||7;1126||10;1139||8;1178||7;1188||9;1289||7;1294||9;1389||2;1392||10;1397||8;1406||10;1584||7;1635||8;1647||6;1653||10;1661##2060313896;952;910;61
2060744032;2016-01-07;32;20;false;0;1029;811;9999##16;23;28##136477860;769||117281554;1027||82327674;1064||88521435;740||136186119;845##1;158;198;343;952;180;892##1;1695;621;-377;221;-30;927##true;257##true;1086##false;951##8;257||5;307||9;307||10;314||3;320||7;328||8;334||7;504||9;645||1;650||5;689||10;845||1;855||4;934||5;937||10;941||3;1042||6;1086||9;1090||1;1097||4;1100||5;1104||8;1110||10;1113||6;1113||9;1301||1;1362||5;1364||3;1372||4;1374||2;1397||3;1538||10;1542||7;1543||5;1736||2;1748||1;1754||2;1873||10;1923||1;1923||5;1927##2060744032;1013;1052;48
2060213109;2016-01-07;36;20;false;0;807;1072;9999##19;26;40##136477860;726||82327674;1429||88521435;920||117281554;1316||136186119;969##1;165;284;-520;618;220;1035##1;1534;99;1067;687;-70;1103##true;162##false;1016##false;750##6;162||1;205||3;215||7;218||1;359||2;507||9;602||6;694||2;897||3;920||6;957||2;958||7;958||1;960||3;960||10;961||7;969||8;1009||5;1016||10;1018||3;1025||2;1032||10;1258||6;1259||9;1388||3;1393||6;1397||2;1401||6;1464||3;1473||1;1559||7;1591||1;1714||6;1792||10;1813||3;1817||2;1818||4;1822||8;1864||5;1865||7;1871||9;1873||5;2081||3;2126||4;2149||2;2151||5;2153##2060213109;965;1028;46
2060374755;2016-01-07;41;20;false;1;1415;1042;9999##26;40;52##136186119;881||82327674;302||136477860;817||88521435;843||117281554;1086##1;379;135;-68;978;60;853##1;701;1161;207;501;70;902##true;222##true;835##true;557##1;222||8;241||6;255||4;261||1;295||4;318||6;348||2;451||8;455||5;462||10;479||1;480||9;484||7;498||8;608||4;755||2;802||6;833||1;835||5;851||7;852||3;863||4;870||10;962||9;971||7;1107||10;1138||7;1375||3;1385||4;1403||1;1477||4;1502||5;1503||10;1507||7;1508||8;1512||10;1526||6;1530||7;1591||9;1596||3;1602||1;1608||10;1623||7;1680||9;1691||1;1757||5;1762||2;1767||4;1827||6;1924||9;1924||7;1931||10;1934||9;1947||8;2025||7;2176||9;2220||3;2248||10;2271||7;2276||6;2279||5;2296||9;2451||6;2462||7;2467||10;2468||8;2475##2060374755;919;849;45
2060846559;2016-01-07;19;20;false;1;884;9999;9999##5;20;14##82327674;836||136477860;676||88521435;1080||117281554;753||136186119;875##1;411;150;28;-580;-30;729##1;605;671;605;1533;180;937##false;275##false;926##false;979##6;275||2;428||9;430||10;438||6;578||10;793||1;796||9;811||6;817||7;828||4;835||8;839||6;926||8;932||7;935||10;938||9;949||7;993||2;1078||3;1087||10;1133||8;1134||7;1144||6;1168||9;1171##2060846559;874;1168;36
2062913180;2016-01-08;46;20;false;0;1392;1086;816##17;40;40##136477860;715||88521435;648||82327674;758||117281554;1368||136186119;1599##1;1385;-24;-48;321;-300;813##1;531;730;414;1076;400;1034##false;66##false;839##true;463##1;66||3;169||1;172||8;173||9;279||1;473||10;496||9;617||7;670||2;684||8;685||4;686||3;728||9;822||1;823||4;831||10;833||3;839||2;842||7;947||9;992||2;992||6;1003||4;1029||8;1032||10;1040||7;1043||10;1131||2;1264||10;1270||1;1276||4;1280||3;1285||4;1295||7;1382||3;1518||2;1518||4;1529||10;1550||3;1622||2;1628||4;1633||5;1654||2;1726||5;1735||1;1753||1;1977||5;1978||2;1980||4;1984||4;1992||8;2473||3;2521||1;2525||2;2590||5;2618||3;2725||1;2740||2;2744||5;2755||3;2762||4;2767||7;2770##2062913180;838;937;44
2062846626;2016-01-08;23;20;true;1;1439;9999;9999##20;5;26##136186119;1429||117281554;1553||82327674;1118||88521435;740||136477860;2133##1;1703;348;450;1454;270;910##1;292;173;-428;-473;-170;838##true;156##true;997##true;814##3;156||1;184||5;239||7;272||2;377||5;397||4;469||1;526||6;536||2;541||3;545||6;875||3;884||6;989||1;990||5;991||3;997||4;998||3;1031||4;1034||5;1043||1;1246||9;1270||2;1273||3;1276||3;1352||4;1355||2;1385##2062846626;794;945;52
2245107009;2016-03-24;26;20;true;0;1472;9999;9999##22;10;51##133084797;1084||136477860;1435||82327674;1227||117281554;1489||136186119;1819##1;1620;540;362;1162;30;802##1;354;125;16;57;100;889##false;96##true;1002##false;792##3;96||9;115||3;142||2;156||3;175||2;272||8;282||7;315||8;326||6;362||4;378||6;683||6;796||10;799||10;807||8;867||10;1002||6;1006||8;1009||7;1015||3;1154||7;1168||7;1282||10;1313||8;1332||10;1341||1;1345||5;1360||6;1363||7;1366||9;1488||10;1540||4;1550||10;1551||7;1561##2245107009;846;1006;40
2245185531;2016-03-24;33;20;true;1;1250;1600;9999##26;15;66##136477860;1037||136186119;1024||117281554;1493||82327674;1378||133084797;1405##1;1217;476;-251;786;230;1052##1;971;525;565;517;-100;1126##true;-2##true;1019##true;1008##1;2||7;2||3;6||8;6||7;245||7;312||6;456||8;461||1;463||9;467||2;467||4;495||6;677||3;689||1;740||3;806||9;927||1;1011||2;1019||3;1040||1;1139||3;1146||1;1271||9;1280||7;1285||1;1602||3;1612||9;1619||8;1625||4;1631||5;1640||1;1708||4;1773||5;1778||5;1791||2;1795||1;1801||1;1926||9;1933||7;1937||4;1992||5;1998||1;2005##2245185531;886;966;45
2249958512;2016-03-26;67;20;false;1;999;870;905##27;34;77##136186119;860||82327674;1149||136477860;622||117281554;1163||133084797;610##1;509;740;-220;157;70;1222##1;1084;355;276;1196;60;1084##false;214##false;801##false;1027##8;214||3;227||6;355||3;366||10;400||2;404||9;407||3;408||4;410||2;503||7;508||10;509||8;520||2;782||8;784||6;796||7;800||9;801||5;889||10;891||6;903||10;971||9;1112||4;1121||3;1267||3;1359||10;1393||9;1407||4;1609||2;1627||10;1644||2;1790||4;1796||3;1820||5;1964||8;1970||10;1980||5;1996||1;1996||6;1996||3;2002||2;2009||6;2115||10;2164||5;2165||3;2224||4;2231||2;2312||7;2317||10;2323||8;2329||6;2331||9;2334||5;2566||6;2613||10;2614||4;2643||5;3162||2;3583||1;3656||10;3806||10;3928||6;3955||4;3960||7;3963||3;3967||1;4054##2249958512;931;1193;35
2249839843;2016-03-26;31;20;true;0;1356;1592;9999##20;5;38##136477860;1213||82327674;1283||136186119;1729||133084797;855||117281554;1498##1;875;805;1196;1274;-100;1074##1;374;0;-180;-470;230;937##false;56##true;1241##true;298##2;56||9;84||2;113||9;363||6;378||9;402||8;450||4;452||6;514||6;668||8;787||2;836||10;1233||8;1241||9;1252||6;1265||7;1417||7;1558||10;1616||9;1626||10;1695||2;1841||6;1843||7;1848||8;1850||10;1860##2249839843;896;1228;44
2252695217;2016-03-27;67;20;false;1;1204;1210;937##29;59;77##136186119;1196||133084797;627||136477860;1091||117281554;774||82327674;564##1;1019;100;218;14;-200;1068##1;810;960;-74;1228;350;1335##false;43##false;736##true;635##6;43||2;177||6;337||4;375||8;396||6;462||9;531||7;577||3;581||8;581||3;728||10;730||6;732||1;734||8;736||5;737||9;740||4;741||2;760||10;795||9;847||4;852||7;858||5;861||6;864||8;870||10;875||1;1223||4;1229||2;1260||6;1264||9;1266||5;1270||7;1343||6;1352||2;1353||1;1358||9;1424||3;1434||7;1434||10;1436||6;1444||6;1651||7;1708||6;1779||10;1947||7;1953||7;2150||1;2241||7;2400||2;2410||4;2429||7;2490||9;2501||5;2505||9;2515||8;2526||6;2531||6;2719||7;2726||9;2770||2;2773||10;2800||1;2802||4;2814||5;2863||10;2935||9;2947||2;3112||10;3120||6;3171||7;3171||9;3177||2;3177||5;3191||4;3200||7;3271||7;3484||6;3485||10;3485||4;3493||10;3643||7;3715||1;3716||9;3727||4;3784||6;3848||10;3849||8;3849||7;3859||7;4023||2;4027||10;4029||6;4060||9;4064##2252695217;940;1119;40
2252549454;2016-03-27;35;20;true;1;1295;1291;9999##23;11;59##133084797;1096||82327674;1553||117281554;1826||136477860;1401||136186119;1208##1;1331;15;397;679;-300;1096##1;404;640;842;3;400;1047##false;-36##true;1640##true;869##8;36||10;107||7;112||7;177||1;188||10;188||4;200||2;340||2;622||8;636||10;831||2;835||3;849||3;980||6;1095||3;1365||4;1367||2;1627||4;1640||3;1663||6;1728||4;1734||5;1738||10;1795||2;1800||6;1857||1;1857||5;1859||3;1874||5;1914||4;2022||2;2055||3;2135||1;2137||4;2142##2252549454;900;1159;46
2262272179;2016-03-31;50;20;true;0;1156;1190;1218##45;26;116##136186119;1366||82327674;1366||117281554;1764||88521435;1040||136477860;1349##1;603;617;671;990;220;1040##1;449;278;1531;-205;-70;1176##true;136##true;1296##true;1342##9;136||5;214||6;382||9;389||4;505||6;510||4;703||6;728||6;806||2;858||7;872||7;937||5;1120||8;1133||3;1139||10;1296||9;1299||8;1310||6;1362||9;1364||10;1556||6;1604||4;1639||2;1653||4;1728||1;1730||6;1736||9;1737||8;1741||10;1744||2;1744||9;1875||7;1876||1;1884||8;1889||10;1893||6;1901||4;1953||2;1966||6;2088||9;2090||8;2090||4;2090||10;2098||3;2192||9;2193||1;2208||8;2249||2;2252||8;2358||1;2358||2;2366||10;2368||9;2373||7;2614||10;2615||9;2615||8;2617||5;2626||1;2627||1;2772||2;2783||4;2791||6;2835||8;2836||6;2952||4;2956||9;2960||8;2965||10;2971||7;2986##2262272179;946;1535;20
2263894968;2016-04-01;53;20;true;0;1403;1047;1442##32;30;68##136186119;732||82327674;537||88521435;858||136477860;1723||117281554;1250##1;1497;395;242;984;60;1209##1;48;430;-74;-209;70;1172##true;280##true;968##false;800##9;280||1;291||10;317||6;348||1;352||2;363||5;371||10;423||9;477||2;489||2;670||8;722||9;740||9;864||8;946||8;955||10;968||2;1079||3;1102||5;1321||5;1448||1;1513||3;1523||6;1568||2;1594||1;1601||3;1603||8;1694||10;1700||7;1719||6;1731||10;1890||6;1893||2;1902||7;1905||6;2118||10;2132||9;2206||1;2224||6;2224||2;2227||5;2233||2;2415||6;2418||8;2431||2;2522||9;2526||1;2545||6;2553||3;2560||10;2566||8;2590||7;2604||2;2629||9;2641||5;2649||1;2729||3;2740||2;2743||10;3028||8;3086||1;3115||10;3132||9;3139||2;3149||5;3174##2263894968;966;1198;37
2264094749;2016-04-01;26;20;false;0;913;9999;9999##9;25;22##136477860;700||82327674;921||88521435;844||117281554;854||136186119;786##1;165;212;-510;108;-300;853##1;1675;867;556;884;400;1032##false;90##false;822##false;875##3;90||5;115||8;140||6;255||2;380||6;431||2;447||8;462||4;463||9;562||8;579||3;586||2;591||10;594||1;598||3;695||4;822||5;904||2;981||3;1003||1;1244||10;1247||4;1292||1;1314||5;1330||2;1409||2;1465||8;1530||2;1535||5;1546||1;1586||5;1600||1;1606||3;1611##2264094749;1003;1434;35
2263839941;2016-04-01;18;20;true;1;2012;9999;9999##19;2;49##136477860;1355||82327674;1984||117281554;1950||88521435;1465||136186119;2105##1;1715;504;1474;1821;270;962##1;0;274;-955;-1000;-170;570##true;96##true;505##true;971##4;96||1;125||3;310||5;325||5;368||4;374||1;390||4;491||1;491||3;505||5;658||7;703||1;771||10;774||2;810||4;815||5;834||5;852||2;1027||5;1061||3;1090||4;1123##2263839941;968;1161;52
2263718444;2016-04-01;59;20;false;0;1226;1509;1105##39;31;93##82327674;1605||136186119;1248||136477860;789||88521435;1499||117281554;1162##1;994;149;965;911;270;1102##1;778;102;-296;-144;-170;1143##true;119##true;919##true;1625##6;119||7;272||9;358||1;486||7;541||4;555||3;614||4;640||7;644||9;646||10;670||3;746||8;826||9;907||10;919||3;920||7;928||6;939||10;1012||5;1016||1;1019||8;1030||6;1124||6;1199||5;1236||10;1248||7;1258||6;1302||5;1333||2;1343||7;1373||9;1376||8;1423||1;1448||7;1451||10;1699||6;1767||5;1842||9;2167||7;2416||8;2422||2;2427||9;2428||5;2431||8;2542||1;2544||9;2545||7;2581||10;2595||3;2599||9;2749||2;2763||4;2785||6;2797||1;2802||7;2942||2;2966||8;2967||4;2975||1;2985||5;2991||3;3020||7;3134||5;3141||2;3151||6;3244||2;3447||4;3513||8;3514||5;3530||3;3534||1;3540||2;3552##2263718444;1020;1109;22
2264035531;2016-04-01;17;20;false;1;875;9999;9999##4;17;6##136477860;290||136186119;1014||88521435;733||117281554;858||82327674;1097##1;320;342;555;-420;-100;799##1;319;642;1310;1200;230;1297##false;66##false;809##true;990##6;66||3;69||3;109||6;177||10;351||10;404||9;534||8;540||6;651||6;768||3;795||9;799||7;801||4;806||8;809||7;856||8;998||6;999||7;1000||9;1001||10;1003||9;1008##2264035531;998;1469;29
