2229065830;2016-03-17;28;2756149;true;0;1211;9999;9999##26;7;57##86040272;1852||289073734;1640||110674485;1660||92477990;1173||176988393;1218##1;936;646;274;934;normal;902##1;224;-255;510;-79;normal;985##false;268##true;1014##false;852##1;268||6;269||10;358||4;502||10;619||8;697||7;699||5;748||6;763||9;767||8;779||4;842||8;846||1;928||2;932||8;1014||6;1061||5;1187||9;1246||6;1252||7;1341||9;1348||10;1353||8;1468||6;1545||9;1557||9;1650||4;1699||8;1705||6;1706||7;1709||9;1728||6;1730||10;1731##normal##2229065830;1000;768;36
2229168677;2016-03-17;26;2756149;true;1;1235;9999;9999##30;14;62##86040272;1263||289073734;1626||110674485;2255||92477990;1623||176988393;608##1;1307;620;134;970;good;894##1;387;376;397;236;bad;831##true;56##false;1001##true;1099##2;56||9;100||2;169||10;205||9;279||2;282||10;285||3;286||7;411||10;563||4;637||1;639||6;791||4;795||3;797||1;798||10;800||5;807||2;814||2;1001||4;1049||10;1051||5;1053||10;1154||1;1169||7;1170||6;1171||4;1178||2;1180||9;1180||3;1253||9;1291||5;1296||7;1298||1;1307||2;1309||3;1317||4;1359||5;1368||1;1371||2;1372||2;1469||1;1574||2;1578||3;1578||4;1582##normal##2229168677;1036;732;30
2239733013;2016-03-21;40;2756149;true;1;1393;1316;9999##36;17;67##86040272;1254||289073734;1017||97548862;1447||92477990;1056||176988393;1441##1;972;374;-132;983;bad;1182##1;1172;230;560;695;good;817##false;134##true;533##true;992##8;134||10;187||2;195||6;204||5;205||2;264||1;276||6;293||5;303||9;344||8;356||6;400||5;406||7;425||4;427||1;431||3;471||9;479||1;482||4;533||6;554||2;570||8;686||1;690||4;840||1;851||3;852||5;853||5;915||1;939||7;1079||10;1245||2;1258||1;1289||4;1307||2;1452||1;1521||7;1681||9;1687||2;1741||3;1769||9;2008||2;2019||1;2053||3;2183||4;2208||1;2234||2;2236||7;2347||3;2350||1;2351||4;2358||2;2382##bad##2239733013;1066;779;31
2239810677;2016-03-21;28;2756149;false;1;1059;9999;9999##10;22;23##86040272;534||289073734;836||97548862;949||92477990;1191||176988393;1055##1;392;482;349;-189;bad;997##1;1530;235;668;1017;good;1025##false;259##false;1040##false;1028##10;259||10;438||8;551||6;555||2;615||1;618||5;630||9;632||4;780||6;805||2;834||1;837||6;908||7;922||7;1010||10;1040||6;1043||1;1117||8;1120||6;1364||4;1429||10;1514||6;1614||7;1630||1;1632||9;1638||3;1653||8;1689||6;1693||7;1715||9;1715||8;1720##bad##2239810677;1097;748;73
2239666641;2016-03-21;24;2756149;false;0;941;9999;9999##12;25;20##86040272;880||289073734;975||97548862;871||92477990;990||176988393;751##1;59;4;333;577;good;845##1;1525;555;-5;852;normal;911##true;222##false;682##false;1130##8;222||1;227||10;240||10;290||1;350||8;351||4;380||8;427||6;515||2;517||5;525||8;550||1;552||6;589||6;672||1;674||4;677||2;681||3;682||2;835||1;841||3;847||6;850||5;859||1;940||3;957||1;989||2;1000||4;1019||6;1090||5;1104||1;1416||6;1418||2;1422||5;1426||9;1428||3;1429||3;1448##normal##2239666641;1024;821;74
2241356598;2016-03-22;32;2756149;true;0;1415;1615;9999##30;11;46##86040272;1116||289073734;1642||110674485;1619||92477990;1354||176988393;1693##1;1283;260;1384;1702;perfect;1075##1;245;500;4;-739;horrible;1002##true;5##true;618##false;1567##8;5||6;152||9;390||6;401||5;402||7;404||8;407||9;440||9;483||6;489||2;530||7;605||8;618||3;673||7;812||6;871||1;978||8;1071||7;1071||1;1081||6;1091||9;1227||1;1326||7;1527||10;1577||1;1581||8;1582||6;1586||4;1586||7;1607||5;1652||7;1709||3;1760||8;1800||2;1801||7;1807||6;1813||3;1820||9;1827||10;1831||9;1897||7;1933||6;1937##normal##2241356598;950;1401;103
2243788886;2016-03-23;52;2756149;true;1;1070;1342;1221##46;33;88##86040272;1157||289073734;813||110674485;1847||92477990;1145||176988393;1441##1;908;650;-23;957;bad;930##1;941;320;316;160;good;1042##false;75##true;826##false;1145##9;75||3;99||9;342||7;424||1;442||4;451||10;481||6;552||2;560||9;634||1;638||3;730||3;798||2;800||9;802||4;809||1;826||7;964||5;977||1;980||8;1030||6;1061||9;1075||1;1075||4;1077||2;1237||3;1244||4;1250||6;1254||5;1255||10;1308||9;1341||6;1343||4;1346||7;1348||10;1469||1;1480||7;1486||4;1487||3;1611||5;1673||9;1686||4;1693||2;1694||3;1695||1;1799||3;1811||10;1818||9;1855||6;1859||2;2330||6;2429||2;2449||4;2509||6;2524||3;2531||5;2552||1;2609||2;2664||3;2703||7;2712||8;2732||1;2733||5;2733||2;2736||9;2745||6;2750||10;2766||9;2767||5;2825||1;2826||10;2907||6;2914||8;2927||9;2949||3;2951||1;2954||4;2955||1;3121||5;3137||4;3141||3;3144##nice##2243788886;1053;1168;55
2249069770;2016-03-25;21;2756149;false;1;1108;9999;9999##19;30;40##86040272;1172||289073734;852||110674485;846||92477990;1040||176988393;1081##1;185;161;-544;424;horrible;578##1;1508;670;773;1091;perfect;1017##false;79##true;605##false;1024##7;79||10;102||3;112||6;136||3;181||7;187||2;192||7;248||2;249||9;291||9;361||4;409||7;433||6;439||2;445||1;463||8;470||5;473||3;478||9;499||5;605||6;672||8;675||3;676||9;690||6;784||9;824||2;849||5;926||7;930||2;931||3;949||9;951||9;1076||6;1076||5;1077||10;1083||8;1112||6;1125||1;1127||2;1144||3;1208||7;1217||8;1220||2;1273||10;1275||6;1279||10;1294||6;1297||9;1313##nice##2249069770;1108;1088;50
2248977032;2016-03-25;32;2756149;false;0;992;599;9999##8;24;11##86040272;657||289073734;995||110674485;405||92477990;827||176988393;591##1;176;90;468;11;bad;881##1;1104;730;354;1085;good;1193##false;106##false;783##false;1221##5;106||1;147||8;194||5;215||7;260||6;306||10;310||3;368||6;454||2;498||1;499||3;505||5;653||1;659||7;661||2;783||3;856||10;860||1;862||4;868||6;870||2;870||5;881||4;956||3;1148||4;1152||1;1164||1;1465||1;1749||3;1914||1;1923||4;1929##nice##2248977032;1058;1138;50
2276560503;2016-04-06;33;2756149;false;0;1138;1105;9999##10;20;23##86040272;1062||289073734;999||97548862;1004||92477990;1227||176988393;798##1;806;237;959;853;good;1022##1;1020;342;896;87;bad;971##true;16##false;1110##false;815##7;16||1;125||10;200||10;289||8;311||9;322||6;373||3;397||2;400||5;402||4;430||1;629||7;876||4;927||8;929||9;978||7;985||3;1033||1;1039||5;1110||3;1268||10;1270||5;1272||7;1565||9;1676||5;1686||1;1694||2;1700||2;1966||5;1969||3;1969||1;1970||4;1977##normal##2276560503;1008;993;50
2276682481;2016-04-06;18;2756149;false;1;970;9999;9999##7;19;11##86040272;829||289073734;1609||97548862;712||92477990;750||176988393;944##1;367;321;462;75;bad;696##1;655;321;695;836;good;980##false;169##false;1048##false;964##6;169||1;314||6;367||2;406||9;429||4;434||6;441||1;462||3;524||6;547||2;701||9;741||9;791||10;843||4;848||7;866||6;1011||8;1048||10;1058||9;1068||5;1076||6;1084||8;1121||10;1124||9;1126||7;1130||6;1133##bad##2276682481;958;1043;50
