2903156692
2903034738
2902847580
2902841141
2902639704
2902480830
2902215999
2902193440
2902067614
2901935479
2901546241
2900410744
2900244171
2900041187
2899868494
2899672816
2899561092
2899438605
2899277641
2899199807
2898057696
2897839994
2897669822
2897508853
2897415426
2897407468
2897294037
2897190211
2897155244
2897074199
2897064589
2897061225
2897057724
2855799304
2855649374
2855435364
2855228818
2855199012
2855076213
2855044617
2854916529
2854882560
2854672720
2854583374
2854492745
2854488935
2854477756
2854372437
2854356568
2854352330
2854347733
2852513305
2852455317
2852303205
2852298859
2852293444
2852289749
2852257227
2852132510
2852129667
2852087678
2852072864
2851970277
2851942111
2851917159
2851792825
2851773789
2851769389
2851663125
2851655260
2851634213
2848412039
2848375915
2848160849
2847937012
2849873307
2849755256
2849636859
2849553097
2849458439
2847629338
2847561640
2847499557
2847302419
2847295846
2847184720
2847180111
2910475792
2910381923
2909257353
2909081193
2908789809
2908661095
2908482431
2908415572
2907101323
2906920048
2906720862
2906623518
2906469762
2906400743
2900835880
2900744228
2896502847
2896442533
2896415118
2896268274
2896176937
2896017944
2883299910
2883261222
2883164402
2881277075
2881225937
2881147903
2881075189
2880938977
2880891685
2876456125
2876401628
2876355687
2876283858
2876190009
2876102566
2874166439
2874122448
2873645447
2867313126
2867248508
2867122331
2867082313
2867059377
2866899043
2866803968
2866737613
2865407363
2865355375
2865254289
2865192798
2865187998
2865109136
2865010702
2864957079
2864688459
2863316093
2863254440
2863214069
2863130634
2863093560
2863053784
2862714059
2862612374
2862451528
2861216742
2861176019
2861162002
2861060618
2861008671
2861006545
2860990581
2860934630
2860843855
2860719881
2860481732
2860364617
2858815774
2858766666
2858565269
2858417197
2858296744
2856977455
2856917049
2856714992
2856631941
2856155962
2856006096
2854429564
2854337685
2854225914
2854197474
2854184569
2854131548
2854118527
2854011714
2853884605
2853490585
2910162863
2910160838
2910035838
2909989452
2909956343
2909901417
2909811099
2909768163
2908042419
2908003735
2907926541
2907884628
2907798184
2907758118
2905914536
2905876874
2905798284
2905744939
2903953255
2903914296
2896981595
2896908225
2896713980
2896644819
2894768806
2894723807
2894641729
2894612063
2894520995
2894448084
2892451836
2892423126
2892418797
2890487791
2890467393
2890422560
2890381721
2890309793
2890243156
2910021632
2884321635
2884167941
2884054852
2883749589
2883642981
2882133049
2881964961
2881841250
2881540459
2881447593
2881307600
2881229185
2881143717
2874859028
2874750028
2874661870
2874574677
2874447274
2874399645
2860050176
2859956166
2859816969
2859738730
2859638646
2859597242
2859494506
2857992347
2857921062
2857889756
2857676981
2857592475
2857435834
2857369863
2848129547
2848053078
2847945133
2847753812
2847520490
2847434099
2847337046
2847256008
2898833619
2898766072
2898675647
2896540051
2896477872
2896452681
2896265083
2895808016
2895626038
2895480406
2895263790
2895186890
2893416032
2893297350
2893170323
2893059769
2892880643
2892793694
2892749771
2891245960
2891146128
2890923009
2890835722
2890672917
2890588310
2889067403
2888927298
2888663060
2888569966
2888351368
2888290709
2888261438
2886701914
2886560809
2886397114
2886390051
2886370373
2886231602
2886032793
2885942991
2879994794
2879848882
2879811079
2879698998
2879698687
2879582382
2879570085
2879545672
2879452093
2879450018
2879365916
2879352351
2877655216
2877527302
2877435617
2877303459
2877233331
2877205445
2877126361
2877121679
2875452710
2875296755
2875277415
2875215155
2875201550
2875192015
2875084574
2875001438
2874954575
2874954033
2874890456
2874886020
2874710324
2874688069
2874629195
2874626864
2873258227
2873139009
2873057000
2872955806
2872947875
2872726075
2872704848
2872642341
2872631827
2855734938
2855630123
2855592278
2855548886
2855535955
2855518688
2855356882
2855351872
2855210541
2855199219
2855075753
2855057128
2854997892
2854984190
2854949894
2894201470
2894107017
2893967451
2891913151
2891812312
2890039153
2889933497
2889826686
2889713298
2889611758
2883218922
2883118609
2882995256
2882883654
2882758368
2882663618
2882494736
2880833899
2880758659
2880655218
2880568257
2880436994
2880331610
2878625462
2878430690
2878324926
2878223872
2878110644
2873311349
2873217217
2872934827
2872840052
2872625571
2872557788
2872356307
2872300334
2864954957
2864869665
2864768766
2864647167
2860641055
2860590350
2860561753
2860477668
2858551367
2858524699
2858395990
2858278765
2856635237
2856550666
2856483621
2856473726
2856361850
2856255786
2856145250
2853906928
2853817438
2853597033
2853451399
2853402547
2912673536
2912669765
2912585848
2912548426
2912526011
2912457483
2912445452
2912433371
2912364435
2912361376
2912351690
2912302758
2912240952
2912227197
2912195755
2912153276
2912152161
2912107760
2912048548
2912047092
2912046467
2912003522
2911996447
2911996278
2911941849
2911933046
2911922683
2912747881
2912746911
2912739269
2912725461
2912699756
2912663543
2912641757
2912629111
2912626306
2912617942
2912615764
2912545257
2912531151
2912523653
2912519913
2912518400
2912506915
2912491567
2912445782
2912443486
2912434430
2912430086
2912426934
2912420106
2912396332
2912377707
2912369382
2912360760
2912357375
2912334022
2912296143
2912287226
2912270372
2912256974
2912256312
2912250384
2912193279
2912185649
2912164957
2912158456
2912152621
2912149982
2912112397
2912108909
2912106255
2912102698
2912098914
2912098111
2912063955
2912047290
2912033375
2912031737
2912027206
2912021927
2911990259
2911988779
2911984690
2911981140
2911977377
2911969546
2910897119
2910854001
2910844157
2910830402
2910829515
2910809110
2910779749
2910730833
2910728902
2910728386
2910722089
2910720022
2910719191
2910669208
2910619084
2910611619
2910610456
2910609309
2910587860
2910532283
2910530600
2910527171
2910525152
2910522426
2910519445
2910439663
2910435170
2910434800
2910423797
2910414721
2910406242
2910357991
2910354289
2910349739
2910348933
2910333591
2910325070
2910305373
2910290749
2910282408
2912660033
2912562556
2912437069
2912344560
2911574684
2911498253
2911258370
2911150487
2911119335
2910914478
2910744374
2910607643
2911989406
2911917103
2911861881
2911827780
2911760634
2911707251
2911687871
2909931932
2914925862
2914862113
2914820980
2914766868
2914758496
2914725479
2914640664
2914605091
2914586394
2914550827
2914475405
2914446271
2914388148
2914346387
2914340431
2914286798
2914278717
2914272035
2914193840
2914169535
2914143725
2914098996
2914080941
2914078882
2914026555
2914013128
2913972887
2913969022
2915139767
2914923145
2914830879
2914727353
2914549179
2913621191
2913524282
2913055420
2912905770
2915053760
2914810665
2914672760
2914598448
2914541014
2914455460
2914420952
2914404217
2914391799
2914344517
2914336528
2914322816
2914306895
2914236376
2914233884
2914170458
2914160663
2914157509
2914131399
2914088579
2914084660
2914076265
2914075694
2914221481
2914143420
2914071026
2914020082
2913943596
2913893782
2917131659
2917034964
2916844783
2916790625
2916745666
2916680574
2916674017
2916552825
2916542897
2916492126
2916481440
2916414858
2916408371
2918040504
2917886167
2917751552
2917594466
2917409930
2917275720
2916054136
2915966677
2915857378
2915571417
2915426896
2915257455
2917087356
2916939544
2916825477
2916670126
2916584067
2916500234
2915244353
2916357837
2916300051
2916170283
2916107006
2915320915
2903998839
2889173079
2889155870
2888860130
2885178557
2885087204
2879301795
2879125670
2879038306
2879014429
2875521694
2875352553
2875319230
2875154580
2870878737
2868735610
2864488314
2864248682
2859436941
2855256533
2855118796
2919690822
2919575310
2919438462
2919299870
2919166954
2919101348
2919864733
2919752742
2919624612
2919373248
2919290116
2919197467
2919120816
2919736543
2918636800
2918594411
2918525766
2918452770
2923135801
2923026563
2922949062
2922251123
2922190032
2921929876
2921829170
2921409245
2921306024
2920162336
2923213865
2923084677
2922992396
2921697819
2921572795
2921367354
2921289816
2921281135
2921213889
2921100624
2922552969
2922515847
2922416581
2922370596
2920643930
2920590237
2920564032
2920512320
2920479164
2920466262
2920394109
2925607115
2925586167
2925520486
2925232314
2925131281
2924264075
2924198842
2924097933
2923848443
2923759289
2923635937
2923486601
2923349474
2923256016
2925551833
2925450543
2925276431
2925167755
2925026686
2924937917
2924265161
2924202468
2924119403
2924005211
2923857144
2923617655
2923493087
2923325494
2925225057
2925040060
2924940754
2924491478
2924439312
2924385917
2924332942
2924280287
2930625813
2930548519
2930456403
2930254550
2930064797
2929911267
2929717752
2929457462
2929339617
2929231317
2928405645
2928296293
2928113988
2927955175
2927799177
2927599290
2927549621
2927313529
2927197348
2930381790
2930094467
2929942301
2929852059
2929750462
2928086151
2927664845
2927454818
2927297006
2926158006
2926106234
2925943446
2925844346
2929789223
2929670084
2929468061
2929361668
2927566891
2927421727
2927229494
2927142825
2926110788
2926025514
2925925963
2928515815
2928473511
2926496738
2926455152
2926400951
2932646436
2932445392
2932295320
2932144938
2931948355
2931766674
2931616151
2932308541
2932162384
2931963898
2931830471
2931699076
2931584885
2931450269
2932155442
2932002833
2931812218
2931731104
2931608337
2931428817
2931916981
2931800145
2931741578
2931162652
2935664808
2935558348
2935483337
2935468732
2933791128
2933686452
2933553964
2935809823
2935706515
2935571623
2935481448
2934765584
2934669503
2934588972
2934192355
2934031978
2933839164
2933762291
2933619472
2933526360
2935045630
2935005988
2934921272
2933102125
2933062805
2933014706
2933092997
2932903146
2932890423
2932882162
2932729903
2937493418
2937397690
2935955783
2935816879
2937483886
2937395309
2937024598
2936963295
2936909390
2936870375
2936819899
2936751747
2936745223
2936647834
2936538368
2936465377
2936346246
2936225812
2936097094
2935963848
2940236575
2938566333
2938479702
2940214751
2938963655
2938923627
2938864309
2938797377
2938754915
2938712197
2938693243
2938678335
2938577299
2938474954
2938404464
2938293176
2938142914
2937986860
2937890666
2937718328
2937622175
2938352654
2945698524
2945560051
2945437594
2945426353
2945279574
2945172634
2944989853
2944942953
2944800004
2944582071
2944295702
2944027042
2943687617
2941206071
2941102313
2940942307
2940911046
2940748308
2940685387
2940560214
2940466874
2940441941
2940308182
2940610982
2940356074
2957678674
2957662180
2957578833
2957478966
2957209631
2957038033
2956770468
2956564873
2954462208
2954354659
2954234982
2954118927
2953936233
2953903812
2953853651
2953803333
2953618214
2953347997
2953035892
2952783140
2950387942
2950197847
2950026895
2949911569
2949777215
2949654188
2949570273
2949488785
2949305603
2949039476
2948857919
2948597701
2948348748
2957264676
2957133307
2957117897
2953327083
2953156595
2952988417
2949101716
2948858525
2948586189
2956938261
2949450596
2975540941
2975454784
2975288006
2975141703
2974919250
2974745922
2974542152
2974403760
2974303865
2974171489
2974151846
2974011492
2973954222
2973783723
2973632094
2973348752
2972978607
2972824737
2972634851
2972367043
2972204245
2971868734
2971807068
2971715011
2971578484
2971447386
2971099287
2970960865
2970643286
2970577447
2970416410
2970412970
2969820681
2969276964
2969163445
2968860662
2968747068
2975595380
2975524620
2975393954
2975314149
2975228026
2975046414
2971840251
2968533243
2968434852
2968086029
2967899663
2967735162
2967565653
2965243379
2965124730
2965008239
2964933548
2964834126
2964744195
2964687795
2964553821
2964206813
2964083756
2961672990
2961475540
2961404307
2961299635
2961190336
2961091852
2960936576
2960781646
2960605523
2960389310
2960179704
2958170109
2958055364
2957925369
2957809939
2967880610
2964246548
2964079596
2963908774
2987642896
2987524070
2987413414
2987313759
2987211184
2987084211
2986834561
2986720363
2986617948
2986537078
2986432328
2986341487
2985537145
2985468097
2985292104
2985126328
2984862241
2984744617
2984639741
2984415242
2984356176
2983965240
2983931333
2983844150
2983786347
2983671569
2983571441
2983467479
2983344621
2983258686
2983222528
2983122292
2983105664
2983006157
2982876027
2982735894
2982462454
2982353761
2982194455
2982142868
2981833288
2981775771
2981603045
2981471982
2981368042
2981100686
2981092405
2980900253
2980876773
2980356827
2979953656
2979825842
2979737413
2979474191
2979381128
2979097192
2979022392
2978869552
2978764318
2978346983
2978221218
2978066219
2977942296
2977907901
2977741688
2977712951
2977280066
2977118488
2976515921
2976385447
2976083678
2975926730
3002264249
3002208064
3002149057
3000470960
3000445781
3000392744
3000335007
3000283640
3000212480
2998503111
2998457230
2998331898
2998267500
2996533153
2996459060
2996351487
2996231157
2996126655
2994598672
2994535806
2994454005
2994272179
2994154401
2992217489
2992096687
2991714067
2991607520
2996369926
2996284130
2996187887
2995983959
2995849940
2994783634
2994731712
2994658278
2994643113
2994582204
2994362207
2994271170
2994156674
2994071101
2993918338
2992561442
2992490252
2992440348
2992344935
2992254380
2992074431
2991926227
2991827866
2991536857
2991426553
2990098074
2990045419
2989983776
2989923124
2989854774
2989649323
2989528495
2989360031
2989101259
2988704822
2988609800
2988397066
2988308823
3001656145
3001543467
3001338560
3001258873
2999737824
2999617933
2999418594
2999322324
2997793593
2997703501
2997688362
2997489989
2997416827
2995935151
2995828384
2995599563
2995514811
2993854519
2993658332
2993499635
2991445403
2991303590
2991134529
2991020827
3002223583
3002098550
3001709107
3001504153
3001279459
3001212233
3001048126
3000967582
3000367051
3000317505
3000239363
3000020100
2999919744
2999684669
2999569127
2998352983
2998290810
2998001565
2997921628
2997803884
2997480997
2997361751
2997246746
2997158134
2996537252
2996481267
2996411136
2996290043
2996205155
2996099407
2996063127
2995873548
2995322168
2995241098
2995385981
2995383371
