2439240427;2016-06-16;27;2791077;false;1;1188;9999;9999;perky pepperonis;2788413;KOD League Season 2;4613;4##27;29;58##120555439;1254;3||86750050;1008;1||35553869;1302;4||38100230;1382;3||103099205;1216;2##1;466;585;576;perfect;perfect;847##1;1097;384;722;horrible;horrible;927##true;-38##true;381;1.2;0.8##false;804##2;-38||4;57||1;223||5;252||9;259||3;264||5;330||3;367||6;373||5;381||8;416||6;417||3;418||2;423||8;491||2;655||1;714||6;740||10;751||9;754||2;913||3;919||9;923||2;932||4;988||7;1023||6;1040||5;1052||8;1062||4;1081||10;1147||6;1158||4;1174||3;1174||7;1199||1;1204||6;1206||2;1212||2;1337||6;1347||10;1357||4;1449||1;1455||2;1469||3;1487||5;1542||7;1548||5;1555||6;1559||10;1566||9;1570||8;1576##H##2439240427;1000;900;50;1000;1000
2439190716;2016-06-16;27;2791077;false;0;906;9999;9999;perky pepperonis;2788413;KOD League Season 2;4613;4##5;20;12##120555439;573;3||35553869;911;4||86750050;943;1||38100230;602;3||103099205;742;2##1;1115;368;680;bad;bad;1044##1;1333;284;723;good;good;1302##false;185##false;1408;0.1;0.4##false;891##4;185||2;247||2;337||7;408||2;493||2;1088||4;1089||8;1099||5;1108||5;1116||7;1198||1;1348||1;1408||2;1416||3;1448||4;1457||5;1469||1;1469||8;1472||2;1474||7;1474||1;1598||4;1610||6;1619##ML##2439190716;950;950;50;950;1050
2461860027;2016-06-25;25;2791077;false;0;857;9999;9999;Digital Chaos;2512249;The International 2016;4664;1##9;28;21##120555439;855;3||86750050;747;1||35553869;498;4||38100230;775;3||103099205;413;2##1;0;367;599;horrible;good;755##1;1551;707;862;perfect;bad;1223##true;114##false;760;0.7;1.1##true;1391##10;114||5;140||7;343||3;346||3;418||5;446||2;489||6;489||4;607||1;616||6;703||2;753||4;755||5;760||8;859||7;885||5;896||6;900||1;919||3;956||2;1026||4;1030||4;1122||9;1126||2;1127||3;1135||4;1238||3;1254||1;1260||10;1294||4;1304||3;1415||5;1477##ML##2461860027;900;2500;50;1000;1525
2461742564;2016-06-25;22;2791077;false;1;719;9999;9999;Evil Geniuses;39;The International 2016;4664;1##4;42;15##120555439;409;3||86750050;337;1||35553869;306;4||38100230;701;3||103099205;749;2##1;268;247;520;horrible;horrible;526##1;769;382;825;perfect;perfect;951##false;87##false;581;0.4;1.9##true;9999##8;87||8;189||7;250||8;251||8;405||6;419||6;466||8;473||4;497||8;578||7;581||2;642||9;685||8;696||7;703||6;709||9;731||8;748||6;767||4;768||1;771||9;827||8;833||7;914||9;960||6;1031||9;1037||8;1042||8;1079||7;1090||6;1107||10;1138||7;1138||8;1166||9;1198||8;1212||6;1220||10;1230||9;1237||7;1237||6;1261||7;1283##ML##2461742564;850;800;50;976;1103
2461554668;2016-06-25;21;2791077;false;1;634;9999;9999;compLexity Gaming;3;The International 2016;4664;1##3;23;6##120555439;488;3||86750050;544;1||35553869;683;4||38100230;606;3||103099205;508;2##1;0;172;587;horrible;good;736##1;1441;286;819;perfect;bad;1081##true;165##false;824;0.2;1.1##false;1201##1;165||7;213||6;262||7;296||8;384||7;410||6;542||8;723||9;727||4;751||10;824||8;824||6;846||9;920||8;931||6;968||10;977||1;1091||6;1097||6;1206||10;1213||9;1222||9;1265##ML##2461554668;800;850;50;929;1014
2464053242;2016-06-26;30;2791077;false;1;603;749;9999;Void Boys;1884355;The International 2016;4664;1##7;33;20##120555439;680;3||86750050;613;1||35553869;833;4||38100230;615;3||103099205;1324;4##1;0;120;546;horrible;good;764##1;1601;431;778;perfect;bad;1200##true;159##false;752;0.2;1.4##false;1391##5;159||2;228||6;289||9;293||10;319||10;585||8;636||9;645||10;655||7;667||6;750||8;752||10;757||9;767||9;896||6;897||10;927||7;983||3;990||6;1113||8;1127||8;1409||3;1453||4;1455||8;1458||7;1463||5;1464||7;1543||6;1547||9;1573||8;1574||1;1598||6;1601||3;1603||7;1605||10;1745||8;1745||9;1788##ML##2464053242;750;1100;50;880;1100
2464341147;2016-06-26;26;2791077;false;0;1144;9999;9999;DrinkingBoys;2310555;The International 2016;4664;1##11;31;16##120555439;918;3||86750050;681;1||35553869;1044;4||38100230;725;3||103099205;230;2##1;345;319;714;normal;good;815##1;1508;300;595;normal;bad;972##false;72##false;701;0.9;1.3##false;1378##10;199||6;234||7;290||3;308||10;317||2;352||9;353||6;381||4;388||1;392||3;405||10;526||6;536||4;552||4;694||5;701||5;811||4;821||10;889||2;889||4;890||3;896||1;914||4;1019||1;1026||7;1028||5;1031||2;1032||3;1035||5;1193||2;1196||1;1334||8;1407||3;1488||6;1499||4;1505||5;1519||1;1527##L##2464341147;700;900;50;839;827
2463943541;2016-06-26;25;2791077;false;1;703;9999;9999;FriendshipDedicationLove;2677025;The International 2016;4664;1##9;19;18##120555439;832;3||86750050;1078;1||35553869;858;4||38100230;772;3||103099205;543;2##1;0;72;623;bad;good;830##1;1534;322;807;good;bad;1226##true;69##false;1259;0.1;0.4##true;646##2;69||7;321||8;655||8;802||6;859||6;1022||10;1024||9;1036||5;1114||4;1120||10;1122||1;1123||3;1128||3;1247||6;1253||8;1259||3;1310||8;1377||7;1392||9;1394||10;1396||10;1412||6;1417##ML##2463943541;650;1100;50;789;944
2473038079;2016-06-30;30;2791077;false;1;942;1052;9999;Unknown Team;2884142;KOD League Season 2;4613;4##11;24;30##120555439;786;3||183277622;871;1||86850560;1100;3||35553869;1005;4||103099205;668;2##1;374;281;678;bad;bad;858##1;1200;310;788;good;good;1181##false;230##false;976;0.6;0.9##false;1138##10;230||5;288||2;347||3;436||10;442||3;556||6;704||7;711||8;715||9;723||6;807||4;833||5;844||6;848||8;861||6;976||4;977||7;984||9;1115||6;1180||10;1205||5;1205||4;1214||8;1352||5;1354||7;1367||3;1398||5;1400||3;1598||4;1601||5;1755||7;1766||8;1775||10;1780||4;1781||6;1788||5;1798||6;1813##L##2473038079;600;950;50;901;911
2473011558;2016-06-30;23;2791077;false;0;1474;9999;9999;Unknown Team;2884142;KOD League Season 2;4613;4##13;25;24##103099205;400;2||183277622;870;1||35553869;1178;4||120555439;1055;3||38100230;741;3##1;1035;207;794;normal;horrible;1008##1;1541;300;685;normal;perfect;890##false;46##true;870;1.0;0.9##false;804##3;46||2;154||7;215||7;290||4;291||2;293||2;331||10;450||1;500||7;527||4;537||6;632||8;639||7;749||2;756||1;761||6;853||8;855||9;870||4;982||1;994||3;998||5;1005||2;1014||1;1065||4;1067||8;1130||3;1222||9;1235||2;1238||1;1277||4;1323||1;1383##L##2473011558;550;1000;50;852;960
