2061052871;2016-01-07;43;2621843;true;1;984;1866;9999##27;31;59##89137399;1024||132851371;1074||250114507;1397||91064780;710||86785083;1666##1;1176;511;480;-474;400;986##true;76##false;1526##true;767##1;76||4;102||8;256||3;259||8;347||9;356||6;363||10;372||6;781||5;781||9;782||4;977||7;1080||8;1101||9;1171||2;1227||4;1248||3;1254||5;1260||3;1327||1;1459||4;1526||9;1529||3;1530||2;1530||8;1539||5;1546||4;1548||1;1577||4;1671||8;1679||5;1753||2;1807||9;1813||6;1814||7;1817||10;1844||6;2031||9;2031||3;2031||2;2043||4;2046||7;2048||1;2050||5;2078||7;2213||6;2213||5;2215||3;2241||4;2249||10;2256||3;2385||9;2426||6;2448||7;2456||10;2460||8;2464||9;2539||6;2577||8;2581||10;2582||5;2598##2061052871;1000;1047;47
2061779096;2016-01-07;38;2621843;true;1;990;1067;9999##39;23;103##89137399;1115||132851371;1069||250114507;1474||91064780;1332||86785083;2001##1;331;804;-351;-489;-170;787##false;165##false;858##false;742##6;126||10;165||9;382||9;405||9;511||3;531||7;534||1;634||7;638||9;644||4;649||6;654||8;847||1;852||5;857||7;858||2;861||3;865||5;868||4;1042||7;1044||3;1046||1;1051||8;1170||1;1252||3;1268||4;1280||9;1288||1;1294||7;1295||6;1300||3;1492||4;1506||5;1517||1;1519||5;1532||2;1535||6;1573||4;1632||8;1633||6;1640||3;1641||1;1644||9;1647||5;1650||2;1659||2;1838||1;1933||4;1939||7;1954||9;1955||3;1960||5;1962||2;1964||3;2080||1;2084||7;2089||4;2093||5;2094||4;2111||3;2117||1;2292||4;2293||3;2293||5;2310##2061779096;1047;951;44
2060759290;2016-01-07;67;2621843;false;0;952;1353;1267##27;46;54##89137399;963||132851371;521||250114507;1016||91064780;921||86785083;1073##1;810;611;536;48;230;1281##true;0##false;958##true;1218##9;0||1;1||1;164||2;235||7;240||4;247||6;340||9;453||10;507||3;519||6;585||2;588||10;622||4;733||3;737||2;751||3;860||6;863||2;958||9;960||5;962||4;969||8;1174||10;1248||4;1442||10;1445||7;1572||3;1573||5;1577||6;1580||8;1815||1;1817||4;1818||9;1820||1;2026||6;2029||10;2326||2;2378||8;2378||5;2379||4;2388||4;2641||3;2642||6;2643||2;2643||1;2649||5;2658||5;2667||1;2860||9;2970||5;3021||5;3244||1;3255||4;3255||2;3256||3;3263||5;3267||1;3603||3;3613||4;3639||6;3687||2;3695||1;3703||9;3704||6;3726||5;3956||2;3960||1;3966||3;3971||6;3973||5;3981||5;4020||10;4034||9;4043||1;4050||2;4053##2060759290;1091;1000;45
2061649074;2016-01-07;39;2621843;true;0;915;1177;9999##16;9;29##89137399;1090||132851371;1108||250114507;1102||91064780;1018||86785083;1294##1;301;420;567;49;-70;1320##false;131##true;1579##false;1119##4;131||9;259||6;322||2;372||3;769||9;853||6;854||8;862||7;883||10;990||2;991||5;1369||3;1422||10;1524||6;1536||8;1579||1;1775||7;1783||4;1818||8;1945||10;2278||3;2285||9;2285||6;2294||8;2339##2061649074;1046;864;39
2060930836;2016-01-07;37;2621843;true;1;877;1606;9999##38;23;70##89137399;731||132851371;1402||250114507;1556||91064780;1464||86785083;1323##1;733;598;-48;-22;-70;822##false;139##false;1134##true;866##10;139||5;297||4;323||8;324||9;354||8;374||9;394||5;550||9;648||4;655||2;663||6;673||1;679||2;950||9;958||8;965||2;1122||9;1123||1;1131||8;1134||7;1149||2;1246||4;1309||9;1320||8;1324||3;1367||2;1374||5;1378||9;1439||10;1451||6;1455||2;1455||1;1462||5;1575||2;1689||1;1695||6;1748||2;1752||5;1760||1;1763||2;1767||3;1776||8;1834||7;1914||9;1926||5;1958||4;2086||5;2096||2;2099||3;2103||6;2104||4;2137||5;2139||7;2168||2;2184||1;2225||6;2240||5;2242||4;2248||1;2251||3;2253||10;2254||2;2257##2060930836;1085;954;43
2060683250;2016-01-07;18;2621843;true;1;1646;9999;9999##11;7;20##89137399;1502||132851371;1746||250114507;1641||91064780;1470||86785083;1113##1;2278;213;459;448;-300;846##false;60##true;1071##true;593##8;60||9;182||8;223||10;257||2;267||6;285||3;291||1;702||8;706||2;750||4;750||10;924||5;934||9;955||4;957||1;962||5;1047||2;1071||1;1077##2060683250;1128;1045;55
2063137269;2016-01-08;50;2621843;true;0;1063;1325;1196##31;20;50##89137399;785||132851371;1547||250114507;1401||91064780;919||86785083;1352##1;704;589;110;614;270;1145##true;133##true;1105##true;1141##6;133||9;135||5;221||9;258||4;357||10;359||1;376||9;400||7;470||3;667||9;711||4;713||9;851||8;1098||10;1105||1;1155||4;1171||1;1276||4;1279||9;1283||7;1290||2;1296||8;1301||3;1311||5;1340||8;1469||9;1473||7;1482||1;1542||10;1570||6;1808||8;1813||7;1976||3;2083||1;2206||10;2206||5;2209||8;2210||7;2215||4;2222||9;2222||2;2521||3;2532||4;2534||8;2617||4;2879||7;2924||8;2929||9;2936||6;2938||6;2985||8;2999||7;3001##2063137269;1183;1134;47
2063054781;2016-01-08;19;2621843;true;1;1446;9999;9999##20;7;32##89137399;1319||132851371;1715||250114507;1334||91064780;1111||86785083;933##1;296;636;1180;1215;270;863##true;94##true;697##true;4##5;94||3;106||1;312||3;317||10;467||5;483||10;531||2;544||8;591||4;629||1;689||4;693||3;697||5;798||1;806||8;862||10;866||7;875||7;883||6;918||3;921||5;940||1;949||4;1150||3;1155||2;1161||5;1167||1;1170##2063054781;1230;1135;54
2067086468;2016-01-09;35;2621843;false;0;1348;1202;9999##20;25;40##89137399;1177||132851371;958||250114507;1114||91064780;941||86785083;1269##1;817;549;501;759;270;1053##true;129##true;856##true;940##6;129||7;215||1;216||5;270||8;274||8;438||4;536||10;691||8;712||6;713||4;812||6;822||7;831||5;854||8;856||3;860||1;874||10;902||8;912||3;989||6;1003||4;1058||8;1088||2;1094||6;1095||4;1235||1;1239||2;1249||3;1251||1;1381||1;1510||4;1515||2;1527||8;1575||6;1581||8;1861||6;1867||1;1894||3;1894||1;2024||3;2026||3;2083||1;2085||10;2089||2;2093||4;2094||2;2125##2067086468;1284;1480;42
2065960306;2016-01-09;47;2621843;false;0;947;1058;857##9;26;18##89137399;465||132851371;850||250114507;1139||91064780;680||86785083;697##1;659;536;431;-2025;-130;1244##false;254##false;2162##false;830##2;254||4;485||3;495||7;504||9;630||4;967||10;1080||4;1082||10;1088||9;1294||1;1303||4;1306||3;1311||6;1680||4;2010||1;2154||4;2162||3;2169||5;2189||1;2232||9;2394||5;2486||4;2491||5;2539||3;2540||2;2546||6;2561||9;2700||1;2700||4;2706||6;2713||3;2750||5;2756||2;2763||1;2803||4;2816##2065960306;1242;1047;40
2066144864;2016-01-09;35;2621843;true;1;1128;1716;9999##13;2;30##89137399;841||132851371;1335||250114507;1516||91064780;595||86785083;1219##1;1423;356;811;379;70;1505##false;183##true;1752##true;639##9;183||1;188||1;463||2;598||4;963||3;998||1;1007||2;1015||1;1227||4;1603||2;1752||9;2076||5;2083||3;2086||1;2092##2066144864;1202;1087;44
2066888438;2016-01-09;59;2621843;false;1;933;1140;1036##28;31;48##89137399;816||132851371;1045||250114507;1108||91064780;746||86785083;1130##1;372;292;327;-253;350;1287##true;29##false;1163##true;993##1;29||9;171||9;334||3;341||6;400||4;409||7;443||2;505||2;576||4;637||3;643||3;886||7;892||9;902||8;905||6;914||7;1158||9;1163||6;1174||3;1176||10;1195||8;1417||5;1615||1;1621||2;1644||3;1716||4;1722||9;2001||4;2324||1;2360||6;2427||7;2434||9;2439||7;2442||8;2450||1;2588||7;2598||3;2609||6;2612||8;2625||10;2671||1;2864||3;2866||9;2875||5;2897||10;3117||1;3260||4;3261||5;3268||2;3275||7;3352||3;3470||1;3471||6;3471||2;3502||7;3504||6;3506||10;3530||9;3537||9;3552##2066888438;1246;1517;39
2065765933;2016-01-09;67;2621843;true;1;1017;1114;1351##20;17;29##89137399;558||132851371;1706||250114507;1043||91064780;555||86785083;934##1;1208;824;930;-1774;30;1871##true;359##false;2001##true;1133##1;359||7;359||9;363||8;382||10;698||9;719||6;720||3;847||5;856||2;879||8;945||9;1574||1;1932||7;1994||1;1999||6;2001||8;2005||7;2013||9;2013||6;2200||2;2622||10;2899||1;2901||2;2903||4;2903||6;2904||9;2940||9;3217||2;3325||2;3682||3;3682||5;3684||4;3685||1;3687||7;3962||4;3991||1;3996||2;3997||5;4009##2065765933;1207;1043;21
2069609831;2016-01-10;34;2621843;true;1;1357;1405;9999##24;8;40##89137399;865||132851371;1809||250114507;1222||91064780;843||86785083;1222##1;1232;362;301;182;-100;1096##false;-25##false;1249##true;888##9;25||5;43||5;131||4;166||5;280||8;318||8;436||2;463||4;487||1;497||6;514||2;849||8;906||10;913||8;917||9;928||4;985||8;1068||4;1138||5;1249||4;1249||1;1253||2;1280||4;1422||3;1434||4;1666||4;1916||2;1928||1;1933||3;1937||5;1941||2;2037||4;2047||5;2058##2069609831;1228;1099;52
2069724674;2016-01-10;31;2621843;true;0;1018;1986;9999##27;20;57##89137399;1144||132851371;1407||250114507;1909||91064780;1392||86785083;1340##1;1481;171;305;99;180;981##false;448##true;1240##true;909##10;248||1;448||4;523||9;529||4;610||3;660||6;775||4;786||8;788||10;790||2;792||9;796||7;803||8;919||1;931||5;973||10;1197||8;1223||5;1239||9;1240||3;1255||1;1262||9;1326||2;1346||4;1360||10;1363||1;1363||10;1477||8;1485||9;1499||7;1506||10;1627||7;1637||4;1640||3;1647||8;1654||9;1664||9;1675||10;1687||3;1695||2;1701||1;1704||4;1725||9;1835||8;1850||7;1856||10;1859||7;1873||2;1883##2069724674;1280;1093;41
2077552827;2016-01-14;40;2621843;false;1;776;1276;9999##23;49;34##89137399;756||132851371;926||91064780;869||250114507;870||86785083;1217##1;152;466;-150;-393;-170;901##false;128##false;697##true;987##6;128||9;160||1;194||7;208||8;299||9;373||8;383||2;397||10;416||7;483||6;491||1;498||5;504||7;697||8;725||2;826||10;836||9;837||7;845||1;850||6;853||8;860||1;933||5;946||3;949||8;1003||6;1004||9;1007||4;1008||10;1035||3;1105||8;1245||9;1278||10;1279||8;1306||5;1430||6;1431||9;1434||4;1434||8;1460||7;1669||8;1680||5;1680||4;1745||2;1747||8;1756||1;1766||5;1771||8;1871||5;1917||8;1995||6;2002||9;2015||7;2030||10;2032||7;2042||8;2050||6;2083||1;2086||9;2096||3;2116||2;2221||9;2265||8;2270||7;2289||10;2315||8;2341||9;2361||6;2364||10;2367||1;2374||7;2388||8;2414##2077552827;1321;1032;35
2128285457;2016-02-04;41;2621843;false;1;1162;1242;9999##36;55;70##86785083;1364||132851371;1297||89137399;1255||91064780;1010||250114507;1187##1;62;363;-641;370;230;1030##true;-2##false;368##false;943##1;2||7;1||10;7||2;8||9;15||10;93||10;121||1;134||5;164||9;206||5;206||2;216||8;298||9;304||10;346||3;351||1;352||6;368||9;375||5;385||10;431||1;438||9;439||8;517||7;538||9;616||5;630||8;674||9;686||6;690||6;780||4;782||9;794||2;802||1;824||8;829||3;850||9;885||7;904||8;948||10;951||9;954||6;964||1;1055||8;1055||9;1062||3;1065||6;1091||2;1129||9;1130||7;1138||8;1139||6;1151||2;1247||9;1256||4;1257||5;1258||1;1280||5;1353||4;1365||10;1370||2;1379||9;1461||1;1462||10;1465||8;1465||9;1640||4;1647||8;1667||1;1683||7;1687||2;1689||5;1690||9;1726||6;1776||4;1778||5;1779||2;1790||3;1796||1;1803||8;1912||7;1918||10;2045||2;2193||3;2204||9;2240||10;2337||6;2339||7;2346||5;2347||9;2347||8;2466||6;2498||5;2502||9;2503##2128285457;1286;1067;39
2128381185;2016-02-04;53;2621843;false;1;973;970;990##22;47;44##86785083;1456||132851371;1300||250114507;831||91064780;759||89137399;650##1;412;102;-454;-624;-170;1060##false;92##false;625##false;944##9;92||10;165||9;211||10;356||3;357||9;362||8;368||1;383||5;398||10;534||8;536||9;538||8;625||9;633||10;640||10;697||5;710||2;724||6;727||3;732||9;735||1;750||5;812||10;840||3;850||7;907||9;1067||10;1124||3;1215||6;1224||3;1226||2;1235||9;1278||10;1280||2;1321||4;1343||6;1409||3;1531||10;1557||8;1557||9;1560||10;1672||9;1673||7;1679||6;1700||6;1708||9;2007||10;2018||9;2158||2;2160||1;2163||4;2188||3;2204||1;2445||10;2459||8;2467||6;2471||9;2471||8;2479||7;2831||2;2831||10;2845||8;2846||10;2990||9;3032||4;3129||9;3135||10;3138||7;3143||6;3173||5;3214||7;3215##2128381185;1247;1106;43
2130818462;2016-02-05;34;2621843;true;0;1188;1757;9999##32;16;58##250114507;1333||132851371;1861||91064780;1728||89137399;1038||86785083;911##1;1527;57;15;790;-200;1226##false;71##true;907##true;1078##5;71||8;188||1;188||8;305||9;386||4;485||3;562||6;581||9;676||5;721||6;763||10;788||8;805||1;809||7;820||6;824||10;906||8;907||9;963||7;979||6;995||4;1133||7;1138||8;1140||6;1160||9;1391||8;1415||5;1617||6;1627||1;1628||3;1629||2;1641||1;1734||8;1749||3;1750||6;1750||4;1757||5;1768||7;1769||9;1774||6;1985||9;1985||10;1993||8;2040||7;2050||9;2053||6;2059||1;2062||7;2063||8;2070||10;2077##2130818462;1204;886;32
2130751109;2016-02-05;18;2621843;true;1;1018;9999;9999##15;3;24##250114507;1641||132851371;1093||89137399;1195||91064780;1424||86785083;1081##1;1241;677;885;890;270;1157##true;164##true;1028##true;922##4;164||4;215||7;359||9;368||4;378||7;454||4;793||2;941||3;942||1;944||4;951||5;1021||1;1028||4;1070||2;1073||1;1109||5;1109||3;1111##2130751109;1236;934;42
2140619101;2016-02-09;18;2621843;true;0;1584;9999;9999##31;13;78##89137399;1444||132851371;1685||250114507;1827||91064780;2731||86785083;2386##1;1037;938;385;1115;-100;888##false;10##true;493##true;912##4;10||6;15||3;18||9;27||7;36||9;220||6;224||3;228||7;230||10;300||4;325||8;381||7;389||1;404||3;405||7;493||6;609||8;613||10;615||7;616||9;620||4;710||2;765||8;766||10;767||9;773||4;773||7;776||6;811||1;823||7;885||10;902||6;904||8;905||9;912||6;1014||7;1082||2;1083||4;1083||9;1083||5;1089||6;1090||1;1094||10;1095||8;1097||9;1102##2140619101;1278;792;22
2140559679;2016-02-09;22;2621843;true;0;956;9999;9999##21;21;43##89137399;1372||132851371;1326||250114507;1391||91064780;1321||86785083;1088##1;1251;418;-522;-514;-300;724##false;-31##false;592##true;829##3;31||5;48||5;205||1;243||2;309||10;316||8;324||2;386||10;445||2;480||1;499||3;523||1;592||2;613||6;615||5;624||3;734||5;748||4;758||2;775||7;783||8;796||5;871||8;890||9;892||4;941||2;944||7;954||10;967||1;968||6;1015||7;1019||9;1028||10;1183||6;1185||8;1192||9;1203||6;1292||10;1298||3;1300||9;1302||8;1307##2140559679;1300;770;20
2147422945;2016-02-12;25;2621843;false;0;851;9999;9999##15;22;24##89137399;998||132851371;1196||250114507;998||91064780;925||86785083;1209##1;129;528;-339;-53;-170;965##false;134##false;1137##true;1177##5;134||4;187||3;283||4;401||10;611||6;620||8;637||5;745||4;745||1;750||7;752||4;797||6;874||8;897||10;899||4;915||9;1029||4;1035||4;1137||6;1138||7;1141||8;1144||6;1186||3;1194||1;1209||3;1213||10;1213||4;1215||5;1219||8;1271||1;1338||4;1338||3;1340||2;1343||8;1347||2;1494||4;1499||3;1504##2147422945;1320;984;42
2147504037;2016-02-12;28;2621843;false;1;1211;9999;9999##16;20;31##89137399;1309||132851371;957||250114507;1175||91064780;979||86785083;699##1;433;565;677;535;270;963##true;103##true;880##false;1323##4;103||5;146||5;195||4;330||5;331||10;469||2;482||9;491||1;503||3;503||5;584||8;616||7;672||10;682||9;765||8;769||2;880||9;886||1;891||5;898||8;900||3;901||1;1082||3;1105||9;1264||7;1279||8;1493||6;1495||5;1554||10;1579||7;1649||6;1659||10;1675||9;1685||7;1718||6;1724##2147504037;1278;1026;37
2179855075;2016-02-26;31;2621843;false;0;803;934;9999##11;25;19##89137399;993||132851371;517||250114507;786||91064780;1357||86785083;1038##1;216;494;-206;-68;-100;880##false;0##false;546##false;1050##2;0||6;3||7;299||4;313||8;336||7;343||1;346||3;346||4;347||2;395||4;444||3;487||8;502||1;513||4;546||9;560||4;621||5;687||7;730||2;785||1;808||3;822||7;903||9;952||2;1013||4;1138||2;1169||1;1425||9;1457||8;1460||3;1465||2;1568||2;1746||1;1827||5;1827||4;1832##2179855075;1241;1289;57
2180068537;2016-02-26;41;2621843;false;1;1115;973;9999##21;33;35##89137399;769||132851371;1330||250114507;798||91064780;1005||86785083;796##1;338;501;-456;560;-70;1340##false;99##false;780##false;1007##8;99||2;211||8;213||5;243||4;339||8;384||8;430||5;477||5;562||7;571||1;618||9;621||3;630||7;634||8;645||1;687||7;690||2;700||5;753||4;780||9;784||6;792||8;799||3;877||8;879||1;1044||10;1109||5;1180||10;1339||6;1415||8;1423||4;1424||7;1428||9;1434||8;1465||2;1850||9;1980||2;1995||4;1996||6;2118||8;2127||3;2129||10;2130||9;2131||9;2244||7;2354||6;2378||9;2390||4;2390||8;2483||2;2483||6;2486||9;2489||10;2490||3;2505##2180068537;1184;1346;43
2178661580;2016-02-26;36;2621843;false;0;743;1001;9999##16;32;29##89137399;497||132851371;1410||250114507;734||91064780;841||86785083;853##1;179;308;-710;-246;-170;1142##false;122##false;791##false;760##1;122||5;207||3;216||4;304||3;427||9;436||1;438||8;445||6;498||8;636||1;636||3;636||6;646||2;651||9;790||3;791||1;791||5;801||7;970||5;971||4;971||10;974||5;1113||1;1137||9;1141||7;1142||8;1146||4;1161||2;1167||6;1178||5;1513||10;1688||5;1691||4;1696||1;1704||3;1713||10;1889||1;1891||2;1894||3;1901||4;1904||5;1906||8;1951||6;2039||3;2174||1;2174||4;2175||2;2179##2178661580;1141;1113;48
2178970934;2016-02-26;32;2621843;true;1;1183;1916;9999##30;11;52##89137399;1060||132851371;1726||250114507;1185||91064780;1734||86785083;1981##1;1133;406;1037;964;400;1020##true;2##true;953##true;1004##1;2||1;269||2;352||9;352||5;360||1;394||9;405||10;407||8;452||1;453||4;466||3;476||1;593||1;953||2;958||9;1004||6;1012||8;1019||1;1022||9;1029||9;1168||1;1173||5;1180||3;1184||2;1190||4;1303||2;1306||5;1309||2;1426||4;1569||2;1583||5;1690||2;1732||8;1739||6;1747||4;1771||1;1775||9;1778||7;1787||2;1937||1;1939||3;1949||4;1950##2178970934;1093;748;33
2179624943;2016-02-26;54;2621843;true;1;1184;1547;1177##44;32;80##89137399;815||132851371;1664||250114507;1489||91064780;972||86785083;1305##1;1071;375;207;-147;30;1508##false;106##false;823##true;1159##9;106||5;131||9;274||5;302||10;352||7;382||9;449||3;519||9;547||8;556||6;640||2;666||6;702||4;702||10;707||5;713||7;823||5;841||10;842||3;846||8;847||9;862||2;886||10;918||9;919||6;948||9;987||9;1111||3;1115||4;1118||2;1120||1;1126||9;1203||6;1245||1;1254||2;1255||8;1291||4;1313||9;1479||3;1551||1;1643||9;1653||9;1725||2;1762||2;1893||4;1951||4;2023||8;2031||2;2045||2;2136||8;2172||2;2323||2;2332||8;2353||6;2369||9;2414||7;2479||2;2483||3;2487||9;2511||5;2529||4;2537||1;2752||1;2906||3;2939||7;2940||2;2956||1;3016||8;3069||5;3089||4;3091||2;3131||1;3137||6;3167||3;3172||3;3223||1;3273||4;3276||2;3276||5;3283##2179624943;1126;1368;39
2178739661;2016-02-26;44;2621843;false;1;758;1113;9999##27;31;53##89137399;715||132851371;1053||250114507;1224||91064780;945||86785083;977##1;168;482;350;231;30;894##false;125##true;1088##true;2223##8;125||4;132||6;134||4;371||5;385||6;451||6;532||4;644||10;837||5;840||9;840||7;844||9;896||2;904||3;1001||6;1004||5;1086||1;1087||2;1088||9;1115||10;1137||6;1146||1;1218||9;1234||2;1246||2;1356||6;1388||1;1394||6;1504||2;1508||9;1516||4;1516||1;1521||8;1524||1;1684||6;1694||9;1708||2;2053||10;2057||4;2057||5;2077||9;2141||2;2157||6;2158||5;2160||4;2161||3;2181||10;2182||8;2533||6;2556||9;2585||7;2595||2;2597||5;2600||8;2609||10;2643||6;2649||7;2651##2178739661;1165;1201;48
2179222246;2016-02-26;28;2621843;true;1;2005;9999;9999##23;10;35##89137399;905||132851371;1242||250114507;2058||91064780;1390||86785083;1095##1;1957;14;801;1006;400;1180##true;62##true;879##true;-1##4;62||3;164||3;249||4;253||6;272||4;318||2;326||9;333||2;398||7;674||4;726||9;799||4;800||3;808||1;879||2;1018||5;1144||3;1149||5;1291||8;1465||6;1465||1;1495||3;1499||9;1502||4;1520||5;1524||4;1552||1;1553||7;1686||6;1686||10;1690||2;1691||9;1695||1;1708||5;1709##2179222246;1117;695;25
2192088670;2016-03-02;34;2621843;false;0;817;782;9999##9;35;21##89137399;946||132851371;744||250114507;572||91064780;1130||86785083;864##1;191;387;-195;-241;100;947##true;123##false;793##true;955##7;123||1;147||3;204||3;304||6;452||1;537||8;625||6;630||4;653||2;666||5;676||8;758||4;769||9;783||2;784||3;784||5;793||5;863||4;872||3;881||8;975||5;980||3;988||5;1096||4;1110||3;1148||4;1370||1;1375||3;1377||5;1556||9;1556||10;1557||4;1561||2;1576||1;1670||2;1670||3;1673||5;1681||2;1788||3;1861||5;2006||4;2037||1;2037||3;2043||2;2051##2192088670;1142;1300;51
2225030620;2016-03-15;28;2621843;true;0;816;9999;9999##23;16;49##89137399;925||26316691;1250||250114507;1280||91064780;1739||86723143;1587##1;992;699;376;-414;-130;953##false;263##false;1004##false;1008##5;263||4;345||3;395||7;557||4;602||5;622||3;660||7;666||9;674||3;771||4;782||6;789||2;791||1;1004||8;1010||9;1013||7;1014||5;1016||8;1021||2;1083||7;1085||9;1097||4;1207||2;1215||10;1253||10;1428||3;1435||6;1439||4;1533||9;1533||10;1534||6;1536||7;1542||8;1547||2;1597||7;1606||2;1610||5;1610||9;1619||6;1639||9;1653||7;1674||8;1683##2225030620;1091;1112;49
