1897532328
1897861905
1897311736
1899675778
1899380119
1899850056
1900046746
1899521370
1901428136
1901927995
1901511818
1901799577
1901711932
1907055118
1907275614
1906861533
1907594589
1907429060
1924058157
1924109491
1923909329
1923741910
1923642959
1923977220
1927929201
1929624798
1929522822
1929742453
1931711078
1931415793
1931488269
1931576675
1936213193
1936174854
1961893492
1961729453
1961970320
1961829627
1963496331
1963838471
1963272790
1964046839
1963952938
1963134007
1962013966
1963631832
1964135256
1966487311
1965886551
1966064376
1965682653
1966225213
1966617949
1966694893
1979389184
1979520259
1980941553
1981562036
1980552989
1981953141
1981062950
1980774462
1980644465
1981322667
1980935716
1981088223
1979852314
1981733381
1982464051
1982331068
1982564735
1983978130
1984529130
1983480663
1983602094
1984801723
1983817900
1984698282
1984422652
1995781321
1995917878
1998496853
1998201818
1998318531
1998424806
1995989266
1995874559
1998032937
1998547629
2000762142
2000678327
2000987764
2000926804
1998715126
1998652203
2001032297
2001143037
2001089587
2013668459
2013000755
2013317286
2013646526
2013039115
2013188506
2013254571
2012940442
2013128377
2013578837
2013467161
2013794982
2015564443
2016250491
2015617679
2016383165
2015945300
2015692611
2016482876
2016100756
2022277135
2022347875
2022390944
2022440389
2024614271
2024666599
2024915712
2024783448
2024991909
2025075459
2028338034
2029688671
2030982417
2030477854
2029938095
2029823980
2030119810
2030320107
2030735369
2033255399
2032614329
2033006219
2032505340
2033930307
2033137997
2032776461
2033684435
2037776812
2038072220
2037868358
2037968425
2041088292
2042408568
2040757034
2040539666
2040909613
2040634000
2040931536
2041025397
2040099956
2040714804
2040545523
2059876083
2059815612
2059918120
2060023488
2059905010
2059799777
2060049634
2077430052
2077571730
2077933059
2077552827
2077718141
2078120447
2077929558
2077734638
2080584907
2079593863
2079482219
2080280770
2080442164
2082106725
2081841527
2082949424
2083137467
2081957054
2085059868
2093135715
2095244332
2093179602
2095366171
2095305164
2097526304
2097910425
2103130726
2103055367
2105297570
2105338847
2111546317
2112955180
2111816681
2111759221
2111878655
2111820844
2111750309
2112812155
2114744832
2114247407
2115065683
2114632374
2114856246
2115403451
2114306261
2114198392
2114390635
2116001889
2115832770
2115601185
2114206849
2115207703
2114301791
2114243659
2114485241
2117469845
2118027293
2118226357
2116905069
2117886431
2119580416
2121534597
2121616151
2119541501
2123791368
2123892526
2123693654
2124308220
2128130868
2128285457
2128307829
2128484079
2128250878
2128557124
2128537550
2128381185
2130584254
2128594760
2130581527
2130818462
2130685908
2130439555
2130777536
2130751109
2131079341
2131129958
2135936884
2136030360
2138497064
2140619101
2138574904
2140559679
2138638290
2142612562
2142507011
2147504037
2147218943
2147422945
2149674761
2150046912
2150227455
2149805113
2150143180
2149903269
2150271573
2149799258
2152400343
2152608924
2152595788
2152521794
2152290464
2152560345
2152321364
2152176639
2155027337
2154396583
2154825443
2154740404
2154918475
2154521505
2154633446
2154850496
2154396655
2154907851
2154612088
2154495042
2154827205
2156956446
2157002584
2157033796
2155057012
2156845846
2156753171
2155091523
2156792310
2157050994
2159333520
2159253863
2158982046
2159077225
2157401107
2159163566
2159399305
2159281122
2159170413
2161061177
2161220081
2160963802
2161143146
2165940034
2163869501
2166241906
2166362075
2166539251
2166118578
2166445828
2166370482
2166444510
2168216356
2167156076
2168216612
2167960618
2168459929
2169293575
2167967059
2167625721
2169098823
2169188139
2167860747
2167606774
2168918093
2167329759
2168204512
2167325769
2166643695
2168462214
2167327028
2168847425
2169252990
2168971864
2167860917
2168761260
2166589193
2168584594
2168206277
2169200180
2167144663
2168455403
2171668128
2171209198
2169344757
2171700333
2171246036
2170537909
2169417482
2171587249
2170432731
2171376942
2170666631
2171471155
2169476955
2169352705
2171755960
2173152588
2174115820
2171836459
2172928683
2173255322
2173759904
2173370055
2171939129
2174075177
2173864093
2173469515
2173877610
2174024074
2173041442
2171887740
2174170321
2173629739
2171780641
2172908130
2176031068
2174252967
2175727806
2174219394
2176247972
2175943133
2175861659
2176134660
2175448141
2176201643
2175279003
2177504892
2176363477
2178362915
2178259496
2178495747
2177667673
2178500530
2178430378
2176353974
2178558266
2180357452
2180141650
2180278248
2180813369
2178572793
2180756773
2183654271
2183278970
2183376413
2183500588
2183577879
2183574981
2186366044
2186011766
2186374732
2186281567
2183690050
2186078724
2186334600
2183826611
2188233879
2188554472
2188507355
2190543949
2190329562
2190635520
2190233639
2188682838
2190806996
2188745481
2190994175
2190956118
2190864003
2194260255
2195854935
2196501846
2197232058
2196306427
2195617106
2197814888
2195561641
2197771156
2196139871
2197852915
2196830083
2197006785
2195748703
2195950707
2198989614
2198359197
2198252097
2198604205
2198057551
2198141418
2199144312
2198763106
2203020505
2201116123
2201019839
2203238887
2201838263
2203539406
2203601018
2203443774
2201456363
2201993554
2201624014
2206151998
2206081123
2206077451
2205999111
2203662380
2205833528
2206001051
2205764532
2206196903
2208569149
2206397048
2206240813
2208511321
2206174719
2206332579
2210804336
2210754624
2208829537
2208687179
2208764398
2208705613
2208748859
2208640896
2210971342
2211015954
2212842319
2212899673
2215310272
2215414143
2214163959
2214337150
2215796971
2215717267
2216767537
2217177348
2217028297
2217199585
2218321585
2219666316
2218394602
