2061979675;2016-01-07;41;2244697;true;1;1257;1631;9999##25;7;44##41470731;808||21604967;1118||87360406;1561||86811043;1237||84429681;834##1;1337;278;708;1549;perfect;934##1;184;48;-88;-650;horrible;1035##true;64##true;895##true;1006##2;64||4;142||1;194||2;204||9;256||2;260||2;311||9;393||1;430||3;471||3;621||2;686||7;891||2;895||1;975||4;1027||4;1117||2;1129||2;1209||7;1211||3;1245||1;1546||4;1577||4;1674||10;1676||1;1677||2;1684||6;1941||2;2122||1;2426||2;2435||4;2438##normal##2061979675;1000;1000;50
2062260487;2016-01-07;48;2244697;true;1;1343;1740;1225##39;22;80##41470731;1524||21604967;1061||87360406;1811||86811043;1307||84429681;1273##1;1131;458;-508;140;good;889##1;1055;632;603;1172;bad;988##true;71##false;651##true;769##1;71||9;161||5;196||7;250||2;254||6;255||4;280||7;284||9;329||9;370||9;420||3;458||3;505||1;572||6;584||7;645||6;651||8;660||5;706||4;707||7;719||7;801||2;821||3;830||5;838||2;841||1;845||10;931||3;963||5;985||4;1015||2;1150||5;1167||1;1177||6;1183||3;1184||1;1267||5;1298||2;1301||2;1473||4;1483||1;1492||3;1495||7;1581||8;1729||1;1737||3;1741||6;1977||7;1985||7;2211||6;2221||3;2222||4;2434||3;2470||1;2487||6;2496||2;2623||5;2837||7;2843||3;2846||8;2849||6;2849||4;2893||1;2894##nice##2062260487;1050;1172;55
2061866954;2016-01-07;44;2244697;false;1;723;1371;9999##11;15;23##41470731;892||21604967;1072||87360406;1123||86811043;883||84429681;1042##1;620;471;401;348;good;1089##1;868;-269;221;-503;bad;1216##true;203##false;2388##true;1360##3;203||1;299||10;482||5;709||9;801||9;1047||1;1049||1;1315||2;1321||9;1371||10;1383||2;1445||1;1740||3;1744||1;1907||6;1917||10;2308||2;2362||8;2378||6;2383||1;2388||9;2403||3;2429||9;2558||7;2602||6;2632||10;2638||8;2641##bad##2061866954;1105;950;58
2064407159;2016-01-08;42;2244697;true;1;1519;1150;9999##30;16;63##41470731;753||21604967;1110||87360406;1543||86811043;1379||84429681;1180##1;1228;-11;99;1147;good;1378##1;275;377;438;48;bad;1038##true;-35##true;689##true;840##5;35||10;105||4;221||2;236||4;327||4;382||7;384||5;424||4;452||3;460||6;484||4;564||9;569||6;571||10;639||5;689||2;789||9;802||1;809||3;812||5;816||8;1033||10;1138||3;1141||1;1144||7;1149||6;1151||8;1152||9;1544||1;1546||8;1550||3;1554||6;1555||4;1566||9;1567||5;1570||2;1586||1;2377||8;2379||9;2384||5;2390||6;2492||2;2503||4;2504||3;2507||1;2509||4;2550||5;2554||2;2559##nice##2064407159;1047;1058;50
2062424026;2016-01-08;56;2244697;true;1;788;1372;1209##28;16;38##41470731;918||21604967;705||87360406;1730||86811043;1269||84429681;1082##1;515;730;-325;751;bad;1035##1;554;-50;728;241;good;1113##false;298##true;988##true;1302##7;298||8;322||4;430||10;439||8;453||1;494||2;667||5;735||2;745||2;792||7;798||7;900||4;927||10;928||1;942||6;945||2;946||3;988||3;1077||1;1114||5;1139||6;1549||5;1648||6;1709||7;1710||4;1800||9;1852||10;1918||7;1928||3;1934||3;2158||2;2677||9;2682||4;2697||10;2791||2;3048||4;3074||2;3129||5;3237||4;3240||2;3263||1;3297||4;3325||3;3335||2;3337##normal##2062424026;1097;821;33
2062360869;2016-01-08;45;2244697;true;0;1294;1082;1361##33;18;72##41470731;918||21604967;798||86811043;1418||87360406;1355||84429681;1738##1;888;76;916;292;good;1007##1;526;379;-280;591;bad;1185##true;341##true;1087##false;1077##7;341||1;352||6;356||3;413||1;518||7;528||1;594||2;614||6;637||10;650||8;659||2;660||7;683||1;1031||3;1032||2;1076||9;1076||4;1080||6;1082||10;1087||1;1090||7;1105||8;1121||3;1124||3;1238||4;1332||6;1494||7;1529||6;1731||8;1733||9;1742||7;1754||2;1831||7;1940||7;2051||7;2132||7;2188||2;2193||8;2195||10;2369||5;2494||10;2501||8;2512||9;2631||6;2692||7;2693||2;2695||8;2696||9;2699||6;2707||7;2722||8;2725##normal##2062360869;1130;788;28
2066985045;2016-01-09;29;2244697;false;0;725;9999;9999##9;24;18##41470731;724||21604967;594||87360406;793||86811043;806||84429681;906##1;278;-97;-361;-113;bad;890##1;778;630;1427;1272;good;880##false;228##false;651##false;945##5;228||9;275||1;368||6;383||9;469||4;475||2;493||2;546||8;617||4;623||2;625||1;633||7;634||3;641||5;651||4;759||1;763||5;771||8;848||8;935||9;944||4;950||5;981||2;989||6;1035||4;1136||3;1289||5;1303||3;1403||4;1441||4;1720||2;1723||1;1723##nice##2066985045;1158;1103;62
2067613703;2016-01-10;25;2244697;true;0;1097;9999;9999##25;6;62##41470731;827||21604967;1195||87360406;2005||86811043;1166||84429681;1617##1;1370;564;466;1190;normal;774##1;463;332;402;-304;normal;985##true;203##true;929##true;1317##4;202||7;203||10;245||2;250||6;290||2;389||6;511||1;671||10;673||8;675||6;686||1;795||10;920||7;924||8;929||6;929||9;1029||7;1099||10;1102||9;1105||8;1108||6;1121||9;1364||6;1447||8;1462||9;1532||6;1533||7;1535||10;1538||1;1543||8;1544##nice##2067613703;1096;1224;67
2067842765;2016-01-10;54;2244697;true;0;1137;1022;881##25;13;54##41470731;718||21604967;984||87360406;1474||86811043;1156||84429681;1072##1;390;254;923;853;bad;1084##1;1162;303;590;-127;good;1255##false;91##true;1624##false;725##1;91||7;149||8;364||2;367||9;426||6;585||6;634||1;655||6;691||6;735||8;742||7;749||1;782||4;966||2;1132||7;1137||6;1525||1;1527||4;1533||6;1624||9;1628||7;1631||6;1692||10;2054||8;2064||6;2082||3;2085||1;2088||1;2186||6;2194||5;2195||9;2196||7;2207||1;2764||8;2834||7;2912||4;3104||6;3105||9;3110||8;3236##nice##2067842765;1163;1216;52
2067682924;2016-01-10;57;2244697;true;0;986;1224;1171##26;24;36##41470731;595||21604967;897||87360406;1561||86811043;828||84429681;780##1;921;493;30;-184;normal;1282##1;238;406;648;1130;normal;947##false;150##false;867##false;691##2;150||9;152||9;188||2;259||1;263||9;301||2;559||3;566||5;587||6;697||2;700||3;703||7;703||4;771||4;867||9;1009||7;1032||8;1238||9;1480||6;1482||2;1483||7;1485||7;1492||8;1765||3;2017||10;2022||9;2029||4;2079||5;2105||6;2106||10;2112||8;2125||6;2541||3;2544||1;2745||4;2747||8;2776||7;3227||9;3230||10;3235||5;3254||2;3258||10;3267||1;3270||5;3291||6;3292||9;3294||3;3299||4;3302||6;3358||7;3367||2;3378||10;3386##nice##2067682924;1215;1164;47
2067550774;2016-01-10;34;2244697;false;0;750;567;9999##7;25;16##41470731;475||21604967;773||87360406;709||86811043;754||84429681;462##1;0;398;-404;23;good;910##1;1191;372;473;1105;bad;1285##true;248##false;754##false;1248##9;248||1;327||9;356||3;359||6;446||5;450||1;461||9;461||5;524||5;589||9;594||7;597||2;615||4;646||5;676||5;754||1;957||7;1013||4;1023||10;1041||3;1061||5;1071||1;1083||5;1593||5;1662||3;1668||4;1669||2;1672||1;1672||5;1893||1;2055||2;2057||5;2058##normal##2067550774;1262;1211;62
2067783943;2016-01-10;18;2244697;false;0;897;9999;9999##5;18;9##41470731;828||21604967;923||87360406;627||86811043;788||84429681;667##1;159;396;-114;-237;normal;899##1;1070;-133;1432;1156;normal;1052##false;212##false;828##false;861##4;212||7;214||1;264||6;377||4;422||5;524||3;555||1;558||4;681||9;750||4;814||3;817||6;827||1;828||9;828||2;828||4;910||1;942||2;955||2;1102||5;1119||3;1119||4;1127##nice##2067783943;1200;1117;64
2154918475;2016-02-15;82;2244697;false;1;857;1252;932##48;45;113##87360406;1057||21604967;766||127716304;1130||86811043;1344||84429681;975##1;542;249;9;-150;bad;885##1;460;631;461;1198;bad;1147##false;103##false;842##false;1080##10;103||9;107||5;123||10;293||1;319||2;383||5;402||1;410||10;413||7;428||9;465||10;503||9;545||7;649||10;764||4;824||2;829||6;832||1;834||8;842||5;843||9;845||10;1025||4;1044||9;1050||7;1085||5;1085||3;1090||1;1095||8;1097||6;1099||10;1102||2;1110||3;1111||4;1119||1;1414||6;1448||8;1450||5;1452||1;1500||7;1523||2;1740||1;1740||5;1766||9;1840||7;1977||10;2162||10;2390||1;2392||8;2531||5;2633||7;2666||9;3092||7;3094||3;3153||4;3169||5;3194||4;3201||3;3516||8;3528||1;3529||2;3533||5;3566||3;3635||4;3641||2;3657||7;3659||9;3665||8;3828||6;3996||1;4050||2;4065||10;4138||7;4162||7;4270||9;4285||5;4297||3;4305||2;4315||5;4355||4;4418||1;4424||6;4444||7;4834||10;4860||4;4867||1;4867||2;4870||3;4871||6;4872||5;4872||8;4875||9;4886||3;4896||2;4898||5;4902##normal##2154918475;1136;1115;50
2154827205;2016-02-15;42;2244697;false;0;1089;1075;9999##19;41;38##41470731;817||21604967;749||87360406;1139||86811043;846||84429681;1031##1;583;594;-159;-195;good;854##1;605;544;525;1408;normal;1279##true;53##false;615##false;-20##8;53||2;58||1;72||10;90||2;94||6;102||5;191||2;220||8;344||2;347||3;369||4;379||3;445||7;520||3;596||1;615||2;651||4;720||8;745||3;750||1;756||6;829||2;832||1;834||9;838||7;849||3;851||4;852||5;857||2;907||1;950||8;952||6;1097||2;1102||8;1103||1;1111||4;1122||5;1154||2;1163||9;1177||1;1186||3;1208||9;1210||7;1211||8;1228||3;1285||10;1301||7;1303||2;1396||1;1428||6;1538||7;1708||9;1735||3;2165||1;2339||5;2357||9;2481||4;2488||5;2491||3;2495||2;2497||1;2498||3;2503##normal##2154827205;1086;1165;46
2181519569;2016-02-27;39;2244697;false;1;877;694;9999##14;38;28##41470731;478||21604967;843||87360406;589||86811043;655||84429681;875##1;118;-537;188;76;normal;859##1;751;926;222;928;good;1106##false;310##false;871##false;2183##9;310||1;320||6;326||1;394||9;394||4;518||7;519||6;521||5;591||8;594||9;617||10;618||7;626||1;662||2;849||9;871||5;873||1;877||2;930||1;955||8;987||2;1070||10;1127||7;1129||8;1132||6;1137||9;1144||7;1225||5;1230||8;1233||6;1235||9;1261||10;1263||7;1354||3;1587||6;1588||9;1589||1;1593||10;1685||9;1828||10;1829||6;1832||7;1850||8;1851||10;2248||9;2248||7;2250||6;2252||8;2302||7;2381||9;2381||6;2382##normal##2181519569;1040;1101;47
2181387942;2016-02-27;46;2244697;false;0;1020;748;664##22;29;54##41470731;797||21604967;1052||87360406;1039||86811043;707||84429681;822##1;406;611;105;1308;bad;620##1;987;166;449;-517;good;1250##false;-42##true;901##false;1420##3;42||8;334||6;343||6;446||8;460||5;540||8;766||10;787||6;878||9;884||5;894||8;899||10;901||1;945||2;951||5;970||3;1060||10;1086||8;1089||3;1285||10;1317||6;1334||2;1339||2;1478||7;1484||4;1490||5;1506||1;1514||9;1672||10;1679||4;1681||6;1848||1;1897||5;1925||9;1950||10;1954||6;1965||1;2190||6;2194||2;2196||4;2200||2;2315||4;2316||8;2319||1;2334||5;2670||1;2671||2;2691||4;2748||3;2775||2;2780||5;2785##normal##2181387942;993;1169;41
2181080385;2016-02-27;41;2244697;false;0;1031;1031;9999##22;24;45##41470731;858||21604967;729||87360406;840||86811043;923||84429681;1590##1;709;79;304;1028;perfect;823##1;1164;789;1116;137;horrible;1128##true;68##true;926##false;2145##9;68||7;110||5;111||9;124||9;220||7;298||10;315||10;358||4;360||4;431||2;432||9;452||4;508||8;610||2;703||9;718||3;726||3;854||7;902||6;926||10;927||3;1075||7;1086||5;1092||8;1097||2;1100||10;1107||4;1342||9;1350||10;1357||3;1623||4;1629||7;1852||2;1871||9;2013||9;2146||7;2147||4;2148||10;2149||3;2336||2;2345||5;2345||2;2367||8;2388||1;2407||4;2432||3;2433||5;2456##nice##2181080385;952;1169;38
2181021263;2016-02-27;24;2244697;false;1;1159;9999;9999##8;23;17##41470731;1033||21604967;716||87360406;857||86811043;644||84429681;1268##1;607;421;102;228;normal;697##1;849;571;929;675;good;1222##false;162##false;1103##true;9999##6;162||4;170||9;223||2;280||4;309||1;325||10;388||9;457||1;467||7;473||6;481||5;485||10;858||1;870||9;871||6;871||5;956||2;1025||8;1103||9;1106||6;1114||10;1118||1;1158||7;1188||6;1201||2;1204||8;1298||6;1308||10;1323||9;1328||6;1454||9;1456||8;1457||10;1460##nice##2181021263;914;1270;32
2191757537;2016-03-02;27;2244697;false;0;997;9999;9999##9;29;19##41470731;682||21604967;1184||87360406;767||86811043;759||84429681;1397##1;532;308;-33;-183;horrible;827##1;1458;548;1572;1132;perfect;1077##false;-22##false;865##false;521##3;22||2;7||10;116||2;264||10;370||2;462||6;466||4;524||3;562||9;661||5;690||4;722||1;736||10;774||1;865||4;917||1;957||5;1065||1;1069||6;1070||2;1078||3;1085||7;1087||1;1329||2;1344||8;1386||9;1388||8;1474||5;1513||2;1518||4;1525||1;1526||2;1606||1;1607||5;1607||4;1609||3;1610||5;1662||2;1663##bad##2191757537;882;1169;35
2239960377;2016-03-21;30;2244697;true;0;979;1769;9999##21;13;40##38515149;1044||84429681;1156||94004717;1008||100175472;835||146485028;1555##1;964;474;-133;-337;normal;1139##1;772;463;654;1255;normal;881##false;176##false;830##true;1016##7;176||3;176||10;381||4;384||1;388||2;416||2;550||1;550||3;552||5;685||9;793||8;798||1;799||4;830||6;973||9;1018||8;1028||4;1031||7;1035||6;1408||5;1451||6;1568||3;1570||8;1574||9;1577||10;1589||6;1718||9;1721||7;1766||10;1798||6;1810||7;1815||8;1822||9;1824##normal##2239960377;847;1000;59
2240001941;2016-03-22;26;2244697;true;1;1209;9999;9999##19;9;39##38515149;786||84429681;996||94004717;1243||146485028;1951||100175472;631##1;833;420;343;603;bad;933##1;361;301;111;353;good;689##false;217##true;1105##true;695##6;217||10;393||7;440||10;447||7;490||5;579||1;582||7;693||6;696||1;765||10;861||1;863||2;891||9;894||5;1012||2;1014||4;1016||3;1036||1;1061||2;1105||5;1135||3;1135||5;1257||9;1542||10;1547||1;1551||4;1566||5;1579||1;1596||3;1601||2;1602##normal##2240001941;906;941;62
