2214337150
2214163959
2180357452
2180278248
2180141650
2178572793
2178430378
2178362915
2178259496
2177667673
2177504892
2176353974
2176134660
2175861659
2175448141
2175279003
2173864093
2173255322
2201993554
2201838263
2201624014
2201456363
2201116123
2201019839
2199144312
2198989614
2198763106
2198604205
2198359197
2198252097
2198141418
2198057551
2197232058
2197006785
2196830083
2196501846
2196306427
2196139871
2159399305
2159333520
2159253863
2159163566
2157033796
2156956446
2154907851
2154825443
2154612088
2154495042
2154396583
2152595788
2152521794
2152321364
2152176639
2150227455
2150143180
2150046912
2149799258
2149674761
2159281122
2159170413
2159077225
2158982046
2157050994
2157002584
2156845846
2156753171
2155091523
2155057012
2155027337
2154918475
2154827205
2154633446
2154521505
2147504037
2147422945
2147218943
2154850496
2154740404
2152608924
2152560345
2152400343
2152290464
2142612562
2142507011
2140619101
2140559679
2136030360
2135936884
2130818462
2130751109
2130584254
2130439555
2128537550
2128484079
2128381185
2128285457
2118226357
2118027293
2117886431
2117469845
2116001889
2115832770
2115601185
2115403451
2115207703
2115065683
2114856246
2114744832
2114632374
2114485241
2114390635
2114301791
2112955180
2112812155
2085059868
2083137467
2082949424
2082106725
2081957054
2081841527
2080584907
2080442164
2080280770
2079593863
2079482219
2078120447
2077933059
2077929558
2077734638
2077718141
2077571730
2077552827
2077430052
2060049634
2060023488
2059918120
2059905010
2059876083
2059815612
2059799777
2033930307
2033684435
2033255399
2033137997
2033006219
2032776461
2032614329
2032505340
2030982417
2030735369
2030477854
2030320107
2030119810
2029938095
2029823980
2029688671
2028338034
2016482876
2016383165
2016250491
2016100756
2015945300
2015692611
2015617679
2015564443
2013794982
2013668459
2013646526
2013578837
2013467161
2013317286
2013254571
2013188506
2013128377
2013039115
2013000755
2012940442
2001143037
2001089587
2001032297
2000987764
2000926804
2000762142
2000678327
1998715126
1998652203
1998547629
1998496853
1998424806
1998318531
1998201818
1998032937
1995989266
1995917878
1995874559
1995781321
1984801723
1984698282
1984529130
1984422652
1983978130
1983817900
1983602094
1983480663
1981953141
1981733381
1981562036
1981322667
1981088223
1980941553
1929742453
1929624798
1929522822
1927929201
1907594589
1907429060
1907275614
1907055118
1906861533
1901927995
1901799577
1901711932
1901511818
1901428136
1900046746
1899850056
1899675778
1899521370
1899380119
1897861905
1897532328
1897311736
1966694893
1966617949
1966487311
1966225213
1966064376
1965886551
1965682653
1964135256
1964046839
1963952938
1963838471
1963631832
1963496331
1963272790
1963134007
1962013966
1961970320
1961893492
1961829627
1961729453
2216767537
2215796971
2215717267
2215414143
2215310272
2212899673
2212842319
2210804336
2210754624
2208829537
2208764398
2208687179
2208640896
2208569149
2208511321
2206397048
2206332579
2206240813
2206174719
2206077451
2206001051
2211015954
2210971342
2208748859
2208705613
2197814888
2197771156
2183654271
2183577879
2180813369
2180756773
2178558266
2178495747
2171939129
2171887740
2171755960
2171700333
2206196903
2206151998
2203238887
2203020505
2183826611
2183690050
2183574981
2183500588
2183376413
2183278970
2166539251
2166444510
2166370482
2166241906
2097910425
2206081123
2205999111
2205833528
2205764532
2190635520
2190543949
2190329562
2190233639
2188554472
2188507355
2188233879
2176247972
2176201643
2176031068
2175943133
2175727806
2174075177
2169352705
2169293575
2169200180
2169098823
2168971864
2168761260
2168584594
2168462214
2168459929
2168455403
2168216612
2168216356
2168206277
2168204512
2167967059
2203662380
2203601018
2203539406
2203443774
2197852915
2190994175
2190956118
2190864003
2190806996
2188745481
2188682838
2186366044
2176363477
2174252967
2174219394
2174170321
2174115820
2171836459
1982564735
1982464051
1982331068
1979852314
1979520259
1979389184
2186374732
2186334600
2186281567
2186078724
2186011766
1931711078
1931576675
1931488269
1931415793
1924109491
1924058157
1923977220
1923909329
1923741910
1923642959
1936213193
1936174854
2178500530
2157401107
2150271573
2124308220
2119580416
2119541501
2116905069
2114247407
2114198392
2111820844
2111750309
2103130726
2103055367
2173370055
2173152588
2173041442
2172928683
2172908130
2170666631
2170537909
2170432731
2167860917
2167860747
2167625721
2167606774
2167329759
2167327028
2167325769
2167156076
2167144663
2161220081
2161143146
2161061177
2160963802
2154396655
2149903269
2149805113
2130777536
2130685908
2130581527
2128307829
2128250878
2128130868
2123892526
2123791368
2123693654
2121616151
2121534597
2156792310
2111546317
2097526304
2025075459
2024991909
2024915712
2024783448
2024666599
2024614271
2022440389
2022390944
2022347875
2022277135
2217177348
2217028297
2219666316
2217199585
2218394602
2218321585
2220343765
2220092232
2221221964
2221112196
2221060553
2221185290
2221129030
2221023350
2220945227
2221112698
2220546331
2220834741
2220756175
2220566415
2220430940
2223209824
2223148903
2222355697
2222207575
2223430534
2223352538
2223185352
2223135300
2223009335
2222942408
2222781809
2222645388
2222500241
2223325433
2222362019
2222161342
2221955822
2225516621
2225466449
2226095573
2226165443
2226087435
2225474748
2225437585
2225129562
2225030620
2224399177
2224301383
2224488933
2224262697
2224045203
2223949862
2224476362
2224331992
2224144172
2225327053
2225288518
2225178832
2225058739
2227565782
2227501950
2227038350
2226961478
2226839463
2226663098
2226524683
2226513613
2226397167
2226232077
2227719729
2227455173
2227450062
2227398931
2227386873
2227282206
2227433166
2226828289
2226655284
2226513696
2226350599
2231862712
2229360798
2231042696
2230860536
2230601934
2230503540
2228714208
2228610554
2228401706
2228259601
2230734391
2230625252
2229782323
2229727968
2231932597
2231338231
2229914091
2229863672
2229168677
2229065830
2227827195
2231898495
2231784950
2231634662
2231505428
2229929721
2229882574
2228890081
2228663009
2228475005
2232326847
2232259137
2232206220
2232114220
2232081920
2232041720
2232009478
2231970870
2233452056
2233273381
2233555376
2233282942
2233125870
2233411040
2233267149
2235117172
2235065475
2234990617
2234857740
2234586313
2234307020
2234172489
2233998262
2233733033
2235124037
2235060744
2235002123
2234819316
2234747209
2234632609
2234513972
2234241530
2234099394
2195950707
2195854935
2195748703
2195617106
2195561641
2194260255
2194067318
2193849107
2193658590
2193524509
2193441529
2193321592
2193255935
2193199056
2192542709
2192320439
2192088670
2191757537
2191531548
2191441268
2191243186
2191144529
2191055532
2185060254
2184910779
2184665045
2184452141
2184275180
2184118645
2183961604
2183947071
2183894124
2183857503
2183812156
2183792909
2182565525
2182314158
2182047120
2181823003
2181696818
2181519569
2181387942
2181195992
2181130001
2181080385
2181038082
2181021263
2180068537
2179855075
2179624943
2179423318
2179252492
2179222246
2178970934
2178853523
2178782204
2178739661
2178692811
2178661580
2177741136
2177549858
2177257309
2177171063
2177005584
2176882495
2176744667
2176618946
2176559949
2176558984
2176498930
2176488482
2070303765
2070247171
2070184901
2070114438
2070058798
2069724674
2069609831
2069416649
2069209160
2069063624
2068680329
2068582828
2068547220
2068449910
2068342969
2068270668
2068205321
2068100199
2068092670
2067842765
2067783943
2067682924
2067613703
2067550774
2067225691
2067086468
2066985045
2066888438
2066679779
2066514759
2066337298
2066144864
2065960306
2065765933
2065752934
2065614124
2065589675
2065482587
2065442988
2065374045
2065339879
2065286763
2065200918
2065193805
2065112786
2065111781
2065070313
2065048372
2065046175
2065030309
2064988726
2064983103
2064927649
2064895143
2064861272
2064836234
2064776227
2064770301
2064732159
2064631768
2064625570
2064541636
2064531559
2064423945
2064407159
2064343834
2064339906
2064312186
2064195270
2064168118
2064017925
2063916884
2063829123
2063816118
2063729877
2063614085
2063612597
2063609588
2063555247
2063517372
2063470904
2063468020
2063467937
2063373523
2063371941
2063332746
2063322935
2063281584
2063223798
2063221959
2063202504
2063199880
2063140940
2063137269
2063102147
2063091352
2063082521
2063054781
2063040897
2063022628
2063000977
2062986571
2062922501
2062913180
2062900015
2062882855
2062846626
2062816194
2062788365
2062751657
2062737676
2062698655
2062660792
2062642139
2062636723
2062614658
2062601882
2062571226
2062559162
2062557027
2062552528
2062547823
2062538679
2062500670
2062499739
2062488084
2062487936
2062486166
2062482167
2062446692
2062424026
2062390851
2062360869
2062340441
2062301221
2062260487
2062237972
2062184630
2062110829
2062014366
2061999071
2061979675
2061916953
2061913138
2061873247
2061866954
2061779096
2061756636
2061651635
2061649074
2061444627
2061413869
2061263876
2061254166
2061229184
2061212672
2061064838
2061052871
2061039829
2061014289
2060990735
2060942639
2060930836
2060926151
2060890965
2060846559
2060792602
2060759290
2060758786
2060744032
2060743767
2060735084
2060694227
2060683250
2060656843
2060636961
2060552296
2060511911
2060491313
2060491026
2060482132
2060443469
2060423372
2060377693
2060374755
2060359860
2060351693
2060313896
2060301497
2060300334
2060275216
2060213109
2060212092
2060210809
2060202070
2060155790
2060151192
2060146450
2060145150
2236266806
2236100944
2236208243
2236104695
2241184464
2241047218
2240001941
2239960377
2238610136
2238510876
2241252599
2241060191
2240923730
2240807431
2237478172
2240095576
2240035420
2239978108
2239925039
2239818371
2239810677
2239757209
2239733013
2239666641
2239405659
2239228442
2239061225
2237910080
2237854201
2237783946
2240919220
2238918513
2238414958
2238324135
2238234729
2238145977
2236427519
2236239368
2235829105
2235698841
2240071069
2240016108
2237514365
2236061800
2235688599
2246026760
2245434345
2245312443
2244497975
2244422668
2243682720
2243485133
2243323361
2243077822
2242985193
2241354360
2246014052
2245748404
2245609936
2245420408
2243658588
2243551640
2243454325
2243172383
2243168066
2243081615
2243079646
2241377045
2244419416
2244366843
2244258226
2243788886
2243618430
2242041197
2241908556
2241781575
2241641882
2241557762
2241356598
2244209178
2245979538
2245738863
2243185506
2245734619
2245659803
2245560141
2245541778
2245391136
2245290214
2245231965
2245214402
2245199353
2245185531
2245113684
2245111686
2245109998
2245109787
2245107009
2243424779
2243339358
2243306937
2243298373
2243298026
2244602286
2244543434
2244490215
2242348283
2242302103
2247209887
2246848426
2246762975
2246583654
2246487086
2246774139
2246671986
2246530825
2246426200
2246302046
2248038208
2247868538
2247571556
2247509404
2247437812
2247432203
2247268058
2249209122
2249069770
2248977032
2249316477
2250660872
2250475410
2250147740
2250061799
2249947295
2250490520
2250335492
2249958512
2249839843
2251809469
2251702987
2251463414
2251282233
2251766871
2251648101
2252923362
2252802310
2252674583
2253065527
2252695217
2252549454
2253350261
2253206948
2253178902
2252458492
2252364377
2252357636
2252189313
2252132382
2252007676
2251939418
2251535285
2251435312
2251351475
2251293913
2251284512
2251049292
2254080063
2253970195
2253692419
2253561073
2253384829
2253211683
2253065365
2252931465
2251651308
2250413651
2250311430
2250206751
2253214448
2253075426
2250515361
2250359420
2254620253
2254600140
2254563065
2254492119
2255589769
2255471845
2255357723
2258175352
2258049059
2257844543
2257771707
2257697437
2259146051
2259104029
2258594668
2258478746
2258049161
2257914125
2257719869
2257589567
2257046035
2256983801
2256937352
2259664482
2259658475
2259653401
2259648836
2259647557
2258834387
2258765860
2258638667
2258536592
2256716228
2256613692
2256459963
2256345387
2258732157
2258652156
2258524284
2258449474
2258366663
2258193914
2258436212
2258266587
2258037573
2258021910
2258236095
2258078880
2257936287
2263476430
2263423814
2263375981
2263331572
2263278120
2262395818
2262268980
2262146627
2261999920
2261910568
2260180768
2260087176
2259807966
2259753958
2262288068
2262145370
2262014253
2260362995
2260208514
2259928277
2259846085
2260529834
2262330297
2262299918
2262272179
2262230888
2262201497
2262158062
2262104803
2262039737
2262015175
2261943729
2261916819
2261862548
2261826737
2261825015
2263526947
2263475988
2263428056
2261289415
2261252466
2263271505
2263183248
2263082502
2262864352
2261055900
2260927146
2260829788
2260697384
2262835276
2262701939
2262798777
2260553283
2260507440
2260443532
2260403502
2260390795
2260282892
2260251281
2260239822
2260145038
2260124528
2260120746
2261475074
2261422663
