BAD BAD 
2183814394
2173132500
2159274036
2060192260
2060156776
2060106788
2060064033
2059989702
2059954859
2059894505
2059814802
2059810330
2059784494
2059775366
2059775265
2059755810
2032498935
New
2173050367
2117383841
2117348373
2033562446
2029612992
1998634090
1929831670
1974615727
1960506372
2188546729
2166720898
2166699641
2193058246
2168505481
2140967811
2123519385
2089211399
2086258328
2005085971
2005082776
1987155987
1987151234
1979983830
1979949575
1979355283
1977791519
2190224624
2188327608
2187539364
2168431941
2168188488
2167964290
2186272091
1931691927
1923609014
1923459197
2183794268
2183771486
2166584898
2097980330
2097877953
2097858133
2095307826
2042337944
2042606867
2004646450
2001307373
2001074382
2001025375
1997885779
1982487451
1982436155
1944461612
1944370056
1938666083
1938628621
1938586085
1936242666
1936045909
1936018842
1933816612
2157351319
2117011672
2116995866
2116968137
2109599759
2109591489
2109571301
2170524104
2170466901
2167348412
2168715111
2168582808
2168441628
2128242878
2128230603
2156725665
2156689397
2086219399
2086139624
2032547050
2024861169
2024843784
2155684547
2203895927
2203821994
2102145746
2101944670
2101824922
2101658859
2101592184
2101464994
2101437607
2207668823
2207499066
2207328558
2207207171
2206895018
2206879328
2206772780
2206687191
2205170486
2205089705
2204976105
2204956122
2204817696
2204809032
2204698314
2204643815
2204581779
2204531274
2204505408
2204447287
2205094337
2210025788
2209912020
2209607290
2209466824
1339124089
1339023007
1339701953
1339887947
1339531080
1340466951
1339002579
1340285404
1338881956
1339137801
1338853684
1336753796
1337377384
1337172626
1337012811
1336672432
1337120175
1336690391
1336844548
2147302916
2078130243
1982075607
1897673409
2203724151
2205671955
2197922641
2186147198
2216560268
