2233411040;2016-03-19;39;2538621;true;1;1318;1616;9999##39;11;53##194710965;1205||184090105;1045||125576983;1296||158719194;1203||130921377;1947##1;867;310;744;828;normal;1013##1;1012;120;303;365;normal;917##false;151##true;870##true;595##7;151||1;155||4;227||3;240||2;259||6;271||5;304||4;363||6;376||9;377||6;519||3;642||6;724||8;777||4;788||2;832||10;853||10;867||1;870||4;875||6;900||3;907||1;1003||6;1064||1;1186||4;1281||3;1286||2;1297||3;1362||4;1365||1;1389||3;1450||2;1453||10;1542||3;1608||5;1621||4;1629||3;1684||5;1742||1;1811||4;2051||1;2061||3;2064||2;2089||3;2090||10;2104||7;2120||5;2226||4;2236||1;2242||5;2329||4;2332||2;2341##normal##2233411040;1000;1000;50
2233267149;2016-03-19;40;2538621;true;0;1103;1519;9999##27;25;56##194710965;1101||130921377;1639||184090105;654||125576983;918||158719194;1313##1;1232;653;-95;215;good;997##1;343;156;710;794;bad;1215##true;217##false;923##false;699##7;217||4;233||9;238||3;330||2;335||4;341||4;429||4;632||6;738||8;741||9;742||5;833||9;838||7;856||3;860||2;869||3;923||8;924||6;930||9;943||3;999||4;1013||9;1016||4;1142||3;1242||1;1268||10;1293||10;1427||6;1448||1;1509||3;1515||9;1521||7;1525||8;1531||1;1538||8;1823||3;1828||10;1830||9;1830||5;1832||2;1865||3;1923||2;2092||1;2132||3;2140||6;2143||10;2145||9;2151||4;2199||1;2289||7;2319||9;2323||10;2325||10;2436||8;2448##normal##2233267149;1050;950;44
2245109787;2016-03-24;20;2538621;true;1;1541;9999;9999##18;3;40##120569619;1253||194710965;1194||89230834;847||158719194;1887||130921377;2112##1;1053;371;645;1493;perfect;872##1;0;371;-545;-661;horrible;706##true;52##true;771##true;9999##3;52||3;208||4;284||4;369||1;417||6;417||10;433||1;491||4;604||2;605||1;704||3;771||1;810||2;946||3;971||1;978||2;995||7;996||4;1003||4;1168||2;1183##normal##2245109787;1094;928;45
2245199353;2016-03-24;14;2538621;true;0;9999;9999;9999##21;9;27##158719194;869||120569619;1624||89230834;1426||194710965;2097||130921377;1819##1;1245;527;1032;1150;bad;1083##1;0;-205;-816;380;good;642##false;48##true;532##false;9999##3;48||7;81||3;133||6;220||10;237||2;240||3;279||7;280||2;287||7;320||2;398||1;415||7;418||9;474||1;476||7;484||10;487||7;532||8;536||7;628||5;670||6;677||8;787||10;793||7;798||6;800||9;860||6;866||10;869||8;883##normal##2245199353;1139;883;39
2249839843;2016-03-26;31;2538621;false;1;841;652;9999##4;21;9##158719194;769||194710965;902||184090105;519||89230834;508||130921377;607##1;391;8;-72;-545;good;1012##1;911;816;1304;1085;bad;1158##true;56##false;1241##false;298##2;56||9;84||2;113||9;363||6;378||9;402||8;450||4;452||6;514||6;668||8;787||2;836||10;1233||8;1241||9;1252||6;1265||7;1417||7;1558||10;1616||9;1626||10;1695||2;1841||6;1843||7;1848||8;1850||10;1860##normal##2249839843;1178;961;73
2249958512;2016-03-26;67;2538621;true;0;1166;1401;1058##33;30;80##194710965;1197||184090105;659||89230834;541||158719194;1089||130921377;1211##1;1113;365;385;1074;good;1168##1;537;754;-111;72;bad;1299##true;214##true;801##true;1027##8;214||3;227||6;355||3;366||10;400||2;404||9;407||3;408||4;410||2;503||7;508||10;509||8;520||2;782||8;784||6;796||7;800||9;801||5;889||10;891||6;903||10;971||9;1112||4;1121||3;1267||3;1359||10;1393||9;1407||4;1609||2;1627||10;1644||2;1790||4;1796||3;1820||5;1964||8;1970||10;1980||5;1996||1;1996||6;1996||3;2002||2;2009||6;2115||10;2164||5;2165||3;2224||4;2231||2;2312||7;2317||10;2323||8;2329||6;2331||9;2334||5;2566||6;2613||10;2614||4;2643||5;3162||2;3583||1;3656||10;3806||10;3928||6;3955||4;3960||7;3963||3;3967||1;4054##normal##2249958512;1105;1034;46
2253178902;2016-03-27;26;2538621;false;0;868;9999;9999##11;32;27##158719194;591||89230834;384||184090105;1063||194710965;835||130921377;911##1;0;485;52;230;normal;879##1;1896;510;548;1057;normal;1202##true;161##false;701##false;834##10;161||2;165||4;181||9;184||2;272||9;334||10;343||3;410||9;413||6;417||5;502||2;571||9;572||4;587||1;590||3;660||1;674||4;701||10;711||1;842||5;844||4;845||3;846||5;945||4;1014||8;1046||5;1053||9;1170||1;1191||8;1293||1;1295||5;1300||3;1302||2;1375||10;1460||5;1465||3;1466||4;1547||3;1550||5;1554||1;1569||4;1571||3;1574||2;1584##normal##2253178902;1151;1072;64
2253065527;2016-03-27;24;2538621;false;1;729;9999;9999##5;20;12##130921377;744||89230834;394||184090105;661||194710965;768||158719194;807##1;0;-187;-189;-290;good;878##1;1691;666;1134;918;bad;1231##true;241##false;1190##false;1066##5;241||1;268||9;309||10;336||6;344||10;429||9;473||9;593||6;599||1;741||5;761||2;1034||10;1041||7;1042||7;1190||8;1221||3;1221||10;1235||7;1267||7;1335||9;1357||8;1364||8;1459||10;1463||7;1472||9;1474##normal##2253065527;1087;1104;54
2259664482;2016-03-30;22;2538621;false;1;1092;9999;9999##11;19;23##194710965;985||89230834;957||120569619;770||130921377;887||158719194;704##1;791;345;-286;231;good;842##1;1913;449;704;679;bad;928##true;112##false;1103##false;831##2;112||2;210||4;260||9;266||3;293||2;430||10;440||2;528||10;533||6;539||1;641||6;702||3;711||6;792||1;794||8;805||7;981||10;1091||8;1097||7;1101||6;1103||10;1104||6;1113||8;1150||2;1154||7;1154||4;1206||8;1307||10;1308||9;1325##normal##2259664482;1033;1004;51
2274014606;2016-04-05;17;2538621;false;1;657;9999;9999##6;26;7##184090105;144||194710965;684||120569619;534||158719194;660||130921377;448##1;123;-41;-1127;-162;good;676##1;954;408;1113;1344;good;1010##false;105##false;554##false;992##3;61||7;64||7;105||2;145||7;166||3;170||8;253||5;288||8;311||9;360||8;367||10;378||6;405||7;541||1;545||8;554||6;589||8;667||6;683||6;746||9;757||7;759||8;765||10;813||2;828||6;900||9;903||1;906||8;928||10;1035||6;1036||7;1040||9;1042##nice##2274014606;982;802;73
2274129887;2016-04-05;22;2538621;false;1;832;9999;9999##5;22;11##130921377;650||120569619;773||184090105;657||194710965;652||158719194;675##1;614;195;-79;-685;normal;767##1;1646;480;440;1371;normal;1024##true;142##false;1073##true;9999##3;142||6;142||8;249||9;346||7;358||3;448||6;453||9;497||10;717||6;727||9;821||9;958||9;1073||8;1083||7;1088||2;1133||5;1159||8;1231||6;1274||9;1298||10;1335||9;1341||7;1343||8;1344||10;1359||6;1360||4;1360##bad##2274129887;909;1053;46
2274210194;2016-04-05;26;2538621;false;0;767;9999;9999##7;24;13##184090105;905||130921377;530||120569619;862||194710965;904||158719194;342##1;124;799;-61;-30;bad;738##1;1237;-508;-96;1015;good;913##false;71##false;891##false;9999##5;71||6;87||5;228||9;362||4;404||4;443||4;510||9;515||5;517||4;604||3;618||7;618||6;661||7;690||2;767||5;891||9;985||5;1117||3;1202||5;1212||1;1260||2;1367||3;1384||1;1389||4;1467||2;1467||1;1534||5;1535||3;1545||8;1551||2;1555||4;1570##normal##2274210194;863;1099;39
