2459675261;2413318;2016-06-24;1;1235;2;false;2538753
2459521437;2413318;2016-06-24;1;1043;3;false;2831964
2459596920;2413318;2016-06-24;1;1472;2;true;2831964
2459407990;2413318;2016-06-24;1;1086;3;true;2831964
2459741412;2413318;2016-06-25;1;636;1;false;2538753
2482049776;2413318;2016-07-04;3;1388;3;true;2578382
2482159406;2413318;2016-07-04;3;879;3;false;2578382
2482280397;2413318;2016-07-04;3;1488;4;false;2578382
2488487862;2413318;2016-07-07;3;1099;3;false;2552670
2488362735;2413318;2016-07-07;3;1337;3;true;1291626
2488762719;2413318;2016-07-07;3;1456;4;true;2552670
2497352898;2413318;2016-07-11;3;1128;3;false;2578382
2500153104;2413318;2016-07-12;3;1397;4;true;2831964
2500060774;2413318;2016-07-12;3;872;4;false;2831964
2500246729;2413318;2016-07-12;3;1293;4;true;2831964
2503954156;2413318;2016-07-14;3;899;4;false;59
2503743859;2413318;2016-07-14;3;1032;3;true;59
2504108182;2413318;2016-07-14;3;1042;4;false;59
2513157515;2413318;2016-07-18;3;1186;3;false;2790766
2513053122;2413318;2016-07-18;3;825;3;false;2790766
2575833596;2413318;2016-08-16;3;2116;2;true;2486519
2576005562;2413318;2016-08-16;3;1426;1;true;2486519
2578554147;2413318;2016-08-17;3;1271;2;false;3210649
2578693723;2413318;2016-08-17;3;1443;2;true;3210649
2578427058;2413318;2016-08-17;3;1170;2;true;3210649
2585693150;2413318;2016-08-20;3;690;2;false;2537636
2586261501;2413318;2016-08-20;3;1699;3;true;2931505
2586117814;2413318;2016-08-20;3;1400;4;true;2931505
2585972364;2413318;2016-08-20;3;1148;3;false;2931505
2585518430;2413318;2016-08-20;3;845;2;false;2537636
2588356135;2413318;2016-08-21;3;830;1;true;2856589
2588224746;2413318;2016-08-21;3;1002;1;false;2856589
2588542991;2413318;2016-08-21;3;1323;1;true;2856589
2593125830;2413318;2016-08-23;3;1416;2;false;2537636
2593351350;2413318;2016-08-23;3;571;2;false;2537636
2593615941;2413318;2016-08-23;3;994;3;false;2790766
2593726467;2413318;2016-08-23;3;601;2;false;2790766
2597982489;2413318;2016-08-25;3;1022;3;false;2552670
2603387578;2413318;2016-08-27;3;1445;3;true;2699723
2610697408;2413318;2016-08-30;3;831;3;false;2537636
2639897984;2413318;2016-09-12;3;441;3;false;2246141
2639999214;2413318;2016-09-12;3;890;3;false;2246141
2669441630;2413318;2016-09-25;3;1572;1;true;2850016
2669168499;2413318;2016-09-25;3;1282;1;false;2850016
2669368847;2413318;2016-09-25;3;1660;1;true;2850016
2736143053;2413318;2016-10-26;1;1980;2;true;2202484
2752002464;2163;2016-11-02;3;1090;0;false;59
2751755320;2163;2016-11-02;3;1646;0;true;59
2751901110;2163;2016-11-02;3;1566;0;false;59
2754112360;2163;2016-11-03;1;1208;0;true;2642171
2754028951;2163;2016-11-03;1;1239;0;true;2642171
2756407670;2163;2016-11-04;1;1082;0;false;2533075
2756536301;2163;2016-11-04;1;1423;0;true;2533075
2758086417;2163;2016-11-05;1;827;0;false;2642171
2758687202;2163;2016-11-05;3;975;0;true;2783913
2758241073;2163;2016-11-05;1;1112;0;false;2642171
