2408596949;1836806;2016-06-03;1;982;1;false;2512249
2408739164;1836806;2016-06-03;1;1071;2;false;2512249
2409698555;1836806;2016-06-03;1;957;2;false;2512249
2409398145;1836806;2016-06-03;1;965;2;true;1838315
2409258294;1836806;2016-06-03;1;795;2;false;1838315
2408676984;1836806;2016-06-03;1;1194;1;true;2512249
2409157187;1836806;2016-06-03;1;955;2;true;1838315
2409573458;1836806;2016-06-03;1;664;1;false;2512249
2418854718;1836806;2016-06-07;1;935;2;false;3
2437128789;1836806;2016-06-15;1;1145;2;true;2538621
2438078016;1836806;2016-06-15;1;995;1;false;2552118
2437178945;1836806;2016-06-15;1;1111;1;true;2538621
2438227264;1836806;2016-06-15;1;1521;2;true;2552118
2439819883;1836806;2016-06-16;1;1003;1;true;2414095
2440293569;1836806;2016-06-16;1;1040;1;false;2635099
2439888064;1836806;2016-06-16;1;1329;1;true;2414095
2441513017;1836806;2016-06-17;1;675;2;false;2777247
2441459357;1836806;2016-06-17;1;1039;1;true;2777247
2444865333;1836806;2016-06-18;1;1442;2;true;2738689
2444774503;1836806;2016-06-18;1;1245;1;true;2738689
2444001646;1836806;2016-06-18;1;1492;1;true;2860414
2444065157;1836806;2016-06-18;1;1238;5;true;2860414
2446816185;1836806;2016-06-19;1;716;2;false;1951061
2446921274;1836806;2016-06-19;1;982;2;true;1951061
2451835794;1836806;2016-06-21;1;958;1;false;1520578
2451943733;1836806;2016-06-21;1;806;1;false;1520578
2462385999;1836806;2016-06-26;1;970;1;true;2635099
2462277891;1836806;2016-06-26;1;846;1;false;5
2463253508;1836806;2016-06-26;1;885;1;true;726228
2462666165;1836806;2016-06-26;1;1278;1;true;20
2462789056;1836806;2016-06-26;1;1319;1;true;1520578
2464976921;1836806;2016-06-27;1;1232;1;true;2777247
2464661404;1836806;2016-06-27;1;1324;1;true;4
2464572892;1836806;2016-06-27;1;1129;1;true;2640025
2465127321;1836806;2016-06-27;1;928;1;false;1951061
2465529645;1836806;2016-06-27;1;1347;1;true;4
2473693876;1836806;2016-07-01;1;1012;1;true;2640025
2473583647;1836806;2016-07-01;1;1215;1;true;2640025
2476601885;1836806;2016-07-02;1;910;1;false;2777247
2476727031;1836806;2016-07-02;1;1155;1;true;2777247
2476846664;1836806;2016-07-02;1;1147;1;true;2777247
2483995702;1836806;2016-07-05;1;877;1;true;2643401
2485836552;1836806;2016-07-06;1;1190;1;false;5
2485180059;1836806;2016-07-06;1;1347;1;true;46
2485296372;1836806;2016-07-06;1;1450;1;true;46
2486012999;1836806;2016-07-06;1;752;1;false;15
2485730343;1836806;2016-07-06;1;1198;1;true;5
2486139997;1836806;2016-07-06;1;1150;1;true;15
2487561001;1836806;2016-07-07;1;1151;1;true;2635099
2487843241;1836806;2016-07-07;1;953;1;true;1520578
2487931572;1836806;2016-07-07;1;1053;1;true;1520578
2488090033;1836806;2016-07-07;1;1375;1;true;2626685
2488198093;1836806;2016-07-07;1;872;2;false;2626685
2487426065;1836806;2016-07-07;1;1176;1;true;2635099
2489404051;1836806;2016-07-08;1;1136;1;false;4
2490113541;1836806;2016-07-08;1;1248;1;true;1375614
2489840815;1836806;2016-07-08;1;1079;1;true;1375614
2489357139;1836806;2016-07-08;1;953;1;true;4
2489929269;1836806;2016-07-08;1;937;1;false;1375614
2494438298;1836806;2016-07-10;1;881;1;true;1375614
2494588246;1836806;2016-07-10;1;891;1;true;1375614
2494920249;1836806;2016-07-10;1;660;1;false;1375614
2494287314;1836806;2016-07-10;1;1442;1;false;1375614
2494743001;1836806;2016-07-10;1;996;1;false;1375614
2504519631;1836806;2016-07-14;1;1380;1;true;36
2504354745;1836806;2016-07-14;1;1190;1;false;36
2504438779;1836806;2016-07-14;1;1288;1;true;36
2504584763;1836806;2016-07-15;1;754;1;false;2163
2504645577;1836806;2016-07-15;1;1199;1;true;2163
2506690235;1836806;2016-07-15;1;1187;1;true;2586976
2504746331;1836806;2016-07-15;1;1016;1;true;2163
2506751633;1836806;2016-07-16;1;1122;1;true;2586976
2511192816;1836806;2016-07-17;1;1098;1;true;2586976
2511147044;1836806;2016-07-17;1;950;1;true;2586976
2511239695;1836806;2016-07-18;1;1306;1;true;2586976
2547137044;1836806;2016-08-03;1;916;1;false;2108395
2547012516;1836806;2016-08-03;1;931;1;false;39
2547305725;1836806;2016-08-03;1;1077;1;true;2783913
2546938575;1836806;2016-08-03;1;1082;2;true;39
2547200329;1836806;2016-08-03;1;1012;1;false;2108395
2547353470;1836806;2016-08-03;1;901;1;true;2783913
2548899546;1836806;2016-08-04;1;1238;1;true;2586976
2549189874;1836806;2016-08-04;1;1501;1;true;111474
2549023865;1836806;2016-08-04;1;1089;1;false;2586976
2549141737;1836806;2016-08-04;1;1276;1;true;111474
2551167223;1836806;2016-08-05;1;863;1;true;15
2551226728;1836806;2016-08-05;1;1228;1;true;15
2550962469;1836806;2016-08-05;1;650;1;false;36
2551023876;1836806;2016-08-05;1;754;1;false;36
2558190331;1836806;2016-08-08;1;1439;1;true;2512249
2558290213;1836806;2016-08-08;1;1389;1;true;2512249
2558255566;1836806;2016-08-08;1;875;1;false;2512249
2562482317;1836806;2016-08-11;1;1246;1;true;1148284
2562521800;1836806;2016-08-11;1;1184;1;true;1148284
2566725198;1836806;2016-08-12;1;1098;1;true;39
2566800064;1836806;2016-08-12;1;1208;1;true;39
2569415435;1836806;2016-08-13;1;788;1;false;2512249
2569610900;1836806;2016-08-14;1;1304;2;true;2512249
2569531910;1836806;2016-08-14;1;1305;1;true;2512249
2569470828;1836806;2016-08-14;1;1232;1;true;2512249
2694301210;1836806;2016-10-07;1;1012;1;false;1375614
2693894025;1836806;2016-10-07;1;865;1;false;4
2694035303;1836806;2016-10-07;1;1220;1;true;4
2694152178;1836806;2016-10-07;1;1655;1;true;1375614
2695921963;1836806;2016-10-08;1;1152;1;false;15
2696033977;1836806;2016-10-08;1;1181;1;true;15
2698569659;1836806;2016-10-09;1;1135;1;true;1520578
2698471166;1836806;2016-10-09;1;1412;1;true;1520578
2718210341;1836806;2016-10-18;2;1151;1;true;2414095
2718126036;1836806;2016-10-18;2;1134;1;true;2414095
2720252794;1836806;2016-10-19;2;2077;1;true;2860081
2720320918;1836806;2016-10-19;2;1451;1;false;2860081
2722149130;1836806;2016-10-20;2;1584;1;false;2833354
2722080608;1836806;2016-10-20;2;1058;1;true;2833354
2724379071;1836806;2016-10-21;1;1078;1;false;5
2724534978;1836806;2016-10-21;1;875;1;false;5
2729950082;1836806;2016-10-23;2;1378;1;true;15
2729627144;1836806;2016-10-23;2;657;1;false;1375614
2729811548;1836806;2016-10-23;2;736;1;false;15
2729503911;1836806;2016-10-23;2;961;1;false;1375614
2746849099;1836806;2016-10-31;2;625;0;false;2208748
2746953553;1836806;2016-10-31;2;1482;0;true;2208748
2748468853;1836806;2016-11-01;2;1066;0;false;20
2748412847;1836806;2016-11-01;2;1786;0;true;20
2750750653;1836806;2016-11-02;2;1468;0;true;3349045
2750872982;1836806;2016-11-02;2;1168;0;true;3349045
2753394618;1836806;2016-11-03;2;1234;0;true;2854942
2753523075;1836806;2016-11-03;2;815;0;false;2854942
2754782714;1836806;2016-11-04;2;1094;0;true;2626685
2755562087;1836806;2016-11-04;1;1105;0;true;3335660
2755320217;1836806;2016-11-04;2;793;0;false;3326126
2755151842;1836806;2016-11-04;2;1488;0;true;3326126
2755451805;1836806;2016-11-04;1;1128;0;true;3335660
2754692747;1836806;2016-11-04;2;1565;0;true;2626685
2758130654;1836806;2016-11-05;1;877;0;false;3331948
2758014435;1836806;2016-11-05;1;798;0;false;3331948
2760664808;1836806;2016-11-06;1;1510;0;true;1520578
2760044467;1836806;2016-11-06;1;820;0;false;726228
2760826760;1836806;2016-11-06;1;889;0;false;1520578
2760165098;1836806;2016-11-06;1;1065;0;true;726228
2762373121;1836806;2016-11-07;2;1274;Core;true;1520578
2762316102;1836806;2016-11-07;2;1085;Core;true;1520578
2769638088;1836806;2016-11-10;2;1604;null;true;2677025
2769580074;1836806;2016-11-10;2;1455;null;true;2677025
2769830727;1836806;2016-11-11;2;1689;Core;true;3214108
2769778152;1836806;2016-11-11;2;1398;null;true;3214108
2774477228;1836806;2016-11-12;2;991;Core;true;4
2774370674;1836806;2016-11-12;2;713;null;false;4
2774268148;1836806;2016-11-12;2;1004;null;true;4
2777093187;1836806;2016-11-13;2;1243;Core;true;3214108
2776990690;1836806;2016-11-13;2;837;Core;true;3214108
2783147708;1836806;2016-11-16;1;1280;Core;true;3214108
2783229760;1836806;2016-11-16;1;1507;Core;true;3214108
2783336928;1836806;2016-11-17;1;863;null;false;1883502
2783292895;1836806;2016-11-17;1;575;null;false;1883502
