2435259969;2414475;2016-06-14;3;1123;2;false;2640025
2435185724;2414475;2016-06-14;3;621;2;false;2640025
2437471441;2414475;2016-06-15;3;995;2;false;2777247
2437184549;2414475;2016-06-15;1;1042;2;false;2626685
2437115317;2414475;2016-06-15;1;1288;2;false;2626685
2440240941;2414475;2016-06-16;3;991;2;false;20
2440098803;2414475;2016-06-16;3;1089;2;false;20
2439390558;2414475;2016-06-16;1;1076;2;true;2552118
2439459814;2414475;2016-06-16;1;1075;2;true;2552118
2441614694;2414475;2016-06-17;1;1015;2;false;2414095
2441956089;2414475;2016-06-17;1;1353;2;true;2538621
2442070612;2414475;2016-06-17;1;1482;2;true;2538621
2443977189;2414475;2016-06-18;1;854;2;false;726228
2444070793;2414475;2016-06-18;1;881;2;false;726228
2446982483;2414475;2016-06-19;1;730;2;false;1983234
2447087980;2414475;2016-06-19;1;654;2;false;1983234
2446610654;2414475;2016-06-19;1;1243;2;true;20
2446534535;2414475;2016-06-19;1;701;2;false;20
2457688483;2414475;2016-06-24;1;1070;2;true;2643401
2457772043;2414475;2016-06-24;1;806;1;false;2643401
2457547933;2414475;2016-06-24;1;1243;2;true;2552118
2457859375;2414475;2016-06-24;1;763;2;false;2643401
2485324437;2414475;2016-07-06;1;1098;2;true;2640025
2485233256;2414475;2016-07-06;1;781;1;false;2640025
2487907693;2414475;2016-07-07;1;1001;2;true;1983234
2487823099;2414475;2016-07-07;1;700;2;false;1983234
2487210016;2414475;2016-07-07;1;1006;2;false;2634810
2487301698;2414475;2016-07-07;1;1189;1;true;2634810
2499022231;2414475;2016-07-12;1;712;2;false;2635099
2498913750;2414475;2016-07-12;1;1302;2;true;2635099
2500694760;2414475;2016-07-13;1;972;2;false;2208748
2500623971;2414475;2016-07-13;1;1150;2;false;2208748
2501563722;2414475;2016-07-13;1;905;2;false;1375614
2501442165;2414475;2016-07-13;1;958;2;false;1375614
2516159062;2414475;2016-07-20;2;972;2;false;1520578
2518561906;2414475;2016-07-21;2;837;2;false;1983234
2518418001;2414475;2016-07-21;2;748;2;false;2552118
2520431372;2414475;2016-07-22;2;1312;2;true;2789129
2522531680;2414475;2016-07-23;2;1441;2;true;1951061
2522665718;2414475;2016-07-23;2;1269;2;true;2634810
2525410961;2414475;2016-07-24;2;801;2;false;726228
2655068220;2414475;2016-09-19;1;1254;2;true;3326126
2655162963;2414475;2016-09-19;1;1171;2;false;3326126
2657098674;2414475;2016-09-20;1;1616;2;false;1951061
2657011606;2414475;2016-09-20;1;788;2;false;1951061
2659023523;2414475;2016-09-21;1;750;2;false;2626685
2658656916;2414475;2016-09-21;1;1074;2;false;726228
2659131392;2414475;2016-09-21;1;1397;2;true;2626685
2658591667;2414475;2016-09-21;1;804;2;false;726228
2661036778;2414475;2016-09-22;1;772;2;false;1520578
2661152315;2414475;2016-09-22;1;1257;2;false;3335660
2663104277;2414475;2016-09-23;1;874;2;true;3213075
2663007619;2414475;2016-09-23;1;1081;2;true;3213075
2662809840;2414475;2016-09-23;1;617;2;false;3331948
2667687125;2414475;2016-09-25;1;783;2;false;2208748
2667796296;2414475;2016-09-25;1;813;2;false;2208748
2700523900;2414475;2016-10-10;1;1210;2;true;1983234
2700624368;2414475;2016-10-10;1;1425;4;false;1983234
2703019676;2414475;2016-10-11;1;971;2;false;2634810
2702926612;2414475;2016-10-11;1;771;2;false;2634810
2716465673;2414475;2016-10-17;1;616;2;false;2860081
2716389710;2414475;2016-10-17;1;1057;2;false;2860081
2718197851;2414475;2016-10-18;1;908;2;true;20
2718133922;2414475;2016-10-18;1;1509;2;true;20
2720072605;2414475;2016-10-19;1;1418;2;true;2626685
2720154930;2414475;2016-10-19;1;1085;2;false;2626685
2714701204;2414475;2016-10-16;2;1307;2;true;1951061
2714563527;2414475;2016-10-16;2;755;1;false;1951061
2718564315;2414475;2016-10-18;2;1288;2;false;3336725
2718703515;2414475;2016-10-18;2;1562;2;true;3336725
2720609075;2414475;2016-10-19;2;1334;2;true;726228
2720496853;2414475;2016-10-19;2;800;2;false;726228
2722270504;2414475;2016-10-20;2;1463;2;true;2776208
2722423037;2414475;2016-10-20;2;834;2;false;2776208
2731015897;2414475;2016-10-24;1;742;2;false;2833354
2746520749;2414475;2016-10-31;1;1201;0;true;2414095
2746451196;2414475;2016-10-31;1;1295;0;true;2414095
2748693405;2414475;2016-11-01;2;1168;0;false;4
2748586822;2414475;2016-11-01;2;1422;0;false;4
2749170192;2414475;2016-11-01;1;1128;0;false;2208748
2749048299;2414475;2016-11-01;1;842;0;false;2208748
2755331792;2414475;2016-11-04;2;1360;0;true;1983234
2755454964;2414475;2016-11-04;2;1261;0;true;1983234
2757439302;2414475;2016-11-05;2;1268;0;true;3258149
2757358711;2414475;2016-11-05;2;1007;0;true;3258149
2759902913;2414475;2016-11-06;2;795;0;false;3335660
2760602481;2414475;2016-11-06;2;885;0;false;3331948
2760753044;2414475;2016-11-06;2;1249;0;true;3331948
2759795791;2414475;2016-11-06;2;1034;0;false;3335660
2762772530;2414475;2016-11-07;2;850;Core;false;2640025
2762896575;2414475;2016-11-07;2;886;null;false;2640025
2762129114;2414475;2016-11-07;1;1635;null;true;2860081
2762217387;2414475;2016-11-07;1;1104;null;false;2860081
2764218413;2414475;2016-11-08;1;1208;null;true;20
2764150786;2414475;2016-11-08;1;1075;null;true;20
2766419381;2414475;2016-11-09;1;557;Core;false;2626685
2766131956;2414475;2016-11-09;2;586;null;false;5
2766330252;2414475;2016-11-09;1;1062;Core;false;2626685
2766202158;2414475;2016-11-09;2;1395;null;false;5
2768294860;2414475;2016-11-10;2;1295;null;true;2634810
2768380118;2414475;2016-11-10;2;983;null;false;2634810
