2410895838;350190;2016-06-04;1;926;3;true;2777247
2411940567;350190;2016-06-04;1;1211;3;true;111474
2411196189;350190;2016-06-04;1;925;3;false;2163
2411460113;350190;2016-06-04;1;759;3;false;2163
2411342644;350190;2016-06-04;1;965;3;true;2163
2412105328;350190;2016-06-04;1;1161;4;false;111474
2410966933;350190;2016-06-04;1;1075;3;true;2777247
2412232933;350190;2016-06-04;1;1350;3;true;111474
2420758956;350190;2016-06-08;1;554;3;false;15
2420842637;350190;2016-06-08;1;1175;3;true;15
2420952614;350190;2016-06-08;1;1069;3;true;15
2423773495;350190;2016-06-09;1;775;3;false;1375614
2423662664;350190;2016-06-09;1;649;3;false;1375614
2425850818;350190;2016-06-10;1;808;3;false;2163
2426001580;350190;2016-06-10;1;836;3;false;2163
2442341011;350190;2016-06-17;1;1029;3;false;111474
2444663195;350190;2016-06-18;1;1071;4;false;2163
2444509429;350190;2016-06-18;1;842;3;false;2163
2442204165;350190;2016-06-17;1;1135;3;true;111474
2442011484;350190;2016-06-17;1;1198;4;false;111474
2460572757;350190;2016-06-25;1;1020;3;false;2581813
2459947585;350190;2016-06-25;1;1574;3;true;2776208
2460435158;350190;2016-06-25;1;1264;3;true;2789395
2459839444;350190;2016-06-25;1;1218;4;false;2108395
2460167956;350190;2016-06-25;1;1071;3;true;1276785
2463047834;350190;2016-06-26;1;1165;4;true;543897
2463161660;350190;2016-06-26;1;1134;3;true;2581813
2462251386;350190;2016-06-26;1;1137;3;true;2659468
2462735745;350190;2016-06-26;1;1370;3;true;2767921
2463296249;350190;2016-06-26;1;835;3;false;2108395
2462479057;350190;2016-06-26;1;724;4;true;24
2464572308;350190;2016-06-27;1;1071;3;true;2776208
2467478609;350190;2016-06-28;1;1052;3;true;2581813
2467731883;350190;2016-06-28;1;1169;3;true;2581813
2467593841;350190;2016-06-28;1;802;3;false;2581813
2466903757;350190;2016-06-28;1;1307;3;true;2659468
2467373931;350190;2016-06-28;1;1094;4;true;2581813
2466812760;350190;2016-06-28;1;1503;3;true;2659468
2488249740;350190;2016-07-07;3;1758;4;true;2738555
2488113093;350190;2016-07-07;3;1075;3;true;2738555
2490453752;350190;2016-07-08;3;997;3;false;2789395
2490300202;350190;2016-07-08;3;1323;3;true;2789395
2490786972;350190;2016-07-08;3;1213;3;true;2789395
2490610417;350190;2016-07-08;3;867;3;true;2789395
2502387920;350190;2016-07-13;1;1063;3;false;2586976
2502305932;350190;2016-07-13;1;1311;3;true;2512249
2502229047;350190;2016-07-13;1;1351;4;true;2512249
2502428208;350190;2016-07-14;1;1098;3;true;2586976
2502478249;350190;2016-07-14;1;957;3;false;2586976
2508820859;350190;2016-07-16;1;1216;3;true;36
2508732666;350190;2016-07-16;1;941;3;false;36
2508903361;350190;2016-07-16;1;488;4;false;36
2519205206;350190;2016-07-21;1;1062;3;true;36
2519304127;350190;2016-07-21;1;1085;3;false;36
2519381339;350190;2016-07-21;1;938;3;false;36
2521458298;350190;2016-07-22;1;1045;3;true;2635099
2521547512;350190;2016-07-22;1;799;3;true;2635099
2521344018;350190;2016-07-22;1;783;3;false;2635099
2523925191;350190;2016-07-23;1;1486;3;true;2512249
2523836370;350190;2016-07-23;1;841;3;false;2512249
2523718598;350190;2016-07-23;1;1035;4;true;2512249
2526429133;350190;2016-07-24;1;834;3;false;36
2526354357;350190;2016-07-24;1;800;3;false;36
2524532644;350190;2016-07-24;1;1106;3;true;2970103
2524443650;350190;2016-07-24;1;990;3;true;2970103
2547404209;350190;2016-08-04;1;756;3;false;4
2547592629;350190;2016-08-04;1;858;4;false;2512249
2547541147;350190;2016-08-04;1;877;3;false;2512249
2547438767;350190;2016-08-04;1;748;3;false;4
2549304968;350190;2016-08-04;1;449;3;false;1375614
2549351943;350190;2016-08-04;1;1015;3;false;1375614
2549424687;350190;2016-08-05;1;926;3;true;1838315
2549644214;350190;2016-08-05;1;982;3;false;2163
2549509878;350190;2016-08-05;1;929;4;true;1838315
2549584654;350190;2016-08-05;1;606;3;false;2163
2551458951;350190;2016-08-05;1;918;3;true;1148284
2551385390;350190;2016-08-05;1;1013;3;false;1148284
2551558915;350190;2016-08-06;1;1029;2;true;2777247
2551509577;350190;2016-08-06;1;1105;3;true;2777247
2558473213;350190;2016-08-09;1;1226;3;true;2783913
2562207201;350190;2016-08-10;1;837;4;true;111474
2562091541;350190;2016-08-10;1;1431;4;true;111474
2564485350;350190;2016-08-11;1;1337;4;true;2163
2564547149;350190;2016-08-11;1;1092;3;true;2163
2566482748;350190;2016-08-12;1;1466;3;true;1148284
2566866066;350190;2016-08-12;1;801;3;false;2512249
2566594115;350190;2016-08-12;1;961;3;true;1148284
2566934520;350190;2016-08-13;1;1063;3;false;2512249
2616975502;2581813;2016-09-02;3;1030;3;false;2659468
2616774839;2581813;2016-09-02;3;1314;3;false;2659468
2616654771;2581813;2016-09-02;3;768;3;false;2659468
2631622003;2581813;2016-09-09;3;1328;3;true;98301
2633603755;2581813;2016-09-10;3;1402;3;true;350190
2633497272;2581813;2016-09-10;3;815;4;false;350190
2633734776;2581813;2016-09-10;3;1712;3;true;350190
2636317210;2581813;2016-09-11;3;1569;3;true;543897
2636096325;2581813;2016-09-11;3;935;3;true;543897
2636220638;2581813;2016-09-11;3;1214;3;false;543897
2637380751;2581813;2016-09-11;3;1153;3;true;1148284
2637503649;2581813;2016-09-11;3;1446;3;true;1148284
2660775262;2581813;2016-09-22;1;740;3;false;4
2660860004;2581813;2016-09-22;1;763;2;false;4
2667934665;2581813;2016-09-25;2;1773;3;true;2662139
2668369305;2581813;2016-09-25;2;1021;3;false;2644737
2668156923;2581813;2016-09-25;2;1042;3;true;2922244
2670106443;2581813;2016-09-26;1;913;3;false;1983234
2670013584;2581813;2016-09-26;1;809;3;false;1983234
2672015477;2581813;2016-09-27;1;1380;2;true;2909240
2672073478;2581813;2016-09-27;1;1266;3;true;2909240
2674097781;2581813;2016-09-28;1;1834;3;true;1951061
2674015636;2581813;2016-09-28;1;990;3;false;1951061
2700957746;2581813;2016-10-10;1;949;3;false;3326875
2704880245;2581813;2016-10-12;1;1544;4;true;24
2704979325;2581813;2016-10-12;1;1254;3;true;24
2708845194;2581813;2016-10-14;1;1296;4;true;543897
2709050623;2581813;2016-10-14;1;1462;3;true;543897
2708942061;2581813;2016-10-14;1;1031;3;false;543897
2711930641;2581813;2016-10-15;1;654;3;false;350190
2711770146;2581813;2016-10-15;1;1176;3;true;350190
2711650212;2581813;2016-10-15;1;931;3;false;350190
2755701613;2581813;2016-11-04;1;1176;0;false;1148284
2755059175;2581813;2016-11-04;3;1339;0;true;3317685
2755498183;2581813;2016-11-04;1;1527;0;false;1148284
2754971409;2581813;2016-11-04;3;1935;0;true;3317685
2757679066;2581813;2016-11-05;1;1276;0;false;543897
2757828149;2581813;2016-11-05;1;1079;0;false;543897
2762723869;2581813;2016-11-07;3;1290;Core;true;3444630
2762591598;2581813;2016-11-07;3;1028;null;false;3444630
2762826162;2581813;2016-11-07;3;967;null;true;3444630
2768245207;2581813;2016-11-10;2;1208;Core;true;3325212
2770310694;2581813;2016-11-11;2;1237;null;true;3322396
2770059505;2581813;2016-11-11;2;1337;null;true;2151103
2770006311;2581813;2016-11-11;2;1167;null;true;2151103
2769936811;2581813;2016-11-11;2;1099;null;false;2151103
2770214125;2581813;2016-11-11;2;1703;null;true;3322396
2773609715;2581813;2016-11-12;2;1361;null;true;1272244
2773824989;2581813;2016-11-12;2;1315;null;true;1272244
2775816795;2581813;2016-11-13;2;1044;null;false;1838315
2775663298;2581813;2016-11-13;2;531;null;false;1838315
2775512649;2581813;2016-11-13;2;663;null;false;1838315
2782438518;2581813;2016-11-16;3;1319;Core;true;98301
2782560272;2581813;2016-11-16;3;1053;null;true;98301
