2439240427;2791077;2016-06-16;3;1151;2;false;2788413
2439190716;2791077;2016-06-16;3;828;2;false;2788413
2461860027;2791077;2016-06-25;1;624;2;false;2512249
2461742564;2791077;2016-06-25;1;1227;2;false;39
2461554668;2791077;2016-06-25;1;567;2;false;3
2464053242;2791077;2016-06-26;1;611;2;false;1884355
2464341147;2791077;2016-06-26;1;795;2;false;2310555
2463943541;2791077;2016-06-26;1;589;2;false;2677025
2473038079;2791077;2016-06-30;3;673;2;false;2884142
2473011558;2791077;2016-06-30;3;823;2;false;2884142
2725532988;3414796;2016-10-21;1;992;4;false;1061269
2725109842;3414796;2016-10-21;1;1296;2;true;3415050
2724923894;3414796;2016-10-21;1;1300;2;true;2859105
2728148271;3414796;2016-10-22;1;712;2;false;3321220
2728228878;3414796;2016-10-22;1;888;2;false;3321220
