2408596949;2512249;2016-06-03;1;1237;3;true;1836806
2408934303;2512249;2016-06-03;1;1053;4;false;36
2408739164;2512249;2016-06-03;1;809;3;true;1836806
2409698555;2512249;2016-06-03;1;1157;5;true;1836806
2408676984;2512249;2016-06-03;1;687;3;false;1836806
2409573458;2512249;2016-06-03;1;1004;3;true;1836806
2408862401;2512249;2016-06-03;1;710;4;false;36
2420586461;2512249;2016-06-08;1;1614;4;true;1375614
2420649625;2512249;2016-06-08;1;521;3;false;1375614
2420526669;2512249;2016-06-08;1;943;4;false;1375614
2422924793;2512249;2016-06-09;1;836;4;false;2777247
2422795457;2512249;2016-06-09;1;1262;3;true;2777247
2422858795;2512249;2016-06-09;1;782;3;false;2777247
2461673740;2512249;2016-06-25;1;1217;3;true;2310555
2461860027;2512249;2016-06-25;1;1181;3;true;2791077
2464402989;2512249;2016-06-26;1;625;3;false;39
2464237242;2512249;2016-06-26;1;681;3;false;3
2464111444;2512249;2016-06-26;1;908;3;true;2677025
2466251464;2512249;2016-06-27;1;923;3;true;1884355
2466329104;2512249;2016-06-27;1;1074;3;true;1884355
2468492567;2512249;2016-06-28;1;1208;3;true;3
2468440492;2512249;2016-06-28;1;1576;3;true;3
2468689041;2512249;2016-06-29;1;1004;3;true;3
2468766885;2512249;2016-06-29;1;755;3;false;3
2468728087;2512249;2016-06-29;1;1697;3;true;3
2468922471;2512249;2016-06-29;1;1347;4;true;3
2468846659;2512249;2016-06-29;1;1163;3;false;3
2473125373;2512249;2016-07-01;3;1135;3;true;1884355
2473082189;2512249;2016-07-01;3;1123;3;true;1884355
2477746257;2512249;2016-07-02;3;1340;3;true;1884355
2477800088;2512249;2016-07-02;3;1002;3;true;1884355
2477849405;2512249;2016-07-03;3;1172;3;true;1884355
2485030583;2512249;2016-07-06;1;1065;3;false;2635099
2484943506;2512249;2016-07-06;1;861;4;false;2635099
2489260740;2512249;2016-07-08;1;761;3;false;46
2489425593;2512249;2016-07-08;1;1165;4;true;46
2489350478;2512249;2016-07-08;1;1473;3;true;46
2491680573;2512249;2016-07-09;1;962;3;false;15
2491605871;2512249;2016-07-09;1;725;3;false;15
2502305932;2512249;2016-07-13;1;943;3;false;350190
2502229047;2512249;2016-07-13;1;542;3;false;350190
2506261838;2512249;2016-07-15;1;1265;3;true;2677025
2506349579;2512249;2016-07-15;1;1182;3;true;2677025
2508641831;2512249;2016-07-16;1;874;3;false;2163
2508519627;2512249;2016-07-16;1;845;3;false;2163
2519578655;2512249;2016-07-21;1;1519;3;true;2970103
2519500261;2512249;2016-07-21;1;1428;3;true;2970103
2523925191;2512249;2016-07-23;1;931;3;false;350190
2522078549;2512249;2016-07-23;1;711;3;false;1838315
2523836370;2512249;2016-07-23;1;1332;3;true;350190
2521988223;2512249;2016-07-23;1;1117;3;true;1838315
2523718598;2512249;2016-07-23;1;1109;3;false;350190
2547592629;2512249;2016-08-04;1;1293;3;true;350190
2547541147;2512249;2016-08-04;1;959;3;true;350190
2547470370;2512249;2016-08-04;1;722;3;false;1148284
2549312032;2512249;2016-08-04;1;796;3;false;2777247
2549370824;2512249;2016-08-04;1;977;3;true;2777247
2549658092;2512249;2016-08-05;1;1142;3;true;1838315
2549589275;2512249;2016-08-05;1;1232;3;true;1838315
2547401914;2512249;2016-08-04;1;1048;3;true;1148284
2551398734;2512249;2016-08-05;1;1029;3;true;2163
2551608784;2512249;2016-08-06;1;849;3;false;4
2551474091;2512249;2016-08-06;1;1272;3;true;2163
2551542175;2512249;2016-08-06;1;984;3;true;4
2558190331;2512249;2016-08-08;1;850;3;false;1836806
2558290213;2512249;2016-08-08;1;785;3;false;1836806
2558255566;2512249;2016-08-08;1;1152;3;true;1836806
2560502724;2512249;2016-08-10;1;1044;3;true;15
2560446360;2512249;2016-08-10;1;754;3;true;15
2564408925;2512249;2016-08-11;1;1267;3;true;2108395
2564310434;2512249;2016-08-11;1;1426;3;true;2108395
2564211031;2512249;2016-08-11;1;814;3;false;2108395
2566866066;2512249;2016-08-12;1;1041;3;true;350190
2564619977;2512249;2016-08-12;1;1000;3;true;4
2564666119;2512249;2016-08-12;1;841;3;true;4
2566934520;2512249;2016-08-13;1;942;3;true;350190
2569011425;2512249;2016-08-13;1;975;3;true;39
2569415435;2512249;2016-08-13;1;1002;3;true;1836806
2569227952;2512249;2016-08-13;1;991;3;true;39
2569119771;2512249;2016-08-13;1;853;3;false;39
2569610900;2512249;2016-08-14;1;763;3;false;1836806
2569531910;2512249;2016-08-14;1;1090;3;false;1836806
2569470828;2512249;2016-08-14;1;771;3;false;1836806
2750214616;2512249;2016-11-02;3;956;0;false;3214108
2750160277;2512249;2016-11-02;3;795;0;false;3214108
2753757389;2512249;2016-11-03;3;961;0;false;3
2761698030;2512249;2016-11-06;3;1298;Support;true;59
2761639591;2512249;2016-11-06;3;1261;Support;true;59
2785114392;2512249;2016-11-17;1;871;Support;false;2586976
2784988882;2512249;2016-11-17;1;1044;Support;false;2586976
