2432892820;2640025;2016-06-13;2;1116;3;true;2552118
2432795898;2640025;2016-06-13;2;1250;3;true;2552118
2435259969;2640025;2016-06-14;3;1485;3;true;2414475
2435185724;2640025;2016-06-14;3;1251;3;true;2414475
2437184139;2640025;2016-06-15;3;1152;3;true;20
2438080347;2640025;2016-06-15;1;843;3;false;5
2437245892;2640025;2016-06-15;3;1627;3;true;20
2438197772;2640025;2016-06-15;1;1003;3;false;5
2439811503;2640025;2016-06-16;3;1318;3;true;2777247
2440497239;2640025;2016-06-16;1;915;3;true;1520578
2440252878;2640025;2016-06-16;1;889;3;true;2777247
2440376648;2640025;2016-06-16;1;857;3;false;1520578
2439745493;2640025;2016-06-16;3;605;3;false;2777247
2440121708;2640025;2016-06-16;1;1044;3;true;2777247
2439946663;2640025;2016-06-16;3;812;3;true;2777247
2441988389;2640025;2016-06-17;1;1266;3;true;2777247
2441750287;2640025;2016-06-17;3;1435;3;true;1983234
2441659625;2640025;2016-06-17;3;1270;3;true;1983234
2441902694;2640025;2016-06-17;1;1274;3;true;2777247
2444399524;2640025;2016-06-18;3;1039;3;true;2643401
2444840488;2640025;2016-06-18;1;1101;3;true;4
2444490247;2640025;2016-06-18;3;1268;3;true;2643401
2444980752;2640025;2016-06-18;1;930;3;false;4
2447065491;2640025;2016-06-19;1;1058;3;true;2626685
2442565303;2640025;2016-06-17;1;1151;3;true;2643401
2442390070;2640025;2016-06-17;1;992;3;true;2643401
2447182071;2640025;2016-06-19;1;1127;3;true;2626685
2449610686;2640025;2016-06-20;1;943;3;true;1951061
2449723633;2640025;2016-06-20;1;1098;4;true;1983234
2449278805;2640025;2016-06-20;1;1181;3;true;1520578
2451274381;2640025;2016-06-21;1;914;3;true;1520578
2451353878;2640025;2016-06-21;1;680;3;false;1520578
2451439716;2640025;2016-06-21;1;795;3;false;1520578
2455734807;2640025;2016-06-23;1;1031;3;true;726228
2462509279;2640025;2016-06-26;1;1143;3;true;2635099
2462948101;2640025;2016-06-26;1;618;3;false;1520578
2463084913;2640025;2016-06-26;1;1030;3;true;726228
2462624643;2640025;2016-06-26;1;621;3;false;5
2465101901;2640025;2016-06-27;1;944;3;false;4
2465299203;2640025;2016-06-27;1;1035;3;true;20
2465530478;2640025;2016-06-27;1;1004;3;false;726228
2464857522;2640025;2016-06-27;1;898;3;true;2777247
2464572892;2640025;2016-06-27;1;848;3;false;1836806
2464739613;2640025;2016-06-27;1;993;3;true;1951061
2469098993;2640025;2016-06-29;2;1058;3;true;15
2469491045;2640025;2016-06-29;2;916;3;false;2635099
2469608363;2640025;2016-06-29;2;958;3;false;2635099
2469213040;2640025;2016-06-29;2;1338;3;true;15
2473693876;2640025;2016-07-01;1;1027;3;false;1836806
2473583647;2640025;2016-07-01;1;1048;4;false;1836806
2483387121;2640025;2016-07-05;1;947;3;false;20
2485324437;2640025;2016-07-06;1;780;3;false;2414475
2485233256;2640025;2016-07-06;1;1303;3;true;2414475
2487714524;2640025;2016-07-07;1;1173;4;true;726228
2487596245;2640025;2016-07-07;1;1400;3;true;726228
2500816344;2640025;2016-07-13;1;706;3;false;1375614
2500881491;2640025;2016-07-13;1;695;3;false;1375614
2503496979;2640025;2016-07-14;2;1041;3;true;20
2503348969;2640025;2016-07-14;2;1177;3;true;20
2503085154;2640025;2016-07-14;1;738;3;false;2414095
2503195259;2640025;2016-07-14;1;988;3;true;2414095
2515976901;2640025;2016-07-20;2;1324;3;true;2414095
2516322001;2640025;2016-07-20;2;1328;3;true;2822317
2518077827;2640025;2016-07-21;2;1249;3;true;2208748
2518310741;2640025;2016-07-21;2;818;3;true;20
2518182762;2640025;2016-07-21;2;1222;3;true;2860081
2522469944;2640025;2016-07-23;1;1071;3;true;543897
2522730902;2640025;2016-07-23;1;776;3;false;1148284
2523000065;2640025;2016-07-23;1;846;3;false;1148284
2522889565;2640025;2016-07-23;1;1049;3;true;1148284
2525566002;2640025;2016-07-24;1;801;3;false;2626685
2524959542;2640025;2016-07-24;2;828;3;true;2626685
2525745437;2640025;2016-07-24;1;858;3;true;2626685
2525095455;2640025;2016-07-24;2;915;3;true;2643401
2525452390;2640025;2016-07-24;1;958;3;true;2626685
2529407904;2640025;2016-07-26;2;1253;3;true;2789129
2537286429;2640025;2016-07-30;2;1554;3;true;2552118
2537163589;2640025;2016-07-30;2;1027;4;true;2552118
2539890484;2640025;2016-07-31;2;1357;3;true;2643401
2540132733;2640025;2016-07-31;2;1100;3;true;2643401
2540027204;2640025;2016-07-31;2;1257;3;true;2643401
2656925945;2640025;2016-09-20;1;1563;3;true;2634810
2656839144;2640025;2016-09-20;1;839;3;true;2634810
2660695595;2640025;2016-09-22;1;1106;3;true;3326126
2660589253;2640025;2016-09-22;1;1142;3;true;3326126
2665415486;2640025;2016-09-24;1;1570;3;true;3326126
2665685154;2640025;2016-09-24;1;1271;3;true;3331948
2665567071;2640025;2016-09-24;1;1343;3;true;3331948
2665279316;2640025;2016-09-24;1;1022;3;false;3326126
2667838287;2640025;2016-09-25;2;1050;3;true;1375614
2667725054;2640025;2016-09-25;2;1272;3;true;1375614
2667940762;2640025;2016-09-25;1;1370;3;false;3331948
2668065777;2640025;2016-09-25;1;1419;3;true;3331948
2668683512;2640025;2016-09-25;1;1075;3;true;5
2668233373;2640025;2016-09-25;1;1252;3;true;3318843
2668365100;2640025;2016-09-25;1;1197;3;true;3318843
2668549684;2640025;2016-09-25;1;972;3;false;5
2673934091;2640025;2016-09-28;1;879;3;false;2586976
2674016347;2640025;2016-09-28;1;584;3;false;2586976
2675947244;2640025;2016-09-29;1;1493;3;true;726228
2676379849;2640025;2016-09-29;1;733;3;false;2586976
2675996162;2640025;2016-09-29;1;1135;3;true;726228
2675863393;2640025;2016-09-29;1;928;3;false;726228
2676457888;2640025;2016-09-29;1;1023;3;false;2586976
2679071095;2640025;2016-09-30;1;1615;3;false;3331948
2678898609;2640025;2016-09-30;1;1109;3;false;3331948
2687929891;2640025;2016-10-04;1;1551;3;true;4
2687635219;2640025;2016-10-04;1;1488;3;true;726228
2687506599;2640025;2016-10-04;1;1253;3;true;726228
2687828538;2640025;2016-10-04;1;712;3;false;4
2689713440;2640025;2016-10-05;1;1233;3;true;1951061
2689614710;2640025;2016-10-05;1;1486;3;true;1951061
2691449871;2640025;2016-10-06;1;818;3;false;726228
2691363375;2640025;2016-10-06;1;648;3;false;726228
2696411088;2640025;2016-10-08;1;1039;3;true;726228
2696260281;2640025;2016-10-08;1;1331;3;true;3335660
2696184573;2640025;2016-10-08;1;1202;3;true;3335660
2696533597;2640025;2016-10-08;1;1050;3;false;726228
2700547808;2640025;2016-10-10;1;739;3;false;3331948
2700466185;2640025;2016-10-10;1;1054;3;false;3331948
2702545276;2640025;2016-10-11;1;1065;3;false;1375614
2702632119;2640025;2016-10-11;1;1141;3;true;1375614
2702473251;2640025;2016-10-11;1;1880;3;true;1375614
2716283869;2640025;2016-10-17;1;1521;4;true;5
2716214852;2640025;2016-10-17;1;995;3;true;5
2720078346;2640025;2016-10-19;1;1038;3;true;3331948
2720006980;2640025;2016-10-19;1;840;3;false;3331948
2720150759;2640025;2016-10-19;1;724;3;false;3331948
2718592440;2640025;2016-10-18;2;1105;3;false;1983234
2724268094;2640025;2016-10-21;1;1253;4;false;15
2724508884;2640025;2016-10-21;2;960;3;false;4
2724390790;2640025;2016-10-21;2;1240;3;true;4
2724142742;2640025;2016-10-21;1;1087;3;false;15
2726515102;2640025;2016-10-22;1;1168;3;false;1520578
2726618460;2640025;2016-10-22;1;839;3;true;1520578
2729329575;2640025;2016-10-23;2;588;3;false;726228
2729158600;2640025;2016-10-23;2;957;3;true;726228
2731816086;2640025;2016-10-24;2;1047;3;false;5
2731707921;2640025;2016-10-24;2;877;3;false;5
2733572493;2640025;2016-10-25;2;723;3;false;3331948
2733465184;2640025;2016-10-25;2;723;3;false;3331948
2739447433;2640025;2016-10-28;1;1816;3;true;3326126
2739285942;2640025;2016-10-28;1;863;3;false;2626685
2739625496;2640025;2016-10-28;1;1703;3;true;2860081
2741791552;2640025;2016-10-29;1;826;3;false;3331948
2741318410;2640025;2016-10-29;1;1016;3;true;5
2742337551;2640025;2016-10-29;1;965;3;true;15
2741241696;2640025;2016-10-29;1;827;3;true;726228
2741887525;2640025;2016-10-29;1;1149;3;true;1520578
2742014780;2640025;2016-10-29;1;1545;3;true;1272244
2743671519;2640025;2016-10-30;1;1146;3;true;15
2743577586;2640025;2016-10-30;1;942;3;true;15
2746159407;2640025;2016-10-31;1;1330;0;false;3331948
2746089041;2640025;2016-10-31;1;712;0;false;3331948
2746408258;2640025;2016-10-31;1;1028;0;true;15
2746339480;2640025;2016-10-31;1;516;0;false;15
2750658640;2640025;2016-11-02;2;767;0;true;2776208
2750593827;2640025;2016-11-02;2;1531;0;true;2776208
2750797088;2640025;2016-11-02;2;1206;0;true;2634810
2757656889;2640025;2016-11-05;1;823;0;false;1375614
2757762156;2640025;2016-11-05;1;1504;0;true;1375614
2762772530;2640025;2016-11-07;2;1193;null;true;2414475
2762896575;2640025;2016-11-07;2;1236;Support;true;2414475
2764486115;2640025;2016-11-08;2;1361;Support;true;3258149
2766661245;2640025;2016-11-09;2;860;null;false;3335660
2766356694;2640025;2016-11-09;2;1782;null;true;3336725
2766810328;2640025;2016-11-09;2;867;null;false;3335660
2766293938;2640025;2016-11-09;2;2656;null;true;3336725
2770424059;2640025;2016-11-11;1;1371;null;true;3335660
2770560829;2640025;2016-11-11;1;1002;null;false;5
2770373013;2640025;2016-11-11;1;1360;Support;true;3335660
2770695776;2640025;2016-11-11;1;1261;Support;true;5
2773036508;2640025;2016-11-12;1;561;Support;false;3331948
2772418512;2640025;2016-11-12;2;1435;Support;false;1951061
2773142621;2640025;2016-11-12;1;1982;null;true;3331948
2786166833;2640025;2016-11-18;1;1123;Support;true;726228
2786297644;2640025;2016-11-18;1;995;Support;false;726228
