2405555311;2578382;2016-06-01;3;1571;2;true;2699723
2405659801;2578382;2016-06-01;3;1307;2;true;2699723
2407787799;2578382;2016-06-02;3;660;2;false;2762745
2408037002;2578382;2016-06-02;3;968;2;false;2762745
2407895357;2578382;2016-06-02;3;1291;2;true;2762745
2458905130;2578382;2016-06-24;1;1226;2;false;1291626
2482049776;2578382;2016-07-04;3;779;4;false;2413318
2482159406;2578382;2016-07-04;3;1309;2;true;2413318
2482280397;2578382;2016-07-04;3;1899;2;true;2413318
2491166293;2578382;2016-07-08;3;765;2;false;1964407
2491070688;2578382;2016-07-08;3;825;2;false;1964407
2497352898;2578382;2016-07-11;3;1487;2;true;2413318
2499917252;2578382;2016-07-12;3;740;2;false;2759317
2536084521;2578382;2016-07-29;2;868;2;false;59
2536188751;2578382;2016-07-29;2;715;2;false;59
2578716868;2578382;2016-08-17;3;974;2;true;2552670
2578590101;2578382;2016-08-17;3;1144;2;true;2552670
2588367147;2578382;2016-08-21;3;913;2;false;59
2588241827;2578382;2016-08-21;3;615;2;false;59
2590859207;2578382;2016-08-22;3;1014;2;false;2552670
2615107556;2578382;2016-09-01;3;629;2;false;2699723
2614998076;2578382;2016-09-01;3;768;2;false;2699723
2626475068;2578382;2016-09-06;3;1083;2;true;3323705
2626399179;2578382;2016-09-06;3;1405;2;true;2880387
2630390019;2578382;2016-09-08;3;1126;2;false;2762745
2630512131;2578382;2016-09-08;3;721;2;false;2762745
2661679285;2578382;2016-09-22;1;583;2;false;3332295
2692236327;3334489;2016-10-06;1;1445;2;true;3330347
2691969159;3334489;2016-10-06;1;1255;2;true;1964407
2693724172;3334489;2016-10-07;1;1269;2;true;1869482
2693617352;3334489;2016-10-07;1;1474;4;true;691927
2696245381;3334489;2016-10-08;1;783;2;false;2533075
2696357059;3334489;2016-10-08;1;1385;2;true;2533075
2696464492;3334489;2016-10-08;1;1208;2;false;2533075
2734814205;2578382;2016-10-26;1;940;2;false;3333433
