2728148271;3321220;2016-10-22;1;986;3;true;3414796
2727828902;3321220;2016-10-22;1;863;3;true;2788415
2727976981;3321220;2016-10-22;1;1309;3;false;147
2727428126;3321220;2016-10-22;1;1469;3;false;2672298
2728228878;3321220;2016-10-22;1;1256;3;true;3414796
2729678939;3321220;2016-10-23;1;936;3;true;2672298
2729801094;3321220;2016-10-23;1;1118;3;false;2672298
2729539874;3321220;2016-10-23;1;707;3;false;2672298
2730685415;3321220;2016-10-23;1;1023;3;true;2859105
2730792638;3321220;2016-10-23;1;659;3;false;2859105
2730739136;3321220;2016-10-23;1;734;4;false;2859105
