2442994449;2006913;2016-06-17;1;932;1;false;111474
2443155396;2006913;2016-06-17;1;981;1;true;111474
2442244100;2006913;2016-06-17;1;1138;1;true;2163
2443279779;2006913;2016-06-17;1;1194;2;true;111474
2442113000;2006913;2016-06-17;1;1215;1;false;2163
2442004818;2006913;2016-06-17;1;1342;1;true;2163
2447821556;2006913;2016-06-19;1;1095;2;false;36
2447601447;2006913;2016-06-19;1;783;1;false;36
2460843202;2006913;2016-06-25;1;964;2;true;46
2460552348;2006913;2016-06-25;1;997;1;false;2790766
2461190427;2006913;2016-06-25;1;810;1;false;1838315
2461476971;2006913;2016-06-25;1;614;2;false;1883502
2461014758;2006913;2016-06-25;1;1059;1;true;55
2463866292;2006913;2016-06-26;1;1322;1;true;2783913
2462821757;2006913;2016-06-26;1;838;2;false;111474
2463564353;2006913;2016-06-26;1;1259;1;true;2538753
2463232208;2006913;2016-06-26;1;745;1;false;2642171
2482030715;2006913;2016-07-04;2;1355;1;true;2642171
2482142961;2006913;2016-07-04;2;1329;1;true;2642171
2525936759;2006913;2016-07-24;2;1103;1;true;55
2525810868;2006913;2016-07-24;2;1306;1;true;55
2528069381;2006913;2016-07-25;2;1201;1;true;111474
2527926557;2006913;2016-07-25;2;1082;1;true;111474
2530479268;2006913;2016-07-26;2;932;1;false;46
2530576649;2006913;2016-07-26;2;660;1;false;46
2661885609;1883502;2016-09-22;1;1151;1;false;2552670
2661576001;1883502;2016-09-22;1;1218;1;true;2538753
2661785371;1883502;2016-09-22;1;1747;1;true;2552670
2663984811;1883502;2016-09-23;1;1252;1;true;3330347
2664082722;1883502;2016-09-23;1;968;1;true;3330347
2666539352;1883502;2016-09-24;1;1429;1;true;2552670
2666414264;1883502;2016-09-24;1;1392;1;true;2538753
2671053639;1883502;2016-09-26;1;1202;1;true;3332295
2671322845;1883502;2016-09-26;1;1191;1;true;2537636
2670958140;1883502;2016-09-26;1;971;1;true;3332295
2671168361;1883502;2016-09-26;1;1296;1;true;2537636
2704004787;1883502;2016-10-11;1;1476;1;true;2163
2703800163;1883502;2016-10-11;1;1191;1;false;2783913
2703926104;1883502;2016-10-11;1;1565;1;true;2163
2703687011;1883502;2016-10-11;1;743;1;false;2783913
2706026434;1883502;2016-10-12;1;946;1;true;2006913
2706112060;1883502;2016-10-12;1;984;1;false;2006913
2712507877;1883502;2016-10-15;1;1179;1;true;2006913
2712341613;1883502;2016-10-15;1;1253;1;true;2006913
2715176538;1883502;2016-10-16;1;1111;1;false;2642171
2714912582;1883502;2016-10-16;1;1126;1;false;2642171
2715080172;1883502;2016-10-16;1;1226;1;true;2642171
2717058055;1883502;2016-10-17;1;1193;1;false;3332295
2716954240;1883502;2016-10-17;1;1542;1;true;3332295
2717155735;1883502;2016-10-17;1;1475;1;true;3332295
2719226671;1883502;2016-10-18;1;1063;1;true;2642171
2718785428;1883502;2016-10-18;1;1270;1;true;2163
2718918129;1883502;2016-10-18;1;1177;1;true;2163
2719361223;1883502;2016-10-18;1;1026;1;true;2642171
2719307202;1883502;2016-10-18;1;1433;1;true;2642171
2719116845;1883502;2016-10-18;1;1039;1;false;2642171
2730344894;1883502;2016-10-23;1;1350;1;true;36
2730231450;1883502;2016-10-23;1;1739;1;true;36
2734752494;1883502;2016-10-25;1;1334;1;true;46
2734691591;1883502;2016-10-25;1;1166;1;true;46
2734777605;1883502;2016-10-25;1;1363;2;true;46
2736535496;1883502;2016-10-26;1;1078;1;true;111474
2736611319;1883502;2016-10-26;1;1151;1;true;111474
2737636507;1883502;2016-10-27;1;1553;1;false;2642171
2737507041;1883502;2016-10-27;1;1377;1;true;2533075
2738512449;1883502;2016-10-27;1;1787;1;true;2538753
2738595659;1883502;2016-10-27;1;1298;1;true;2006913
2739373619;1883502;2016-10-28;1;1512;1;true;2783913
2740099399;1883502;2016-10-28;1;1230;1;true;1838315
2739706757;1883502;2016-10-28;1;836;1;true;36
2739945449;1883502;2016-10-28;1;1366;1;true;111474
2740429436;1883502;2016-10-28;1;1156;1;true;2163
2741787963;1883502;2016-10-29;1;969;1;false;2163
2742488657;1883502;2016-10-29;1;1009;1;true;1838315
2742296197;1883502;2016-10-29;1;1502;1;true;1838315
2741865248;1883502;2016-10-29;1;817;1;false;2163
2751994184;1883502;2016-11-02;1;1196;0;true;3214108
2751902069;1883502;2016-11-02;1;1560;0;true;3214108
2751493689;1883502;2016-11-02;1;1561;0;true;3335901
2751344295;1883502;2016-11-02;1;1059;0;true;3335901
2756144907;1883502;2016-11-04;1;995;0;false;2533075
2756266984;1883502;2016-11-04;1;1332;0;true;2533075
2756491371;1883502;2016-11-04;1;1356;0;true;2783913
2756412495;1883502;2016-11-04;1;1202;0;true;2783913
2760714569;1883502;2016-11-06;1;873;0;false;2642171
2760844196;1883502;2016-11-06;1;1620;0;true;2642171
2761136622;1883502;2016-11-06;1;1329;0;true;2586976
2760988203;1883502;2016-11-06;1;1269;0;true;2642171
2761329697;1883502;2016-11-06;1;818;Core;false;2586976
2761247345;1883502;2016-11-06;1;1365;null;true;2586976
2761419323;1883502;2016-11-06;1;886;Core;false;2586976
2761501729;1883502;2016-11-06;1;1675;Core;true;2586976
2763648410;1883502;2016-11-07;1;1884;Core;true;2642171
2763588259;1883502;2016-11-07;1;1505;null;true;2642171
2782906184;1883502;2016-11-16;1;1043;Core;true;4
2782979357;1883502;2016-11-16;1;1302;Core;false;4
2783058976;1883502;2016-11-16;1;1097;Core;true;4
2783336928;1883502;2016-11-17;1;1258;Core;true;1836806
2783292895;1883502;2016-11-17;1;1270;Core;true;1836806
