2442837594;2642171;2016-06-17;2;928;1;true;55
2442971767;2642171;2016-06-17;2;849;1;true;55
2450557369;2642171;2016-06-20;2;1214;1;true;59
2450449216;2642171;2016-06-20;2;871;1;true;59
2454922855;2642171;2016-06-22;2;1145;1;true;1883502
2455028459;2642171;2016-06-22;2;1304;1;true;1883502
2461369456;2642171;2016-06-25;1;693;1;false;55
2461514781;2642171;2016-06-25;1;757;1;false;1838315
2460737408;2642171;2016-06-25;1;812;1;true;2790766
2460412203;2642171;2016-06-25;1;910;1;true;2783913
2461049428;2642171;2016-06-25;1;655;1;false;46
2462978052;2642171;2016-06-26;1;804;1;true;1883502
2463706598;2642171;2016-06-26;1;793;1;false;2538753
2463232208;2642171;2016-06-26;1;1185;1;true;2006913
2463407690;2642171;2016-06-26;1;955;1;true;111474
2465524303;2642171;2016-06-27;1;914;1;true;2538753
2465379514;2642171;2016-06-27;1;914;1;true;2538753
2467933282;2642171;2016-06-28;1;958;1;false;2783913
2467792562;2642171;2016-06-28;1;1037;1;true;2783913
2467649043;2642171;2016-06-28;1;788;1;false;2783913
2467484798;2642171;2016-06-28;1;888;1;false;111474
2467346817;2642171;2016-06-28;1;1019;1;false;111474
2482030715;2642171;2016-07-04;2;947;1;false;2006913
2482142961;2642171;2016-07-04;2;693;1;false;2006913
2488753749;2642171;2016-07-07;2;1471;1;true;2790766
2488684011;2642171;2016-07-07;2;1188;1;true;2790766
2504180385;2642171;2016-07-14;1;646;1;false;2163
2504081168;2642171;2016-07-14;1;1033;1;true;2163
2504247299;2642171;2016-07-14;1;828;1;false;2163
2506602590;2642171;2016-07-15;1;875;1;false;36
2506471754;2642171;2016-07-15;1;1134;1;false;36
2521160349;2642171;2016-07-22;2;800;2;false;55
2521030247;2642171;2016-07-22;2;782;1;false;55
2530490207;2642171;2016-07-26;2;1051;1;true;2533075
2530566335;2642171;2016-07-26;2;852;1;false;2533075
2530669102;2642171;2016-07-26;2;1125;1;true;2533075
2532639921;2642171;2016-07-27;2;938;1;true;2790766
2532548100;2642171;2016-07-27;2;1177;1;true;2790766
2532467081;2642171;2016-07-27;2;427;1;false;2790766
2593429545;2642171;2016-08-23;2;536;1;false;2538753
2593273196;2642171;2016-08-23;2;1092;2;false;2538753
2600139014;2642171;2016-08-26;2;1278;1;false;46
2600408856;2642171;2016-08-26;2;923;1;false;46
2600267452;2642171;2016-08-26;2;1115;1;true;46
2661783205;2642171;2016-09-22;1;1046;1;true;2537636
2662072050;2642171;2016-09-22;1;644;1;false;59
2661875544;2642171;2016-09-22;1;918;1;false;2537636
2662027296;2642171;2016-09-22;1;1340;2;true;59
2715176538;2642171;2016-10-16;1;1362;1;true;1883502
2714912582;2642171;2016-10-16;1;1237;1;true;1883502
2715080172;2642171;2016-10-16;1;1057;1;false;1883502
2717267408;2642171;2016-10-17;1;1219;1;true;2163
2717363456;2642171;2016-10-17;1;1574;1;false;2163
2717444292;2642171;2016-10-17;1;1240;1;true;2163
2719226671;2642171;2016-10-18;1;1103;1;false;1883502
2719361223;2642171;2016-10-18;1;694;1;false;1883502
2719307202;2642171;2016-10-18;1;889;1;false;1883502
2719116845;2642171;2016-10-18;1;1053;1;true;1883502
2721269191;2642171;2016-10-19;1;1108;1;false;1838315
2721329773;2642171;2016-10-19;1;1235;1;true;1838315
2721400291;2642171;2016-10-19;1;617;1;false;1838315
2723373532;2642171;2016-10-20;1;1036;1;false;2790766
2723307851;2642171;2016-10-20;1;1092;1;true;2790766
2723454781;2642171;2016-10-20;1;478;2;false;2790766
2737426491;2642171;2016-10-27;1;1156;1;true;2538753
2737329857;2642171;2016-10-27;1;735;1;true;2533075
2737636507;2642171;2016-10-27;1;1054;1;true;1883502
2738098377;2642171;2016-10-27;1;699;1;false;1838315
2738242665;2642171;2016-10-27;1;804;1;false;2163
2738542959;2642171;2016-10-27;1;1323;1;true;111474
2739453952;2642171;2016-10-28;1;1097;1;true;36
2740305850;2642171;2016-10-28;1;1415;2;true;2783913
2739907255;2642171;2016-10-28;1;1323;1;false;2006913
2742072564;2642171;2016-10-29;1;1473;2;true;1838315
2741957127;2642171;2016-10-29;1;1072;1;true;1838315
2747808587;2642171;2016-10-31;1;1151;0;true;2850016
2747710178;2642171;2016-10-31;1;1003;0;false;2850016
2747861268;2642171;2016-10-31;1;1358;0;true;2850016
2750066635;2642171;2016-11-01;1;846;0;false;2533075
2749738177;2642171;2016-11-01;1;1617;0;true;2783913
2750007463;2642171;2016-11-01;1;722;0;false;2533075
2749867949;2642171;2016-11-01;1;1409;0;false;2783913
2753763169;2642171;2016-11-03;1;776;0;false;2006913
2754112360;2642171;2016-11-03;1;803;0;false;2163
2753887338;2642171;2016-11-03;1;974;0;true;2006913
2754028951;2642171;2016-11-03;1;844;0;false;2163
2758086417;2642171;2016-11-05;1;1371;0;true;2163
2758241073;2642171;2016-11-05;1;1189;0;true;2163
2760714569;2642171;2016-11-06;1;1013;0;true;1883502
2760844196;2642171;2016-11-06;1;1105;0;false;1883502
2760988203;2642171;2016-11-06;1;911;0;false;1883502
2763648410;2642171;2016-11-07;1;1366;null;false;1883502
2763588259;2642171;2016-11-07;1;677;Core;false;1883502
2769718687;2642171;2016-11-10;2;1331;Core;true;2677025
2769349680;2642171;2016-11-10;2;1247;Core;true;3214108
2769195226;2642171;2016-11-10;2;810;Core;false;3214108
2769458977;2642171;2016-11-10;2;766;Core;false;3214108
2773873863;2642171;2016-11-12;2;691;Core;false;39
