2416935894;2789395;2016-06-06;3;1432;2;true
2440480895;2789395;2016-06-16;3;882;1;true
2440366527;2789395;2016-06-16;3;846;1;true
2449534647;2789395;2016-06-20;3;947;1;true
2460023273;2789395;2016-06-25;1;949;1;false
2460435158;2789395;2016-06-25;1;653;1;false
2459907895;2789395;2016-06-25;1;958;1;false
2460183648;2789395;2016-06-25;1;730;1;false
2460678157;2789395;2016-06-25;1;1087;1;true
2462755300;2789395;2016-06-26;1;1036;1;true
2462617735;2789395;2016-06-26;1;1111;1;false
2463049102;2789395;2016-06-26;1;1028;1;false
2462379425;2789395;2016-06-26;1;1256;1;true
2487748107;2789395;2016-07-07;3;838;3;false
2487981101;2789395;2016-07-07;3;1385;4;true
2487855511;2789395;2016-07-07;3;1785;3;true
2490453752;2789395;2016-07-08;3;1077;4;true
2490300202;2789395;2016-07-08;3;902;4;false
2490786972;2789395;2016-07-08;3;1251;4;false
2490610417;2789395;2016-07-08;3;1266;4;false
2508176473;2789395;2016-07-16;3;586;2;false
2507782600;2789395;2016-07-16;3;1289;4;true
2507892790;2789395;2016-07-16;3;1412;4;true
2508080317;2789395;2016-07-16;3;1315;4;true
2512126172;2789395;2016-07-18;3;896;4;false
2516374201;2789395;2016-07-20;3;1070;4;false
2516527499;2789395;2016-07-20;3;896;3;false
2518557862;2789395;2016-07-21;3;1208;4;false
2518745619;2789395;2016-07-21;3;1281;4;true
2518455526;2789395;2016-07-21;3;1393;3;true
2520617412;2789395;2016-07-22;3;1017;4;false
2520486522;2789395;2016-07-22;3;1233;3;false
2531263117;2789395;2016-07-27;3;1174;4;false
2531367770;2789395;2016-07-27;3;885;3;false
2538272702;2789395;2016-07-30;3;1436;4;true
2537828917;2789395;2016-07-30;3;1425;4;true
2537964088;2789395;2016-07-30;3;1504;2;true
2565535942;2789395;2016-08-12;3;1247;3;true
2565687842;2789395;2016-08-12;3;1128;4;false
2573084288;2789395;2016-08-15;3;850;3;false
2572930729;2789395;2016-08-15;3;1030;3;true
2575135911;2789395;2016-08-16;3;1169;4;true
2575655711;2789395;2016-08-16;3;1290;4;false
2575014976;2789395;2016-08-16;3;1079;4;true
2576049868;2789395;2016-08-16;3;1511;3;true
2575845829;2789395;2016-08-16;3;1256;2;true
2577275970;2789395;2016-08-17;3;924;4;false
2577389111;2789395;2016-08-17;3;617;4;false
2577947732;2789395;2016-08-17;3;1168;1;true
2577777217;2789395;2016-08-17;3;825;2;true
2582516287;2789395;2016-08-19;3;1172;1;true
2582355886;2789395;2016-08-19;3;987;1;true
2585105361;2789395;2016-08-20;3;1458;1;true
2584855031;2789395;2016-08-20;3;963;1;true
2584957033;2789395;2016-08-20;3;789;1;false
2587981860;2789395;2016-08-21;3;969;1;false
2587648563;2789395;2016-08-21;3;904;1;false
2587824792;2789395;2016-08-21;3;680;1;false
2592264661;2789395;2016-08-23;3;1073;4;true
2592415496;2789395;2016-08-23;3;1344;4;true
2597290165;2789395;2016-08-25;3;939;4;false
2597179283;2789395;2016-08-25;3;1222;4;false
2599914469;2789395;2016-08-26;3;1597;4;true
2602631835;2789395;2016-08-27;3;1407;4;true
2605819642;2789395;2016-08-28;3;1210;4;true
2605406862;2789395;2016-08-28;3;1036;4;true
2607386654;2789395;2016-08-29;3;779;4;false
2607480045;2789395;2016-08-29;3;874;4;false
2631522412;3323378;2016-09-09;3;771;4;false
2632079518;3323378;2016-09-09;3;1495;3;true
2634350256;3323378;2016-09-10;3;1089;4;false
2731476196;3325891;2016-10-24;1;618;1;false
2735432187;3325891;2016-10-26;1;1093;1;false
