2435619189;4;2016-06-14;3;1018;2;true;2208748
2435014261;4;2016-06-14;3;1129;2;false;2643401
2435526579;4;2016-06-14;3;838;2;false;2208748
2434931142;4;2016-06-14;3;792;2;false;2643401
2435746809;4;2016-06-14;3;583;2;false;2208748
2437965343;4;2016-06-15;3;916;2;true;2538621
2437428560;4;2016-06-15;1;934;2;false;726228
2437805859;4;2016-06-15;3;764;2;false;2538621
2436981034;4;2016-06-15;1;1259;2;true;2538621
2438104076;4;2016-06-15;3;1592;2;true;2538621
2437028162;4;2016-06-15;1;1292;2;true;2538621
2437312815;4;2016-06-15;1;1172;2;true;726228
2439805230;4;2016-06-16;1;1011;2;false;20
2439936076;4;2016-06-16;1;1061;2;false;20
2654854045;2634810;2016-09-19;1;724;2;false;2626685
2654929584;2634810;2016-09-19;1;1277;2;true;2626685
2656925945;2634810;2016-09-20;1;720;2;false;2640025
2656839144;2634810;2016-09-20;1;902;2;false;2640025
2658846855;2634810;2016-09-21;1;1291;2;false;2414095
2658764620;2634810;2016-09-21;1;1208;2;true;2414095
2660925933;2634810;2016-09-22;1;933;2;false;726228
2665017560;2634810;2016-09-24;1;1165;2;false;3331948
2665144721;2634810;2016-09-24;1;788;2;false;3331948
2670834129;2634810;2016-09-26;1;1496;2;true;2626685
2670963806;2634810;2016-09-26;1;1106;2;true;2860081
2670208637;2634810;2016-09-26;1;1330;2;true;3326126
2670530361;2634810;2016-09-26;1;1730;2;true;2860081
2670311866;2634810;2016-09-26;1;1051;2;true;3326126
2670421547;2634810;2016-09-26;1;721;2;false;2626685
2672504386;2634810;2016-09-27;1;1232;2;true;15
2672067137;2634810;2016-09-27;1;983;2;true;2208748
2672244389;2634810;2016-09-27;1;1215;2;false;1520578
2676722486;2634810;2016-09-29;1;749;2;false;4
2676447420;2634810;2016-09-29;1;1237;2;false;4
2676574577;2634810;2016-09-29;1;1973;2;true;4
2701010907;2634810;2016-10-10;1;776;2;false;2208748
2700916444;2634810;2016-10-10;1;964;2;false;2208748
2703019676;2634810;2016-10-11;1;1707;2;true;2414475
2702926612;2634810;2016-10-11;1;1466;2;true;2414475
2704594062;2634810;2016-10-12;1;1676;2;true;1951061
2704661192;2634810;2016-10-12;1;1220;2;true;1951061
2715997946;2634810;2016-10-17;1;1358;2;false;1983234
2716078420;2634810;2016-10-17;1;1769;2;true;1983234
2718467209;2634810;2016-10-18;1;1276;1;true;3326126
2718337560;2634810;2016-10-18;1;1469;2;false;3326126
2716860875;2634810;2016-10-17;2;1667;4;false;3336725
2724160249;2634810;2016-10-21;2;961;2;false;3331948
2724254108;2634810;2016-10-21;2;968;2;false;3331948
2746350720;3476337;2016-10-31;1;1568;0;false;2860081
2746249130;3476337;2016-10-31;1;860;0;false;2860081
2748723197;2634810;2016-11-01;1;1675;0;true;20
2748653651;2634810;2016-11-01;1;1332;0;true;20
2751192318;2634810;2016-11-02;2;926;0;false;5
2751350523;2634810;2016-11-02;2;478;0;false;5
2750797088;2634810;2016-11-02;2;479;0;false;2640025
2752765729;2634810;2016-11-03;2;1502;0;true;2776208
2752873895;2634810;2016-11-03;2;1315;0;false;2776208
2757163100;2634810;2016-11-05;2;1662;0;false;726228
2757288592;2634810;2016-11-05;2;478;0;false;726228
2757907171;2634810;2016-11-05;2;626;0;false;4
2758004354;2634810;2016-11-05;2;1536;0;true;4
2760051712;2634810;2016-11-06;2;535;0;false;1951061
2759916743;2634810;2016-11-06;2;1479;0;false;3258149
2759817095;2634810;2016-11-06;2;984;0;false;3258149
2760150389;2634810;2016-11-06;2;1199;0;false;1951061
2762301482;2634810;2016-11-07;1;1041;Core;false;1983234
2762372676;2634810;2016-11-07;1;796;Core;false;1983234
2764647204;2634810;2016-11-08;1;511;Core;false;3326126
2764544846;2634810;2016-11-08;1;1019;Core;false;3326126
