2471297669;726228;2016-06-30;2;902;3;false
2471781717;726228;2016-06-30;1;795;3;true
2471388138;726228;2016-06-30;2;923;3;false
2482738159;726228;2016-07-05;1;1019;3;true
2482681118;726228;2016-07-05;1;1393;3;true
2487373654;726228;2016-07-07;1;790;3;false
2500632973;726228;2016-07-13;1;1008;3;true
2500724300;726228;2016-07-13;1;1176;3;false
2502917620;726228;2016-07-14;1;1229;3;true
2503213342;726228;2016-07-14;1;1168;3;false
2502994512;726228;2016-07-14;1;1413;3;false
2503091835;726228;2016-07-14;1;1251;3;true
2507512808;726228;2016-07-16;1;1300;3;true
2507668625;726228;2016-07-16;1;1614;3;true
2510229689;726228;2016-07-17;1;946;3;false
2509430102;726228;2016-07-17;1;500;3;false
2509512975;726228;2016-07-17;1;966;3;false
2510414939;726228;2016-07-17;1;802;3;false
2516422290;726228;2016-07-20;2;821;3;false
2520295162;726228;2016-07-22;2;1007;3;false
2520179596;726228;2016-07-22;2;967;3;false
2522810774;726228;2016-07-23;2;1233;3;true
2522910647;726228;2016-07-23;2;1156;3;true
2525410961;726228;2016-07-24;2;1187;3;true
2680245477;2833354;2016-10-01;1;823;3;false
2680522217;2833354;2016-10-01;1;1689;3;true
2680597596;2833354;2016-10-01;1;1298;3;true
2680156787;2833354;2016-10-01;1;546;3;false
2681208900;2833354;2016-10-01;1;1836;3;true
2681078179;2833354;2016-10-01;1;739;4;false
2714065568;2833354;2016-10-16;2;1655;3;true
2713885592;2833354;2016-10-16;2;1215;3;true
2716578673;2833354;2016-10-17;2;1317;3;true
2716754010;2833354;2016-10-17;2;857;3;false
2722149130;2833354;2016-10-20;2;1729;4;true
2722080608;2833354;2016-10-20;2;1103;3;false
2724144429;2833354;2016-10-21;2;862;3;false
2724616088;2833354;2016-10-21;2;1059;4;false
2724230258;2833354;2016-10-21;2;1288;3;true
2724750976;2833354;2016-10-21;2;1318;3;false
2731647555;2833354;2016-10-24;1;818;3;false
2731015897;2833354;2016-10-24;1;1256;4;true
2731146292;2833354;2016-10-24;1;1070;3;false
2731264188;2833354;2016-10-24;1;1307;3;true
2731368036;2833354;2016-10-24;1;1489;3;true
2731503064;2833354;2016-10-24;1;1003;3;false
