2410895838;350190;2016-06-04;1;1010;3;true;2777247
2411940567;350190;2016-06-04;1;827;3;true;111474
2411196189;350190;2016-06-04;1;928;3;false;2163
2411460113;350190;2016-06-04;1;684;2;false;2163
2411342644;350190;2016-06-04;1;987;3;true;2163
2412105328;350190;2016-06-04;1;974;3;false;111474
2410966933;350190;2016-06-04;1;1113;3;true;2777247
2412232933;350190;2016-06-04;1;915;3;true;111474
2420758956;350190;2016-06-08;1;610;3;false;15
2420842637;350190;2016-06-08;1;862;3;true;15
2420952614;350190;2016-06-08;1;805;4;true;15
2423773495;350190;2016-06-09;1;759;3;false;1375614
2423662664;350190;2016-06-09;1;515;3;false;1375614
2425850818;350190;2016-06-10;1;644;3;false;2163
2426001580;350190;2016-06-10;1;760;3;false;2163
2442341011;350190;2016-06-17;1;948;4;false;111474
2444663195;350190;2016-06-18;1;720;3;false;2163
2444509429;350190;2016-06-18;1;920;3;false;2163
2442204165;350190;2016-06-17;1;836;3;true;111474
2442011484;350190;2016-06-17;1;664;3;false;111474
2460572757;350190;2016-06-25;1;1910;3;false;2581813
2459947585;350190;2016-06-25;1;691;3;true;2776208
2460435158;350190;2016-06-25;1;980;3;true;2789395
2459839444;350190;2016-06-25;1;969;3;false;2108395
2460167956;350190;2016-06-25;1;969;3;true;1276785
2463047834;350190;2016-06-26;1;1036;3;true;543897
2463161660;350190;2016-06-26;1;1028;3;true;2581813
2462251386;350190;2016-06-26;1;868;3;true;2659468
2462735745;350190;2016-06-26;1;1293;3;true;2767921
2463296249;350190;2016-06-26;1;777;3;false;2108395
2462479057;350190;2016-06-26;1;771;3;true;24
2464572308;350190;2016-06-27;1;978;3;true;2776208
2467478609;350190;2016-06-28;1;1021;3;true;2581813
2467731883;350190;2016-06-28;1;1154;3;true;2581813
2467593841;350190;2016-06-28;1;770;3;false;2581813
2466903757;350190;2016-06-28;1;1152;3;true;2659468
2467373931;350190;2016-06-28;1;1118;3;true;2581813
2466812760;350190;2016-06-28;1;985;3;true;2659468
2488249740;350190;2016-07-07;3;1404;3;true;2738555
2488113093;350190;2016-07-07;3;1124;3;true;2738555
2490453752;350190;2016-07-08;3;923;3;false;2789395
2490300202;350190;2016-07-08;3;990;3;true;2789395
2490786972;350190;2016-07-08;3;1390;3;true;2789395
2490610417;350190;2016-07-08;3;760;3;true;2789395
2502387920;350190;2016-07-13;1;522;3;false;2586976
2502305932;350190;2016-07-13;1;1124;3;true;2512249
2502229047;350190;2016-07-13;1;941;3;true;2512249
2502428208;350190;2016-07-14;1;972;3;true;2586976
2502478249;350190;2016-07-14;1;647;3;false;2586976
2508820859;350190;2016-07-16;1;905;3;true;36
2508732666;350190;2016-07-16;1;1096;3;false;36
2508903361;350190;2016-07-16;1;935;3;false;36
2519205206;350190;2016-07-21;1;983;3;true;36
2519304127;350190;2016-07-21;1;1007;3;false;36
2519381339;350190;2016-07-21;1;622;3;false;36
2521458298;350190;2016-07-22;1;908;3;true;2635099
2521547512;350190;2016-07-22;1;790;3;true;2635099
2521344018;350190;2016-07-22;1;677;3;false;2635099
2523925191;350190;2016-07-23;1;925;3;true;2512249
2523836370;350190;2016-07-23;1;685;3;false;2512249
2523718598;350190;2016-07-23;1;1142;3;true;2512249
2526429133;350190;2016-07-24;1;744;3;false;36
2526354357;350190;2016-07-24;1;595;3;false;36
2524532644;350190;2016-07-24;1;1261;3;true;2970103
2524443650;350190;2016-07-24;1;1185;3;true;2970103
2547404209;350190;2016-08-04;1;1070;4;false;4
2547592629;350190;2016-08-04;1;834;3;false;2512249
2547541147;350190;2016-08-04;1;683;3;false;2512249
2547438767;350190;2016-08-04;1;856;3;false;4
2549304968;350190;2016-08-04;1;1020;3;false;1375614
2549351943;350190;2016-08-04;1;838;3;false;1375614
2549424687;350190;2016-08-05;1;835;3;true;1838315
2549644214;350190;2016-08-05;1;883;3;false;2163
2549509878;350190;2016-08-05;1;768;3;true;1838315
2549584654;350190;2016-08-05;1;432;3;false;2163
2551458951;350190;2016-08-05;1;840;3;true;1148284
2551385390;350190;2016-08-05;1;894;3;false;1148284
2551558915;350190;2016-08-06;1;930;3;true;2777247
2551509577;350190;2016-08-06;1;1015;3;true;2777247
2558473213;350190;2016-08-09;1;834;3;true;2783913
2562207201;350190;2016-08-10;1;1170;3;true;111474
2562091541;350190;2016-08-10;1;821;3;true;111474
2564485350;350190;2016-08-11;1;1041;3;true;2163
2564547149;350190;2016-08-11;1;1037;3;true;2163
2566482748;350190;2016-08-12;1;976;3;true;1148284
2566866066;350190;2016-08-12;1;729;3;false;2512249
2566594115;350190;2016-08-12;1;562;3;true;1148284
2566934520;350190;2016-08-13;1;910;3;false;2512249
2665385898;98301;2016-09-24;3;861;2;false;1276785
2665250017;98301;2016-09-24;3;1112;2;false;1276785
2672981573;98301;2016-09-27;3;1525;3;true;3322396
2672825100;98301;2016-09-27;3;1350;3;true;3322396
2674504498;98301;2016-09-28;3;1133;3;true;3322300
2674686471;98301;2016-09-28;3;1121;3;true;3322300
2676164722;98301;2016-09-29;3;898;3;false;24
2676310529;98301;2016-09-29;3;897;3;false;24
2753081053;98301;2016-11-03;3;1364;0;false;3327985
2752941349;98301;2016-11-03;3;1075;0;true;3327985
2753202735;98301;2016-11-03;3;1101;0;false;3327985
2755202026;98301;2016-11-04;3;953;0;true;3322396
2755297981;98301;2016-11-04;3;1239;0;true;3322396
2757473622;98301;2016-11-05;3;678;0;false;3327985
2757597788;98301;2016-11-05;3;952;0;false;3327985
2757371712;98301;2016-11-05;3;1069;0;true;3327985
2760844625;98301;2016-11-06;3;969;0;true;24
2761066583;98301;2016-11-06;3;876;0;true;24
2769949960;98301;2016-11-11;1;1106;Support;false;2854942
2769881384;98301;2016-11-11;1;863;null;true;2854942
2782438518;2581813;2016-11-16;3;439;Support;true;98301
2782560272;2581813;2016-11-16;3;1533;null;true;98301
