2433202920;2635099;2016-06-13;2;1236;4;true;2552118
2433316366;2635099;2016-06-13;2;1664;2;true;2552118
2437904702;2635099;2016-06-15;1;977;4;true;1951061
2437782930;2635099;2016-06-15;1;650;1;false;1951061
2437286654;2635099;2016-06-15;3;1048;1;true;1276785
2437558029;2635099;2016-06-15;3;774;1;false;2626685
2437449176;2635099;2016-06-15;3;1059;2;false;2626685
2437197756;2635099;2016-06-15;3;1151;2;true;1276785
2440293569;2635099;2016-06-16;1;1113;3;true;1836806
2439643051;2635099;2016-06-16;3;1047;1;true;5
2439460317;2635099;2016-06-16;3;783;1;false;5
2439522909;2635099;2016-06-16;3;1027;2;true;5
2445082246;2635099;2016-06-18;1;754;2;false;1520578
2442714305;2635099;2016-06-17;1;918;2;false;5
2442576015;2635099;2016-06-17;1;761;4;false;5
2445206790;2635099;2016-06-18;1;1233;1;true;1520578
2447530129;2635099;2016-06-19;1;1102;4;true;1375614
2447397655;2635099;2016-06-19;1;1375;1;true;1375614
2446433232;2635099;2016-06-19;1;1079;1;true;2643401
2446362410;2635099;2016-06-19;1;1530;1;true;2643401
2451620147;2635099;2016-06-21;1;1114;1;true;4
2451737108;2635099;2016-06-21;1;944;4;false;20
2453499259;2635099;2016-06-22;1;824;1;false;1951061
2453783289;2635099;2016-06-22;1;1103;1;true;2634810
2453580906;2635099;2016-06-22;1;863;1;false;1951061
2454075602;2635099;2016-06-22;1;1239;1;true;1951061
2454203627;2635099;2016-06-22;1;1005;4;true;1951061
2456140655;2635099;2016-06-23;1;1199;1;true;1520578
2456256658;2635099;2016-06-23;1;779;1;false;1520578
2456357568;2635099;2016-06-23;1;1268;2;true;1520578
2462385999;2635099;2016-06-26;1;724;1;false;1836806
2462509279;2635099;2016-06-26;1;837;1;false;2640025
2463132755;2635099;2016-06-26;1;1046;1;true;20
2463333087;2635099;2016-06-26;1;757;1;false;5
2463008349;2635099;2016-06-26;1;544;1;false;2777247
2464869280;2635099;2016-06-27;1;829;1;false;1520578
2465353157;2635099;2016-06-27;1;1326;1;true;1951061
2464582563;2635099;2016-06-27;1;737;1;false;4
2464672010;2635099;2016-06-27;1;1030;4;true;726228
2469491045;2635099;2016-06-29;2;1308;2;true;2640025
2469608363;2635099;2016-06-29;2;1064;1;true;2640025
2469829561;2635099;2016-06-29;1;955;1;true;2643401
2473597971;2635099;2016-07-01;2;998;1;true;15
2473400924;2635099;2016-07-01;1;957;1;true;4
2474243841;2635099;2016-07-01;1;939;1;true;726228
2473494084;2635099;2016-07-01;2;790;2;false;15
2481176187;2635099;2016-07-04;1;1074;1;true;1951061
2481095250;2635099;2016-07-04;1;1278;1;true;1951061
2482975804;2635099;2016-07-05;1;1184;2;true;20
2483046454;2635099;2016-07-05;1;1071;1;false;20
2483922099;2635099;2016-07-05;1;819;2;false;4
2483769101;2635099;2016-07-05;1;1496;1;true;4
2485030583;2635099;2016-07-06;1;1419;2;true;2512249
2484943506;2635099;2016-07-06;1;1294;1;true;2512249
2486067834;2635099;2016-07-06;1;1113;3;false;2626685
2485983505;2635099;2016-07-06;1;1025;1;true;2626685
2487561001;2635099;2016-07-07;1;974;1;false;1836806
2488239280;2635099;2016-07-07;1;752;1;true;2552118
2488067023;2635099;2016-07-07;1;1293;2;false;2552118
2487426065;2635099;2016-07-07;1;1061;2;false;1836806
2492258690;2635099;2016-07-09;1;776;1;false;15
2492154839;2635099;2016-07-09;1;1118;1;false;15
2491973966;2635099;2016-07-09;1;852;1;true;2777247
2491864241;2635099;2016-07-09;1;966;1;true;2777247
2499022231;2635099;2016-07-12;1;997;1;true;2414475
2498913750;2635099;2016-07-12;1;1082;1;false;2414475
2500632973;2635099;2016-07-13;1;1010;1;false;726228
2500724300;2635099;2016-07-13;1;1123;1;true;726228
2502908087;2635099;2016-07-14;2;827;2;false;1375614
2502830849;2635099;2016-07-14;2;884;1;false;1375614
2505063600;2635099;2016-07-15;2;918;3;true;20
2504983361;2635099;2016-07-15;2;1120;1;true;20
2507512808;2635099;2016-07-16;1;1135;1;false;726228
2507668625;2635099;2016-07-16;1;971;1;false;726228
2519727701;2635099;2016-07-22;1;1317;1;false;39
2521458298;2635099;2016-07-22;1;787;1;false;350190
2521547512;2635099;2016-07-22;1;1013;2;false;350190
2519681958;2635099;2016-07-22;1;789;1;false;39
2521344018;2635099;2016-07-22;1;1313;1;true;350190
