2656925945;2640025;2016-09-20;3;1055;4;true;2634810
2656839144;2640025;2016-09-20;3;1126;4;true;2634810
2660695595;2640025;2016-09-22;2;1305;4;true;3326126
2660589253;2640025;2016-09-22;2;1165;4;true;3326126
2665415486;2640025;2016-09-24;2;1220;4;true;3326126
2665685154;2640025;2016-09-24;1;1315;4;true;3331948
2665567071;2640025;2016-09-24;1;1443;4;true;3331948
2665279316;2640025;2016-09-24;2;1212;4;false;3326126
2667838287;2640025;2016-09-25;1;1414;4;true;1375614
2667725054;2640025;2016-09-25;1;1454;4;true;1375614
2667940762;2640025;2016-09-25;1;1359;4;false;3331948
2668065777;2640025;2016-09-25;1;1323;4;true;3331948
2668683512;2640025;2016-09-25;2;1625;4;true;5
2668233373;2640025;2016-09-25;5;1347;4;true;3318843
2668365100;2640025;2016-09-25;5;1025;4;true;3318843
2668549684;2640025;2016-09-25;2;739;4;false;5
2673934091;2640025;2016-09-28;1;953;4;false;2586976
2674016347;2640025;2016-09-28;1;675;4;false;2586976
2675947244;2640025;2016-09-29;2;1093;4;true;726228
2676379849;2640025;2016-09-29;1;682;4;false;2586976
2675996162;2640025;2016-09-29;2;1070;4;true;726228
2675863393;2640025;2016-09-29;2;773;4;false;726228
2676457888;2640025;2016-09-29;1;924;4;false;2586976
2679071095;2640025;2016-09-30;1;907;4;false;3331948
2678898609;2640025;2016-09-30;1;1145;4;false;3331948
2687929891;2640025;2016-10-04;1;1572;4;true;4
2687635219;2640025;2016-10-04;2;1256;4;true;726228
2687506599;2640025;2016-10-04;2;1437;4;true;726228
2687828538;2640025;2016-10-04;1;1142;4;false;4
2689713440;2640025;2016-10-05;3;1127;4;true;1951061
2689614710;2640025;2016-10-05;3;1472;4;true;1951061
2691449871;2640025;2016-10-06;2;575;4;false;726228
2691363375;2640025;2016-10-06;2;738;4;false;726228
2696411088;2640025;2016-10-08;2;1226;4;true;726228
2696260281;2640025;2016-10-08;2;1248;4;true;3335660
2696184573;2640025;2016-10-08;2;1323;4;true;3335660
2696533597;2640025;2016-10-08;2;1073;2;false;726228
2700547808;2640025;2016-10-10;1;1109;4;false;3331948
2700466185;2640025;2016-10-10;1;917;4;false;3331948
2702545276;2640025;2016-10-11;1;1335;4;false;1375614
2702632119;2640025;2016-10-11;1;1193;4;true;1375614
2702473251;2640025;2016-10-11;1;1098;4;true;1375614
2716283869;2640025;2016-10-17;2;1698;3;true;5
2716214852;2640025;2016-10-17;2;1237;4;true;5
2720078346;2640025;2016-10-19;1;1163;4;true;3331948
2720006980;2640025;2016-10-19;1;879;4;false;3331948
2720150759;2640025;2016-10-19;1;1043;4;false;3331948
2718592440;2640025;2016-10-18;3;906;4;false;1983234
2724268094;2640025;2016-10-21;2;782;3;false;15
2724508884;2640025;2016-10-21;1;720;4;false;4
2724390790;2640025;2016-10-21;1;1366;4;true;4
2724142742;2640025;2016-10-21;2;1084;4;false;15
2726515102;2640025;2016-10-22;2;855;2;false;1520578
2726618460;2640025;2016-10-22;2;866;4;true;1520578
2729329575;2640025;2016-10-23;2;1201;4;false;726228
2729158600;2640025;2016-10-23;2;1127;4;true;726228
2731816086;2640025;2016-10-24;2;1041;4;false;5
2731707921;2640025;2016-10-24;2;1103;4;false;5
2733572493;2640025;2016-10-25;1;898;4;false;3331948
2733465184;2640025;2016-10-25;1;1137;4;false;3331948
2739447433;2640025;2016-10-28;2;1233;4;true;3326126
2739285942;2640025;2016-10-28;3;917;2;false;2626685
2739625496;2640025;2016-10-28;3;1415;2;true;2860081
2741791552;2640025;2016-10-29;1;919;4;false;3331948
2741318410;2640025;2016-10-29;2;1003;4;true;5
2742337551;2640025;2016-10-29;2;919;4;true;15
2741241696;2640025;2016-10-29;2;976;4;true;726228
2741887525;2640025;2016-10-29;2;1352;3;true;1520578
2742014780;2640025;2016-10-29;3;1097;4;true;1272244
2743671519;2640025;2016-10-30;2;1067;3;true;15
2743577586;2640025;2016-10-30;2;1145;4;true;15
2746159407;2640025;2016-10-31;1;847;0;false;3331948
2746089041;2640025;2016-10-31;1;776;0;false;3331948
2746408258;2640025;2016-10-31;2;977;0;true;15
2746339480;2640025;2016-10-31;2;625;0;false;15
2750658640;2640025;2016-11-02;3;888;0;true;2776208
2750593827;2640025;2016-11-02;3;1336;0;true;2776208
2750797088;2640025;2016-11-02;3;1167;0;true;2634810
2757656889;2640025;2016-11-05;1;855;0;false;1375614
2757762156;2640025;2016-11-05;1;1396;0;true;1375614
2762772530;2640025;2016-11-07;3;1132;null;true;2414475
2762896575;2640025;2016-11-07;3;1622;Core;true;2414475
2764486115;2640025;2016-11-08;4;1467;Core;true;3258149
2766661245;2640025;2016-11-09;2;1048;null;false;3335660
2766356694;2640025;2016-11-09;4;1700;null;true;3336725
2766810328;2640025;2016-11-09;2;1100;null;false;3335660
2766293938;2640025;2016-11-09;4;1532;null;true;3336725
2770424059;2640025;2016-11-11;2;1277;null;true;3335660
2770560829;2640025;2016-11-11;2;1269;null;false;5
2770373013;2640025;2016-11-11;2;955;Core;true;3335660
2770695776;2640025;2016-11-11;2;1129;Core;true;5
2773036508;2640025;2016-11-12;1;1006;Core;false;3331948
2772418512;2640025;2016-11-12;3;1373;Core;false;1951061
2773142621;2640025;2016-11-12;1;2096;null;true;3331948
2786166833;2640025;2016-11-18;2;937;Core;true;726228
2786297644;2640025;2016-11-18;2;899;Core;false;726228
2791786924;2640025;2016-11-20;2;1498;null;true;1520578
2791944941;2640025;2016-11-20;2;772;Core;true;1520578
2806993380;2640025;2016-11-27;2;1146;null;true;15
2806889517;2640025;2016-11-27;2;1079;null;true;15
