2410954215;39;2016-06-04;1;915;1;false;543897
2412028250;39;2016-06-04;1;1062;1;false;1148284
2411397526;39;2016-06-04;1;991;1;false;15
2410888512;39;2016-06-04;1;1000;2;true;543897
2411277988;39;2016-06-04;1;1090;2;false;15
2411032753;39;2016-06-04;1;1060;1;true;543897
2411150532;39;2016-06-04;1;1033;1;true;15
2419236363;39;2016-06-07;1;916;1;false;2777247
2461926251;39;2016-06-25;1;1304;1;true;2677025
2461742564;39;2016-06-25;1;1196;1;true;2791077
2461672415;39;2016-06-25;1;1098;1;true;1884355
2464402989;39;2016-06-26;1;1139;1;true;2512249
2464041146;39;2016-06-26;1;1328;1;true;2310555
2464347560;39;2016-06-26;1;642;1;false;3
2464459513;39;2016-06-27;1;1403;1;true;3
2519727701;39;2016-07-22;1;949;1;true;2635099
2519681958;39;2016-07-22;1;995;1;true;2635099
2524202291;39;2016-07-23;1;1236;1;false;2970103
2524119811;39;2016-07-23;1;1658;1;true;2970103
2524031077;39;2016-07-23;1;1631;1;false;2970103
2521929716;39;2016-07-23;1;648;1;false;36
2521888035;39;2016-07-23;1;747;1;false;36
2547115445;39;2016-08-03;1;1161;1;true;36
2547301927;39;2016-08-03;1;1285;1;false;2586976
2547012516;39;2016-08-03;1;1091;2;true;1836806
2546938575;39;2016-08-03;1;766;1;false;1836806
2547165450;39;2016-08-03;1;1279;1;true;36
2547354532;39;2016-08-03;1;1293;1;true;2586976
2549111670;39;2016-08-04;1;1268;1;true;2108395
2549222661;39;2016-08-04;1;1507;1;true;2108395
2548970550;39;2016-08-04;1;1090;1;true;2783913
2548908956;39;2016-08-04;1;1186;1;true;2783913
2551334799;39;2016-08-05;1;630;2;false;111474
2550972124;39;2016-08-05;1;1050;1;true;15
2551042502;39;2016-08-05;1;883;1;false;15
2551219428;39;2016-08-05;1;1142;1;false;111474
2560226228;39;2016-08-09;1;1054;1;true;1375614
2560158271;39;2016-08-09;1;1315;1;true;1375614
2562671370;39;2016-08-11;1;1363;1;true;4
2562582896;39;2016-08-11;1;1238;1;true;4
2566725198;39;2016-08-12;1;1076;1;false;1836806
2566800064;39;2016-08-12;1;718;1;false;1836806
2569011425;39;2016-08-13;1;769;1;false;2512249
2569227952;39;2016-08-13;1;1051;1;false;2512249
2569119771;39;2016-08-13;1;1149;1;true;2512249
2674644594;39;2016-09-28;1;1312;1;true;2586976
2674045536;39;2016-09-28;1;913;1;true;726228
2674540208;39;2016-09-28;1;1141;1;true;2586976
2674123837;39;2016-09-28;1;1211;1;true;726228
2674424505;39;2016-09-28;1;971;1;false;2586976
2673965642;39;2016-09-28;1;1026;1;false;726228
2678250134;39;2016-09-30;1;1236;1;true;1838315
2678164166;39;2016-09-30;1;978;4;false;1838315
2678048298;39;2016-09-30;1;1231;1;true;1838315
2680540231;39;2016-10-01;1;1152;1;false;1375614
2680673019;39;2016-10-01;1;924;1;false;1375614
2682879623;39;2016-10-02;1;761;1;false;2586976
2682989099;39;2016-10-02;1;1364;1;true;2586976
2683682946;39;2016-10-02;1;1097;1;false;1375614
2683495393;39;2016-10-02;1;1372;1;true;1375614
2682745535;39;2016-10-02;1;1170;1;true;2586976
2683309223;39;2016-10-02;1;1391;1;true;1375614
2683864078;39;2016-10-02;1;1547;1;true;1375614
2749973259;39;2016-11-01;3;1450;0;true;3
2750044073;39;2016-11-01;3;1455;0;true;3
2752288404;39;2016-11-02;1;1447;0;true;3
2752216887;39;2016-11-02;1;1382;0;false;3
2752323730;39;2016-11-02;1;1003;0;true;3
2756113153;39;2016-11-04;3;1073;0;false;3214108
2756349405;39;2016-11-04;3;1190;0;true;3214108
2754255029;39;2016-11-04;1;996;0;true;3214108
2754297176;39;2016-11-04;1;608;0;false;3214108
2754333572;39;2016-11-04;1;1248;0;true;3214108
2761620508;39;2016-11-06;3;1709;null;true;2586976
2761684165;39;2016-11-06;3;1296;Core;true;2586976
2763657161;39;2016-11-07;1;1392;null;false;3214108
2763727812;39;2016-11-07;1;1723;null;true;3214108
2763784293;39;2016-11-08;1;1133;Core;true;3214108
2771818655;39;2016-11-11;2;1411;Core;true;111474
2772035803;39;2016-11-12;2;1244;null;false;4
2774602176;39;2016-11-12;2;1042;Core;false;3214108
2773873863;39;2016-11-12;2;1370;null;true;2642171
2785280169;39;2016-11-17;1;1168;null;false;3326875
2785210504;39;2016-11-17;1;1348;Core;true;3326875
2785327828;39;2016-11-17;1;1110;null;true;3326875
2785402676;39;2016-11-18;1;1014;Core;false;2586976
2785448115;39;2016-11-18;1;895;null;false;2586976
