2410461958;2831888;2016-06-03;3;664;1;false
2438211781;2621843;2016-06-15;2;808;1;false
2438347973;2621843;2016-06-15;2;907;1;true
2440508612;2621843;2016-06-16;3;1085;1;true
2450013945;2621843;2016-06-20;2;1172;1;true
2450233710;2621843;2016-06-20;2;633;1;false
2458949931;2621843;2016-06-24;1;885;1;true
2477275657;55;2016-07-02;2;1193;1;true
2477608342;55;2016-07-02;2;1649;1;true
2477508297;55;2016-07-02;2;847;1;true
2477402399;55;2016-07-02;2;1353;1;true
2479959008;55;2016-07-03;2;856;1;false
2480045573;55;2016-07-03;2;1197;1;false
2479865783;55;2016-07-03;2;1040;1;true
2484196001;55;2016-07-05;2;835;1;false
2483923230;55;2016-07-05;2;1220;1;true
2484073587;55;2016-07-05;2;599;2;false
2486578490;55;2016-07-06;3;880;1;false
2515339437;46;2016-07-19;2;1241;1;true
2515170516;46;2016-07-19;2;1274;2;false
2515261660;46;2016-07-19;2;1275;1;true
2523645512;46;2016-07-23;2;1061;1;true
2523475375;46;2016-07-23;2;581;1;false
2523359413;46;2016-07-23;2;1288;1;true
2530479268;46;2016-07-26;2;1482;1;true
2530576649;46;2016-07-26;2;1309;1;true
2593668385;46;2016-08-23;2;1195;1;true
2593970730;46;2016-08-23;2;828;1;false
2593843512;46;2016-08-23;2;1204;1;false
2600139014;46;2016-08-26;2;1941;1;true
2600408856;46;2016-08-26;2;1097;1;true
2600267452;46;2016-08-26;2;1236;4;false
2606273603;46;2016-08-28;2;1253;1;true
2606154219;46;2016-08-28;2;1065;1;true
2608464942;46;2016-08-29;2;392;1;false
2608546737;46;2016-08-29;2;699;1;false
2644349082;2970103;2016-09-14;3;978;1;true
2644265672;2970103;2016-09-14;3;1199;1;true
2661817200;3332295;2016-09-22;1;1347;1;true
2661917179;3332295;2016-09-22;1;1153;1;false
2661679285;3332295;2016-09-22;1;1373;1;true
2663904284;3332295;2016-09-23;3;765;2;true
2663780669;3332295;2016-09-23;3;2039;2;true
2671053639;3332295;2016-09-26;1;612;1;false
2670958140;3332295;2016-09-26;1;586;1;false
2673404240;3332295;2016-09-27;2;1074;1;true
2679668417;3332295;2016-09-30;3;579;1;false
2679393976;3332295;2016-09-30;3;1134;1;false
2679573209;3332295;2016-09-30;3;1207;1;true
2681599767;3332295;2016-10-01;3;695;2;false
2681729841;3332295;2016-10-01;3;786;1;false
2703929484;3332295;2016-10-11;2;701;2;true
2703849095;3332295;2016-10-11;2;1308;1;true
2705691231;3332295;2016-10-12;1;1288;2;false
2705565420;3332295;2016-10-12;1;1296;1;true
2705803957;3332295;2016-10-12;1;818;1;true
2707965511;3332295;2016-10-13;1;1178;1;true
2708144611;3332295;2016-10-13;1;819;1;true
2708056862;3332295;2016-10-13;1;471;2;false
2709586711;3332295;2016-10-14;2;907;1;false
2710035960;3332295;2016-10-14;2;587;1;false
2709755448;3332295;2016-10-14;2;1198;1;true
2710256267;3332295;2016-10-14;1;1095;1;true
2710191376;3332295;2016-10-14;1;857;1;true
2709885980;3332295;2016-10-14;2;1546;2;false
2712797760;3332295;2016-10-15;3;1651;1;true
2712697587;3332295;2016-10-15;3;902;1;false
2712275274;3332295;2016-10-15;3;1133;1;true
2712419419;3332295;2016-10-15;3;1237;1;true
2715182460;3332295;2016-10-16;3;1323;1;true
2715383801;3332295;2016-10-16;1;647;1;false
2715277069;3332295;2016-10-16;1;1008;1;false
2715042389;3332295;2016-10-16;3;808;1;false
2717058055;3332295;2016-10-17;1;1298;1;true
2716954240;3332295;2016-10-17;1;760;1;false
2717155735;3332295;2016-10-17;1;708;1;false
2719214280;3332295;2016-10-18;3;922;1;true
2722908545;3332295;2016-10-20;3;1209;1;true
2723353736;3332295;2016-10-20;3;1850;2;true
2723008567;3332295;2016-10-20;3;901;1;true
2723249268;3332295;2016-10-20;3;908;1;false
2723414813;3332295;2016-10-20;3;810;1;true
2727767397;3332295;2016-10-22;3;1027;1;true
2727607676;3332295;2016-10-22;3;1109;1;true
2736137630;3332295;2016-10-26;1;1082;1;true
2736260415;3332295;2016-10-26;1;648;1;false
