2416935894;2659468;2016-06-06;3;1132;1;false;2789395
2440173134;2659468;2016-06-16;1;1208;2;true;543897
2440049330;2659468;2016-06-16;1;1636;1;true;543897
2442262919;2659468;2016-06-17;1;1095;2;true;2581813
2442165601;2659468;2016-06-17;1;1394;2;true;2581813
2442050367;2659468;2016-06-17;1;1234;1;true;2581813
2449327489;2659468;2016-06-20;3;1356;1;true;98301
2453856100;2659468;2016-06-22;3;1451;1;true;2581813
2459939274;2659468;2016-06-25;1;1294;1;true;2581813
2460407804;2659468;2016-06-25;1;1109;1;true;2776208
2460102446;2659468;2016-06-25;1;1063;1;true;24
2460260733;2659468;2016-06-25;1;1233;1;true;2767921
2460678157;2659468;2016-06-25;1;904;1;false;2789395
2462476425;2659468;2016-06-26;1;1010;1;true;543897
2462927947;2659468;2016-06-26;1;1174;1;false;2108395
2462251386;2659468;2016-06-26;1;978;1;false;350190
2462609100;2659468;2016-06-26;1;1136;1;false;1276785
2464767697;2659468;2016-06-27;1;1500;1;true;2581813
2464677668;2659468;2016-06-27;1;1148;1;true;2581813
2466903757;2659468;2016-06-28;1;1354;2;false;350190
2467241036;2659468;2016-06-28;1;1113;1;false;2581813
2466812760;2659468;2016-06-28;1;1064;2;false;350190
2467119481;2659468;2016-06-28;1;1230;1;true;2581813
2467020229;2659468;2016-06-28;1;1064;1;false;2581813
2472041836;2659468;2016-06-30;3;927;1;false;24
2485596509;2659468;2016-07-06;1;805;1;false;15
2485483619;2659468;2016-07-06;1;975;1;false;15
2489577745;2659468;2016-07-08;1;632;1;false;2777247
2489689205;2659468;2016-07-08;1;1000;1;false;2777247
2507782600;2659468;2016-07-16;3;648;1;false;2789395
2507892790;2659468;2016-07-16;3;800;1;false;2789395
2510183651;2659468;2016-07-17;3;1044;1;true;24
2510090215;2659468;2016-07-17;3;1224;1;true;24
2512582303;2659468;2016-07-18;3;1072;1;false;1927365
2512453983;2659468;2016-07-18;3;1379;1;true;1927365
2516732691;2659468;2016-07-20;3;1123;1;true;2738555
2516849432;2659468;2016-07-20;3;1313;1;true;2738555
2520859545;2659468;2016-07-22;3;1247;1;false;1276785
2521186839;2659468;2016-07-22;3;1018;1;true;1276785
2521064902;2659468;2016-07-22;3;1293;1;true;1276785
2525447612;2659468;2016-07-24;3;1022;1;false;24
2525944649;2659468;2016-07-24;3;1232;1;true;98301
2525344944;2659468;2016-07-24;3;1051;1;true;24
2525567742;2659468;2016-07-24;3;1032;1;false;24
2525840889;2659468;2016-07-24;3;1530;1;true;98301
2533891520;2659468;2016-07-28;3;1023;1;false;543897
2533813822;2659468;2016-07-28;3;1248;1;false;543897
2572756319;2659468;2016-08-15;3;1165;2;true;2738555
2572638069;2659468;2016-08-15;3;992;1;true;2738555
2575415314;2659468;2016-08-16;3;1107;1;true;795543
2575295113;2659468;2016-08-16;3;1339;1;true;795543
2578276735;2659468;2016-08-17;3;1051;1;true;24
2577275970;2659468;2016-08-17;3;1211;1;true;2789395
2577389111;2659468;2016-08-17;3;1323;1;true;2789395
2578154611;2659468;2016-08-17;3;1320;1;true;24
2580547933;2659468;2016-08-18;3;745;2;false;543897
2580387843;2659468;2016-08-18;3;1031;2;false;543897
2582016424;2659468;2016-08-19;3;1195;1;true;98301
2581931414;2659468;2016-08-19;3;1005;1;true;98301
2588042488;2659468;2016-08-21;3;1572;4;true;2581813
2588153979;2659468;2016-08-21;3;1350;1;true;2581813
2589905829;2659468;2016-08-22;3;1060;1;true;1276785
2589817232;2659468;2016-08-22;3;1328;4;true;1276785
2597591490;2659468;2016-08-25;3;2002;1;true;24
2597699701;2659468;2016-08-25;3;1435;2;true;24
2605030698;2659468;2016-08-28;3;1220;2;true;2581813
2604891443;2659468;2016-08-28;3;1534;1;false;2581813
2607386654;2659468;2016-08-29;3;1026;1;true;2789395
2607480045;2659468;2016-08-29;3;1175;1;true;2789395
2607886135;2659468;2016-08-29;3;1226;1;true;1276785
2609980279;2659468;2016-08-30;3;1056;1;true;2581813
2609874136;2659468;2016-08-30;3;945;1;false;2581813
2616975502;2659468;2016-09-02;3;952;1;true;2581813
2616774839;2659468;2016-09-02;3;1271;1;true;2581813
2616654771;2659468;2016-09-02;3;1338;1;true;2581813
2631420628;2659468;2016-09-09;3;1149;1;true;2626685
2631762404;2659468;2016-09-09;3;1027;1;false;543897
2634540289;2659468;2016-09-10;3;1220;2;true;24
2634973789;2659468;2016-09-10;3;1132;1;false;350190
2654899324;2659468;2016-09-19;3;1071;1;false;3327985
2654836293;2659468;2016-09-19;3;896;1;true;3327985
2657135047;2659468;2016-09-20;3;1366;1;true;2108395
2657039842;2659468;2016-09-20;3;1384;2;true;2108395
2660739466;2659468;2016-09-22;3;1279;1;true;3322300
2660834477;2659468;2016-09-22;3;1097;2;true;3322300
2664996581;2659468;2016-09-24;3;1605;1;true;3322396
2670758262;2659468;2016-09-26;3;1196;1;true;1276785
2670622958;2659468;2016-09-26;3;850;1;false;1276785
2670511882;2659468;2016-09-26;3;1141;1;true;1276785
2674162943;2659468;2016-09-28;3;1343;1;true;3327985
2674269571;2659468;2016-09-28;3;985;2;true;3327985
2678331923;2659468;2016-09-30;3;882;2;true;24
2678238536;2659468;2016-09-30;3;1084;2;true;24
2703116247;2659468;2016-10-11;1;985;1;false;543897
2703000569;2659468;2016-10-11;1;1469;2;false;543897
2705239678;2659468;2016-10-12;1;1531;2;true;1148284
2705107339;2659468;2016-10-12;1;1718;1;true;1148284
2708960090;2659468;2016-10-14;3;837;2;false;3326875
2708676118;2659468;2016-10-14;1;631;2;false;350190
2708604050;2659468;2016-10-14;1;825;2;false;350190
2708862807;2659468;2016-10-14;3;1090;1;false;3326875
2716158120;2659468;2016-10-17;3;896;2;false;24
2716259547;2659468;2016-10-17;3;965;1;true;24
2718450754;2659468;2016-10-18;3;1614;1;true;98301
2718338979;2659468;2016-10-18;3;1028;1;true;98301
2726537865;2659468;2016-10-22;3;1162;1;false;1276785
2726826414;2659468;2016-10-22;3;1598;1;true;1276785
2726700625;2659468;2016-10-22;3;1666;2;true;1276785
2732017221;2659468;2016-10-24;1;972;1;true;2880140
2731569516;2659468;2016-10-24;1;1228;1;true;3327985
2731486839;2659468;2016-10-24;1;1240;1;true;2052901
2737336515;2659468;2016-10-27;1;1140;1;true;2880140
2737079320;2659468;2016-10-27;1;1135;1;true;1105664
2737515540;2659468;2016-10-27;1;1038;2;true;350190
2736921333;2659468;2016-10-27;1;898;2;false;3326875
2739068804;2659468;2016-10-28;1;977;1;false;2108395
2739347066;2659468;2016-10-28;1;1110;2;true;1276785
2738927030;2659468;2016-10-28;1;842;1;false;543897
2739497510;2659468;2016-10-28;1;1512;1;true;24
2741219726;2659468;2016-10-29;1;1040;2;false;3326875
2741298287;2659468;2016-10-29;1;712;1;false;3326875
2743690402;2659468;2016-10-30;1;1293;2;true;350190
2743495470;2659468;2016-10-30;1;898;1;false;350190
2743564450;2659468;2016-10-30;1;1335;1;true;350190
2744259144;2659468;2016-10-30;1;1262;1;true;543897
2744362131;2659468;2016-10-30;1;1297;0;true;543897
2749087208;2659468;2016-11-01;3;1185;0;false;1105664
2749255535;2659468;2016-11-01;3;1464;0;false;1105664
2748946818;2659468;2016-11-01;3;1292;0;true;1105664
2751186343;2659468;2016-11-02;3;2233;0;true;3327985
2750833543;2659468;2016-11-02;3;2119;0;true;3322300
2751311502;2659468;2016-11-02;3;1329;0;true;3327985
2750751794;2659468;2016-11-02;3;1289;0;true;3322300
2757893940;2659468;2016-11-05;3;2266;0;true;3327985
2757790759;2659468;2016-11-05;3;1698;0;false;3327985
2758104028;2659468;2016-11-05;3;1183;0;false;3327985
