2416935894;2789395;2016-06-06;3;1102;2;true;2659468
2440480895;2789395;2016-06-16;3;931;2;true;1927365
2440366527;2789395;2016-06-16;3;977;2;true;1927365
2449534647;2789395;2016-06-20;3;1201;2;true;2738555
2460023273;2789395;2016-06-25;1;945;2;false;2767921
2460435158;2789395;2016-06-25;1;634;2;false;350190
2459907895;2789395;2016-06-25;1;597;2;false;24
2460183648;2789395;2016-06-25;1;765;2;false;2776208
2460678157;2789395;2016-06-25;1;831;2;true;2659468
2462755300;2789395;2016-06-26;1;1217;2;true;1276785
2462617735;2789395;2016-06-26;1;770;2;false;2581813
2463049102;2789395;2016-06-26;1;902;2;false;2108395
2462379425;2789395;2016-06-26;1;907;2;true;543897
2487748107;2789395;2016-07-07;3;670;2;false;2767921
2487981101;2789395;2016-07-07;3;1294;2;true;2767921
2487855511;2789395;2016-07-07;3;1000;2;true;2767921
2490453752;2789395;2016-07-08;3;1111;2;true;350190
2490300202;2789395;2016-07-08;3;844;2;false;350190
2490786972;2789395;2016-07-08;3;866;2;false;350190
2490610417;2789395;2016-07-08;3;656;2;false;350190
2508176473;2789395;2016-07-16;3;535;4;false;2738555
2507782600;2789395;2016-07-16;3;1286;2;true;2659468
2507892790;2789395;2016-07-16;3;1048;2;true;2659468
2508080317;2789395;2016-07-16;3;897;2;true;2738555
2512317248;2789395;2016-07-18;3;833;2;false;1927365
2512126172;2789395;2016-07-18;3;790;2;false;1927365
2516374201;2789395;2016-07-20;3;804;2;false;24
2516527499;2789395;2016-07-20;3;809;2;false;24
2518557862;2789395;2016-07-21;3;899;2;false;2738555
2518745619;2789395;2016-07-21;3;862;2;true;2738555
2518455526;2789395;2016-07-21;3;948;2;true;2738555
2520617412;2789395;2016-07-22;3;787;2;false;2581813
2520486522;2789395;2016-07-22;3;697;2;false;2581813
2531263117;2789395;2016-07-27;3;864;2;false;1927365
2531367770;2789395;2016-07-27;3;743;2;false;1927365
2538272702;2789395;2016-07-30;3;767;2;true;3020072
2537828917;2789395;2016-07-30;3;1058;2;true;2644737
2537964088;2789395;2016-07-30;3;865;4;true;2644737
2565535942;2789395;2016-08-12;3;980;2;true;2398232
2565687842;2789395;2016-08-12;3;664;2;false;2398232
2573084288;2789395;2016-08-15;3;747;2;false;98301
2572930729;2789395;2016-08-15;3;984;2;true;98301
2575135911;2789395;2016-08-16;3;1145;2;true;1276785
2575655711;2789395;2016-08-16;3;887;2;false;1105664
2575014976;2789395;2016-08-16;3;1378;2;true;1276785
2576049868;2789395;2016-08-16;3;777;2;true;1105664
2575845829;2789395;2016-08-16;3;1423;4;true;1105664
2577275970;2789395;2016-08-17;3;786;2;false;2659468
2577389111;2789395;2016-08-17;3;869;2;false;2659468
2577947732;2789395;2016-08-17;3;1244;2;true;3210352
2577777217;2789395;2016-08-17;3;1177;2;true;3210352
2582516287;2789395;2016-08-19;3;962;2;true;1105664
2582355886;2789395;2016-08-19;3;1149;2;true;1105664
2585105361;2789395;2016-08-20;3;1325;2;true;1276785
2584855031;2789395;2016-08-20;3;1384;2;true;1276785
2584957033;2789395;2016-08-20;3;790;2;false;1276785
2587981860;2789395;2016-08-21;3;971;2;false;24
2587648563;2789395;2016-08-21;3;665;2;false;24
2587824792;2789395;2016-08-21;3;1033;2;false;24
2592264661;2789395;2016-08-23;3;975;2;true;2738555
2592415496;2789395;2016-08-23;3;999;2;true;2738555
2597290165;2789395;2016-08-25;3;929;2;false;2581813
2597179283;2789395;2016-08-25;3;607;2;false;2581813
2599914469;2789395;2016-08-26;3;1068;2;true;1276785
2602631835;2789395;2016-08-27;3;906;2;true;1276785
2605819642;2789395;2016-08-28;3;780;2;true;24
2605406862;2789395;2016-08-28;3;862;2;true;24
2607386654;2789395;2016-08-29;3;543;2;false;2659468
2607480045;2789395;2016-08-29;3;843;2;false;2659468
2631522412;3323378;2016-09-09;3;535;2;false;543897
2632079518;3323378;2016-09-09;3;1298;2;true;2626685
2634350256;3323378;2016-09-10;3;1045;2;false;98301
2731476196;3325891;2016-10-24;1;783;2;false;3327985
2735432187;3325891;2016-10-26;1;713;2;false;2880140
2757338906;3325891;2016-11-05;3;1145;0;true;543897
2757476558;3325891;2016-11-05;3;1805;0;true;543897
2757243157;3325891;2016-11-05;3;701;0;false;543897
2768509410;3325891;2016-11-10;1;732;Core;false;2108395
2768601930;3325891;2016-11-10;1;1695;null;true;2108395
