2435626756;5;2016-06-14;3;1340;4;false
2435517124;5;2016-06-14;3;1757;2;true
2435752301;5;2016-06-14;3;398;2;false
2438080347;5;2016-06-15;1;1712;2;true
2438197772;5;2016-06-15;1;2331;2;true
2439955955;5;2016-06-16;3;1721;2;true
2439751520;5;2016-06-16;3;1321;2;true
2439829291;5;2016-06-16;3;911;2;false
2439643051;5;2016-06-16;3;405;2;false
2439460317;5;2016-06-16;3;1994;2;true
2439522909;5;2016-06-16;3;768;2;false
2440451503;5;2016-06-16;1;1231;2;false
2440329883;5;2016-06-16;1;1486;2;true
2444883863;5;2016-06-18;1;2369;2;true
2444777259;5;2016-06-18;1;1886;2;true
2446649001;5;2016-06-19;1;1881;2;true
2446552186;5;2016-06-19;1;1661;2;true
2442714305;5;2016-06-17;1;1579;2;true
2442576015;5;2016-06-17;1;1977;4;true
2449423270;5;2016-06-20;1;1266;2;true
2449161366;5;2016-06-20;1;1364;4;false
2449282596;5;2016-06-20;1;1896;2;true
2462277891;5;2016-06-26;1;1320;2;true
2463333087;5;2016-06-26;1;1258;2;true
2462800117;5;2016-06-26;1;1541;2;true
2463164128;5;2016-06-26;1;1116;2;false
2462624643;5;2016-06-26;1;1325;2;true
2464765728;5;2016-06-27;1;1064;4;false
2464575463;5;2016-06-27;1;1464;2;true
2464847711;5;2016-06-27;1;1575;2;true
2465280543;5;2016-06-27;1;1107;2;false
2467636453;5;2016-06-28;1;1056;2;false
2466794237;5;2016-06-28;1;340;2;false
2467763435;5;2016-06-28;1;478;2;false
2466696661;5;2016-06-28;1;849;2;false
2476609317;5;2016-07-02;1;1650;4;true
2477061868;5;2016-07-02;1;711;4;false
2477191251;5;2016-07-02;1;1138;4;false
2478656233;5;2016-07-03;1;1871;2;true
2478862924;5;2016-07-03;1;1603;4;true
2483331021;5;2016-07-05;1;1725;2;true
2483221439;5;2016-07-05;1;1521;2;true
2485836552;5;2016-07-06;1;1552;2;true
2485730343;5;2016-07-06;1;793;2;false
2491829285;5;2016-07-09;3;1468;4;true
2491693435;5;2016-07-09;3;590;2;false
2491589352;5;2016-07-09;3;1861;2;true
2499290486;5;2016-07-12;1;1300;2;true
2499461927;5;2016-07-12;1;1698;4;false
2499635875;5;2016-07-12;1;1530;4;true
2499171175;5;2016-07-12;1;1149;2;true
2502902045;5;2016-07-14;1;635;2;false
2502711579;5;2016-07-14;1;1232;4;false
2502972140;5;2016-07-14;1;870;4;false
2502820698;5;2016-07-14;1;737;2;false
2654854045;2626685;2016-09-19;1;1278;4;true
2654929584;2626685;2016-09-19;1;568;2;false
2657411166;2626685;2016-09-20;1;664;2;false
2657278511;2626685;2016-09-20;1;938;2;false
2659023523;2626685;2016-09-21;1;1956;2;true
2659131392;2626685;2016-09-21;1;1052;2;false
2659411495;2626685;2016-09-21;1;1016;2;false
2659286830;2626685;2016-09-21;1;1068;2;false
2660651126;2626685;2016-09-22;1;803;2;false
2660586088;2626685;2016-09-22;1;588;2;false
2660821798;2626685;2016-09-22;1;93;2;false
2665664898;2626685;2016-09-24;1;937;2;false
2670834129;2626685;2016-09-26;1;456;2;false
2670716484;2626685;2016-09-26;1;958;2;true
2670421547;2626685;2016-09-26;1;1171;2;true
2674606122;2626685;2016-09-28;1;1182;2;true
2674754751;2626685;2016-09-28;1;1393;2;true
2676560965;2626685;2016-09-29;1;896;2;true
2676675909;2626685;2016-09-29;1;942;2;true
2687476423;2626685;2016-10-04;1;774;2;false
2687663985;2626685;2016-10-04;1;808;2;false
2691797007;2626685;2016-10-06;1;1374;2;true
2691362326;2626685;2016-10-06;1;616;2;false
2691429903;2626685;2016-10-06;1;825;2;false
2691709901;2626685;2016-10-06;1;583;2;false
2691626848;2626685;2016-10-06;1;1934;2;true
2693897355;2626685;2016-10-07;1;250;2;false
2693787381;2626685;2016-10-07;1;625;2;false
2695848169;2626685;2016-10-08;1;796;1;false
2695719783;2626685;2016-10-08;1;1546;2;true
2698359538;2626685;2016-10-09;1;1237;2;true
2698254185;2626685;2016-10-09;1;477;2;false
2701369873;2626685;2016-10-10;1;928;2;false
2701159257;2626685;2016-10-10;1;583;2;false
2704823566;2626685;2016-10-12;1;1496;2;true
2704751332;2626685;2016-10-12;1;1589;2;true
2716594603;2626685;2016-10-17;1;2039;4;true
2716708411;2626685;2016-10-17;1;950;2;false
2720072605;2626685;2016-10-19;1;283;2;false
2720154930;2626685;2016-10-19;1;1641;2;true
2714178143;2626685;2016-10-16;2;1749;2;true
2714275612;2626685;2016-10-16;2;2398;2;true
2718138733;2626685;2016-10-18;2;687;1;false
2718217171;2626685;2016-10-18;2;1281;4;true
2724029488;2626685;2016-10-21;2;94;2;false
2723966762;2626685;2016-10-21;2;393;2;false
2731146292;2626685;2016-10-24;1;1243;2;true
2731264188;2626685;2016-10-24;1;508;2;false
2731015822;2626685;2016-10-24;1;1105;2;true
2731368036;2626685;2016-10-24;1;1087;2;false
2735430185;2626685;2016-10-26;1;1830;2;true
2735175047;2626685;2016-10-26;1;1103;2;true
2735483781;2626685;2016-10-26;1;1260;2;true
2735104415;2626685;2016-10-26;1;1784;2;true
2739095086;2626685;2016-10-28;1;926;2;false
2739285942;2626685;2016-10-28;1;1703;2;true
2739646288;2626685;2016-10-28;1;1649;2;true
2739533185;2626685;2016-10-28;1;1339;2;true
2738938108;2626685;2016-10-28;1;1006;2;false
2739787665;2626685;2016-10-28;1;2125;2;true
2742552149;2626685;2016-10-29;1;1817;2;true
2741147908;2626685;2016-10-29;1;1781;2;true
2741642795;2626685;2016-10-29;1;-208;2;false
2741400636;2626685;2016-10-29;1;872;2;false
2744118356;2626685;2016-10-30;1;1040;2;false
2743891515;2626685;2016-10-30;1;1258;2;false
2744009172;2626685;2016-10-30;1;-185;2;false
2743805307;2626685;2016-10-30;1;47;2;false
