2663104277;3213075;2016-09-23;1;809;4;false
2663007619;3213075;2016-09-23;1;1403;4;false
2665764359;3213075;2016-09-24;1;551;3;false
2665864727;3213075;2016-09-24;1;843;3;false
2672326891;3213075;2016-09-27;1;801;3;false
2672417229;3213075;2016-09-27;1;827;3;false
2674606122;3213075;2016-09-28;1;1021;3;false
2674754751;3213075;2016-09-28;1;827;3;false
2680694877;3213075;2016-10-01;1;1500;3;true
2680595658;3213075;2016-10-01;1;1236;3;true
2680906391;3213075;2016-10-01;1;1104;3;false
2681454480;3213075;2016-10-01;1;1726;3;true
2681364632;3213075;2016-10-01;1;1756;3;true
2681010742;3213075;2016-10-01;1;969;3;false
2685003511;3213075;2016-10-03;1;1531;3;true
2684951260;3213075;2016-10-03;1;977;3;false
2685075999;3213075;2016-10-03;1;1016;3;false
