2407996315;2790766;2016-06-02;3;1009;3;true;55
2407750564;2790766;2016-06-02;3;1238;3;true;55
2412622303;2790766;2016-06-04;3;1080;3;true;2552670
2412797277;2790766;2016-06-04;3;1156;3;true;2552670
2415461299;2790766;2016-06-05;3;1291;3;true;2552670
2415350631;2790766;2016-06-05;3;639;3;false;2552670
2415097881;2790766;2016-06-05;3;919;3;false;59
2414962996;2790766;2016-06-05;3;805;3;false;59
2415540518;2790766;2016-06-05;3;921;3;false;2552670
2434345142;2790766;2016-06-13;3;1323;3;true;2759317
2434251918;2790766;2016-06-13;3;1082;4;true;2759317
2440469434;2790766;2016-06-16;2;665;3;false;2789717
2440967769;2790766;2016-06-16;3;934;3;false;2788336
2441055078;2790766;2016-06-16;3;978;4;false;2788336
2440849412;2790766;2016-06-16;3;1201;3;true;2788336
2442683776;2790766;2016-06-17;3;1006;3;true;2537636
2450013945;2790766;2016-06-20;2;1064;3;false;2621843
2450233710;2790766;2016-06-20;2;891;3;true;2621843
2452793026;2790766;2016-06-21;2;566;3;false;2783913
2452882116;2790766;2016-06-21;2;609;3;false;2903794
2460737408;2790766;2016-06-25;1;726;3;false;2642171
2460552348;2790766;2016-06-25;1;1033;3;true;2006913
2461220252;2790766;2016-06-25;1;618;3;false;2783913
2461377243;2790766;2016-06-25;1;663;3;false;111474
2461015742;2790766;2016-06-25;1;637;3;false;2538753
2463147675;2790766;2016-06-26;1;808;3;false;55
2463859768;2790766;2016-06-26;1;929;3;true;1883502
2462822944;2790766;2016-06-26;1;841;3;false;46
2470450728;2790766;2016-06-29;3;793;3;true;2788336
2474912312;2790766;2016-07-01;3;769;3;false;55
2474391790;2790766;2016-07-01;3;1046;3;true;2246141
2474599501;2790766;2016-07-01;3;1298;4;true;2246141
2474798842;2790766;2016-07-01;3;1078;4;false;55
2479384100;2790766;2016-07-03;3;806;3;false;2789717
2479537399;2790766;2016-07-03;3;776;3;false;2789717
2488753749;2790766;2016-07-07;2;772;3;false;2642171
2488684011;2790766;2016-07-07;2;620;3;false;2642171
2497715367;2790766;2016-07-11;3;699;3;false;2533075
2497555157;2790766;2016-07-11;3;810;4;false;2533075
2499697566;2790766;2016-07-12;3;973;3;false;2246141
2499847091;2790766;2016-07-12;3;1250;3;true;2246141
2499966236;2790766;2016-07-12;3;1017;3;false;2246141
2513157515;2790766;2016-07-18;3;1233;3;true;2413318
2513053122;2790766;2016-07-18;3;1080;3;true;2413318
2530403998;2790766;2016-07-26;2;978;3;true;55
2530284678;2790766;2016-07-26;2;1192;3;true;55
2530154239;2790766;2016-07-26;2;1111;3;false;55
2532639921;2790766;2016-07-27;2;703;3;false;2642171
2532548100;2790766;2016-07-27;2;800;3;false;2642171
2532467081;2790766;2016-07-27;2;1145;3;true;2642171
2536261080;2790766;2016-07-29;3;925;3;false;2246141
2536107888;2790766;2016-07-29;3;1065;3;true;2246141
2536498621;2790766;2016-07-29;2;824;3;false;2842794
2536426800;2790766;2016-07-29;2;1706;3;true;2842794
2536559265;2790766;2016-07-29;2;744;3;false;2842794
2535960870;2790766;2016-07-29;3;851;3;false;2246141
2573926684;2790766;2016-08-15;3;943;3;true;2699723
2574012035;2790766;2016-08-15;3;994;3;true;2699723
2591226843;2790766;2016-08-22;3;846;3;true;55
2591381241;2790766;2016-08-22;3;925;3;false;55
2591481065;2790766;2016-08-22;3;900;3;true;55
2593615941;2790766;2016-08-23;3;1189;3;true;2413318
2593726467;2790766;2016-08-23;3;802;3;true;2413318
2598577500;2790766;2016-08-25;3;698;3;false;59
2598441804;2790766;2016-08-25;3;1060;3;false;59
2608197760;2790766;2016-08-29;3;647;3;false;2552670
2608414821;2790766;2016-08-29;3;937;3;false;2552670
2615246016;2790766;2016-09-01;3;854;3;false;55
2615394486;2790766;2016-09-01;3;1031;3;false;55
2617678095;2790766;2016-09-02;3;614;3;false;2533075
2617586467;2790766;2016-09-02;3;838;3;false;2533075
2661689012;2790766;2016-09-22;1;1063;3;false;2783913
2671409178;2790766;2016-09-26;2;1219;4;true;2538753
2675384369;2790766;2016-09-28;2;1111;3;true;3330347
2675444196;2790766;2016-09-28;2;1014;3;true;3330347
2710035960;2790766;2016-10-14;2;1083;4;true;3332295
2709755448;2790766;2016-10-14;2;749;3;false;3332295
2709885980;2790766;2016-10-14;2;1214;3;true;3332295
2712275274;2790766;2016-10-15;3;1029;3;false;3332295
2712419419;2790766;2016-10-15;3;1484;4;false;3332295
2715301084;2790766;2016-10-16;3;1261;3;true;3334062
2721119493;2790766;2016-10-19;1;840;3;false;2163
2721005610;2790766;2016-10-19;1;816;3;false;2163
2720732352;2790766;2016-10-19;3;1287;4;false;2538753
2723373532;2790766;2016-10-20;1;1166;4;true;2642171
2723307851;2790766;2016-10-20;1;768;3;false;2642171
2723454781;2790766;2016-10-20;1;1389;3;true;2642171
2728188375;2790766;2016-10-22;1;1102;3;false;1838315
2728261141;2790766;2016-10-22;1;1503;3;false;1838315
2727672233;2790766;2016-10-22;1;1412;4;false;2163
2727977540;2790766;2016-10-22;1;1286;4;true;1838315
2727505966;2790766;2016-10-22;1;1098;3;true;2163
2727813625;2790766;2016-10-22;1;1210;3;true;2163
2728066629;2790766;2016-10-22;1;897;3;false;1838315
2734791453;2790766;2016-10-25;1;1097;3;true;2548365
2765512077;2790766;2016-11-08;2;834;null;true;2668269
2767607034;2790766;2016-11-09;2;1236;null;true;46
2767530416;2790766;2016-11-09;2;1288;Support;false;46
2767678900;2790766;2016-11-09;2;1117;Support;true;46
2774023686;2790766;2016-11-12;3;1178;null;false;2537636
2773879272;2790766;2016-11-12;3;1325;Support;false;2537636
2778847406;46;2016-11-14;3;1094;null;true;1964407
2778923896;46;2016-11-14;3;941;null;true;1964407
