2461756732;2788336;2016-06-25;3;1476;2;false;2789717
2461668254;2788336;2016-06-25;3;1031;3;false;2789717
2493072295;2901438;2016-07-09;3;1555;3;true;2842794
2493231355;2901438;2016-07-09;3;1718;3;true;2842794
2595724093;111474;2016-08-24;2;654;3;false;2006913
2595911558;111474;2016-08-24;2;837;3;false;2006913
2598624228;111474;2016-08-25;2;1364;3;true;2759317
2598544849;111474;2016-08-25;2;1199;3;true;2759317
2691754513;3326680;2016-10-06;1;1610;3;true;3313149
2691543922;3326680;2016-10-06;1;1148;3;true;3333047
2694127685;3326680;2016-10-07;1;1567;3;true;2538753
2693871459;3326680;2016-10-07;1;1481;3;true;2856814
2697223192;3326680;2016-10-08;1;977;3;true;3325406
2697491527;3326680;2016-10-08;1;1085;3;true;3325406
2697379124;3326680;2016-10-08;1;775;3;false;3325406
2698794126;3326680;2016-10-09;1;957;3;true;111474
2699840571;3326680;2016-10-09;1;735;4;false;2533075
2699691501;3326680;2016-10-09;1;1068;2;false;2533075
2698663165;3326680;2016-10-09;1;1408;3;true;111474
2784781573;3326680;2016-11-17;3;1263;null;true;2246141
2784892612;3326680;2016-11-17;3;1061;Support;true;2246141
