2437531225;20;2016-06-15;1;1263;2;true;2643401
2437629424;20;2016-06-15;1;1045;2;true;2643401
2437920870;20;2016-06-15;3;1140;2;true;2777247
2437995937;20;2016-06-15;3;1198;2;true;2777247
2437184139;20;2016-06-15;3;885;2;false;2640025
2437245892;20;2016-06-15;3;767;2;false;2640025
2437818927;20;2016-06-15;3;747;2;false;2777247
2440240941;20;2016-06-16;3;1211;2;true;2414475
2439805230;20;2016-06-16;1;1236;2;true;4
2439936076;20;2016-06-16;1;1140;2;true;4
2440098803;20;2016-06-16;3;1151;2;true;2414475
2441905752;20;2016-06-17;1;967;2;true;2626685
2441767694;20;2016-06-17;1;1138;2;false;2626685
2444289147;20;2016-06-18;1;882;2;false;2552118
2444202401;20;2016-06-18;1;797;2;false;2552118
2446610654;20;2016-06-19;1;749;2;false;2414475
2446534535;20;2016-06-19;1;987;2;true;2414475
2447548927;20;2016-06-19;1;566;2;false;726228
2447379758;20;2016-06-19;1;858;2;false;726228
2449099273;20;2016-06-20;2;881;2;true;1375614
2449176594;20;2016-06-20;2;1160;2;false;1375614
2451737108;20;2016-06-21;1;1083;2;true;2635099
2451491062;20;2016-06-21;1;980;2;false;4
2453646413;20;2016-06-22;1;1058;2;true;2634810
2463132755;20;2016-06-26;1;667;2;false;2635099
2463303682;20;2016-06-26;1;999;2;false;2777247
2462534343;20;2016-06-26;1;1263;2;true;1951061
2462666165;20;2016-06-26;1;891;2;false;1836806
2462287435;20;2016-06-26;1;715;2;false;1520578
2464973787;20;2016-06-27;1;723;2;false;4
2465299203;20;2016-06-27;1;1043;1;false;2640025
2464847711;20;2016-06-27;1;871;2;false;5
2465129123;20;2016-06-27;1;762;2;false;726228
2467291841;20;2016-06-28;1;1042;2;true;2643401
2471297669;20;2016-06-30;2;1160;2;true;726228
2471388138;20;2016-06-30;2;1333;2;true;726228
2473307910;20;2016-07-01;1;883;2;false;2635099
2473489681;20;2016-07-01;1;983;2;false;4
2482975804;20;2016-07-05;1;807;2;false;2635099
2483046454;20;2016-07-05;1;1097;2;true;2635099
2483387121;20;2016-07-05;1;1185;2;true;2640025
2483246060;20;2016-07-05;1;1019;2;true;2640025
2485544657;20;2016-07-06;1;1137;2;true;2414095
2485475315;20;2016-07-06;1;1218;2;true;2414095
2487191672;20;2016-07-07;1;658;2;false;1983234
2487250513;20;2016-07-07;1;1229;2;true;1983234
2491829285;20;2016-07-09;3;643;2;false;5
2491693435;20;2016-07-09;3;1041;2;true;5
2491589352;20;2016-07-09;3;857;2;false;5
2501237169;20;2016-07-13;1;414;4;false;1375614
2501294293;20;2016-07-13;1;694;2;false;1375614
2503496979;20;2016-07-14;2;810;2;false;2640025
2503348969;20;2016-07-14;2;1092;2;false;2640025
2505063600;20;2016-07-15;2;715;1;false;2635099
2504983361;20;2016-07-15;2;840;1;false;2635099
2508059262;20;2016-07-16;1;704;2;false;4
2507952925;20;2016-07-16;1;661;2;false;4
2509781610;20;2016-07-17;1;856;2;false;2635099
2509882514;20;2016-07-17;1;834;2;false;2635099
2518310741;20;2016-07-21;2;1200;2;false;2640025
2518204894;20;2016-07-21;2;1407;1;true;2208748
2656733100;1375614;2016-09-20;1;1235;2;true;5
2656658532;1375614;2016-09-20;1;1203;2;true;5
2660957713;1375614;2016-09-22;1;1151;2;true;1272244
2661097630;1375614;2016-09-22;1;786;2;true;1272244
2663153838;1375614;2016-09-23;1;827;4;false;1520578
2663040106;1375614;2016-09-23;1;714;2;false;1520578
2663278018;1375614;2016-09-23;1;801;2;false;1520578
2663422895;1375614;2016-09-23;1;791;2;false;1520578
2665852609;1375614;2016-09-24;1;917;2;false;15
2666056666;1375614;2016-09-24;1;1286;2;true;15
2665530146;1375614;2016-09-24;1;1203;2;true;20
2665635982;1375614;2016-09-24;1;644;2;true;20
2667838287;1375614;2016-09-25;2;524;2;false;2640025
2667725054;1375614;2016-09-25;2;1458;2;false;2640025
2673815580;1375614;2016-09-28;1;1098;2;true;1838315
2673871205;1375614;2016-09-28;1;1325;2;true;1838315
2674314206;1375614;2016-09-28;1;1159;2;true;1148284
2674224152;1375614;2016-09-28;1;1070;2;true;1148284
2673749773;1375614;2016-09-28;1;764;4;false;1838315
2677941169;1375614;2016-09-30;1;1227;2;true;2586976
2677795728;1375614;2016-09-30;1;965;2;false;2586976
2677868731;1375614;2016-09-30;1;944;2;true;2586976
2680540231;1375614;2016-10-01;1;1188;2;true;39
2680673019;1375614;2016-10-01;1;1030;2;true;39
2683682946;1375614;2016-10-02;1;1108;2;true;39
2683495393;1375614;2016-10-02;1;1136;2;false;39
2683309223;1375614;2016-10-02;1;1004;2;false;39
2683864078;1375614;2016-10-02;1;798;2;false;39
2689794999;1375614;2016-10-05;1;1373;2;true;4
2689323632;1375614;2016-10-05;1;1255;2;true;726228
2689694600;1375614;2016-10-05;1;815;2;false;4
2689625324;1375614;2016-10-05;1;1067;2;true;4
2689427827;1375614;2016-10-05;1;1199;2;true;726228
2692062872;1375614;2016-10-06;1;1122;2;false;1520578
2691924619;1375614;2016-10-06;1;940;2;true;1520578
2692209839;1375614;2016-10-06;1;1190;2;true;1520578
2691362326;1375614;2016-10-06;1;1412;2;true;2626685
2691429903;1375614;2016-10-06;1;1309;2;true;2626685
2693547335;1375614;2016-10-07;1;485;2;false;15
2694301210;1375614;2016-10-07;1;1548;2;true;1836806
2693447665;1375614;2016-10-07;1;911;2;false;15
2694152178;1375614;2016-10-07;1;1134;2;false;1836806
2696164591;1375614;2016-10-08;1;1117;2;true;1520578
2696371495;1375614;2016-10-08;1;1144;2;true;1520578
2696262763;1375614;2016-10-08;1;1024;2;false;1520578
2696605376;1375614;2016-10-08;1;1522;2;true;1520578
2698730571;1375614;2016-10-09;1;1266;2;true;3331948
2698859789;1375614;2016-10-09;1;1050;2;true;3331948
2701595482;1375614;2016-10-10;1;737;2;false;15
2701440386;1375614;2016-10-10;1;1039;2;false;15
2701256565;1375614;2016-10-10;1;1325;2;true;15
2700603982;1375614;2016-10-10;1;1526;2;true;20
2700522662;1375614;2016-10-10;1;1241;2;true;20
2702545276;1375614;2016-10-11;1;1503;2;true;2640025
2702632119;1375614;2016-10-11;1;994;4;false;2640025
2702881633;1375614;2016-10-11;1;1335;2;true;4
2702473251;1375614;2016-10-11;1;1085;2;false;2640025
2702986251;1375614;2016-10-11;1;1180;2;true;4
2727022170;1375614;2016-10-22;2;975;2;true;3326126
2726439589;1375614;2016-10-22;2;1176;2;true;20
2727237969;1375614;2016-10-22;1;1462;2;true;3335660
2726305857;1375614;2016-10-22;2;1237;1;true;20
2727145576;1375614;2016-10-22;1;993;2;true;3335660
2726851753;1375614;2016-10-22;2;919;2;false;3326126
2729627144;1375614;2016-10-23;2;1256;2;true;1836806
2729503911;1375614;2016-10-23;2;916;2;true;1836806
2731577856;1375614;2016-10-24;2;927;2;false;15
2731482080;1375614;2016-10-24;2;718;2;false;15
2746402998;1375614;2016-10-31;2;1019;0;true;2208748
2746486937;1375614;2016-10-31;2;931;0;true;2208748
2748579663;1375614;2016-11-01;1;1516;0;true;726228
2748687311;1375614;2016-11-01;1;1352;0;true;726228
2750426208;1375614;2016-11-02;1;1168;0;true;5
2750526261;1375614;2016-11-02;1;1206;0;true;5
2753112411;1375614;2016-11-03;2;1110;0;true;2854942
2752968437;1375614;2016-11-03;2;1028;0;false;2854942
2752678641;1375614;2016-11-03;1;803;0;true;5
2754888229;1375614;2016-11-04;2;1105;0;true;1520578
2755142817;1375614;2016-11-04;1;1351;0;true;726228
2755262417;1375614;2016-11-04;1;1232;0;true;726228
2755005213;1375614;2016-11-04;2;1121;0;true;1520578
2757656889;1375614;2016-11-05;1;1008;0;true;2640025
2757464552;1375614;2016-11-05;2;1106;0;true;2414095
2757762156;1375614;2016-11-05;1;1144;0;false;2640025
2757356922;1375614;2016-11-05;2;1066;0;true;2414095
2759892995;1375614;2016-11-06;1;1670;0;true;4
2759802544;1375614;2016-11-06;1;1105;0;true;4
2762494590;1375614;2016-11-07;2;1106;Core;true;2860081
2762571220;1375614;2016-11-07;2;921;Core;true;2860081
2764957549;1375614;2016-11-08;2;1082;Core;true;2626685
2765074449;1375614;2016-11-08;2;1225;Core;true;2626685
2766294726;1375614;2016-11-09;2;1028;null;true;3349045
2766357151;1375614;2016-11-09;2;1683;Core;true;3349045
2768650646;1375614;2016-11-10;2;1057;Core;true;2833354
2768758122;1375614;2016-11-10;2;1054;Core;true;2833354
2772281193;1375614;2016-11-12;1;730;Core;false;15
2772197042;1375614;2016-11-12;1;1381;null;true;15
2772353399;1375614;2016-11-12;1;1214;null;true;15
2776038642;1375614;2016-11-13;1;1052;Core;false;726228
2775440178;1375614;2016-11-13;1;1662;null;true;5
2776154168;1375614;2016-11-13;1;1250;Core;true;726228
2775552970;1375614;2016-11-13;1;989;Core;false;5
2783779888;1375614;2016-11-17;1;1492;null;false;726228
2783665567;1375614;2016-11-17;1;1228;Core;true;726228
2783922783;1375614;2016-11-17;1;812;Core;true;726228
2786442759;1375614;2016-11-18;1;968;Core;true;3331948
2786553478;1375614;2016-11-18;1;1430;null;true;3331948
