2435341927;2776208;2016-06-14;3;958;1;false;1951061
2435204078;2776208;2016-06-14;3;885;1;false;1951061
2437449279;2776208;2016-06-15;3;1047;2;false;1983234
2437583680;2776208;2016-06-15;3;1118;1;true;1983234
2437696905;2776208;2016-06-15;3;1056;1;false;1983234
2439559952;2776208;2016-06-16;3;673;2;false;1520578
2439476312;2776208;2016-06-16;3;875;1;false;1520578
2444911803;2776208;2016-06-18;2;1038;1;true;2642304
2460717170;2776208;2016-06-25;1;998;1;false;543897
2459838799;2776208;2016-06-25;1;1146;1;true;2767921
2460407804;2776208;2016-06-25;1;1012;1;false;2659468
2459947585;2776208;2016-06-25;1;908;1;false;350190
2460183648;2776208;2016-06-25;1;932;1;true;2789395
2462917508;2776208;2016-06-26;1;605;1;false;2581813
2462379612;2776208;2016-06-26;1;954;1;true;2108395
2463063078;2776208;2016-06-26;1;889;1;false;1276785
2462606875;2776208;2016-06-26;1;928;1;true;24
2464572308;2776208;2016-06-27;1;891;1;false;350190
2464848079;2776208;2016-06-27;1;1065;1;false;2581813
2464971377;2776208;2016-06-27;1;1031;1;false;2581813
2654676857;1951061;2016-09-19;1;1111;1;true;2208748
2654774693;1951061;2016-09-19;1;575;1;false;2208748
2657098674;1951061;2016-09-20;1;1488;1;true;2414475
2657011606;1951061;2016-09-20;1;1063;1;true;2414475
2659133421;1951061;2016-09-21;1;1346;1;true;3326126
2659046325;1951061;2016-09-21;1;784;2;false;3326126
2662648221;1951061;2016-09-23;1;443;1;false;4
2663283670;1951061;2016-09-23;1;1158;1;true;2776208
2662697323;1951061;2016-09-23;1;972;1;false;4
2662837981;1951061;2016-09-23;1;940;1;true;2909240
2665390171;1951061;2016-09-24;1;986;1;true;15
2667931748;1951061;2016-09-25;1;1238;1;true;20
2670502591;1951061;2016-09-26;1;857;1;false;1983234
2670406990;1951061;2016-09-26;1;1509;1;true;1983234
2674453935;1951061;2016-09-28;1;742;1;false;1520578
2674597609;1951061;2016-09-28;1;1025;1;true;1520578
2674097781;1951061;2016-09-28;1;762;1;false;2581813
2674731383;1951061;2016-09-28;1;1175;1;true;1520578
2674015636;1951061;2016-09-28;1;1363;1;true;2581813
2689713440;1951061;2016-10-05;1;1329;1;false;2640025
2689614710;1951061;2016-10-05;1;841;1;false;2640025
2702585514;1951061;2016-10-11;1;1481;1;true;1983234
2702529360;1951061;2016-10-11;1;1363;1;true;1983234
2704594062;1951061;2016-10-12;1;997;1;false;2634810
2704661192;1951061;2016-10-12;1;724;1;false;2634810
2717992081;1951061;2016-10-18;1;740;1;false;2860081
2718037600;1951061;2016-10-18;1;1110;1;true;2860081
2720414555;1951061;2016-10-19;1;1072;1;true;20
2720302503;1951061;2016-10-19;1;1191;1;true;20
2714701204;1951061;2016-10-16;2;1141;1;false;2414475
2714563527;1951061;2016-10-16;2;1591;1;true;2414475
2716349344;1951061;2016-10-17;2;699;1;false;1983234
2716457576;1951061;2016-10-17;2;1018;1;false;1983234
2720147508;1951061;2016-10-19;2;993;2;false;3335660
2720063000;1951061;2016-10-19;2;841;1;false;3335660
2726306768;1951061;2016-10-22;2;1273;1;true;4
2726470950;1951061;2016-10-22;2;1112;1;false;4
2731167816;1951061;2016-10-24;1;933;1;false;1272244
2731244753;1951061;2016-10-24;1;730;1;false;1272244
2731020888;1951061;2016-10-24;1;1141;1;true;2414095
2735168802;1951061;2016-10-26;1;1027;1;true;2776208
2735430185;1951061;2016-10-26;1;657;1;false;2626685
2734985954;1951061;2016-10-26;1;897;1;true;2789129
2735483781;1951061;2016-10-26;1;846;2;false;2626685
2735265401;1951061;2016-10-26;1;983;1;true;2776208
2735105674;1951061;2016-10-26;1;745;1;false;2776208
2747076983;1951061;2016-10-31;1;692;0;false;2626685
2746688199;1951061;2016-10-31;2;1572;0;false;726228
2746951088;1951061;2016-10-31;1;915;0;false;2626685
2746620879;1951061;2016-10-31;2;911;0;false;726228
2748859081;1951061;2016-11-01;1;1218;0;true;2414095
2748945656;1951061;2016-11-01;1;991;0;true;2414095
2755213602;1951061;2016-11-04;2;1193;0;true;3336725
2760051712;1951061;2016-11-06;2;1086;0;true;2634810
2760444297;1951061;2016-11-06;2;1018;0;false;5
2760150389;1951061;2016-11-06;2;993;0;true;2634810
