2431735619;2788336;2016-06-12;3;801;3;true;2537636
2431404200;2788336;2016-06-12;3;1206;3;true;2537636
2431572778;2788336;2016-06-12;3;810;3;false;2537636
2440967769;2788336;2016-06-16;3;1280;4;true;2790766
2441055078;2788336;2016-06-16;3;965;3;true;2790766
2440849412;2788336;2016-06-16;3;895;3;false;2790766
2461756732;2788336;2016-06-25;3;1092;3;false;2789717
2461668254;2788336;2016-06-25;3;744;4;false;2789717
2470450728;2788336;2016-06-29;3;566;4;false;2790766
2486615848;2788336;2016-07-06;3;636;4;false;2552670
2486503887;2788336;2016-07-06;3;811;4;false;2552670
2510369924;2788336;2016-07-17;3;1141;4;true;2831964
2510524532;2788336;2016-07-17;3;721;3;false;2537636
2581152637;2788336;2016-08-18;3;854;2;false;2856589
2581036237;2788336;2016-08-18;3;698;4;true;2856589
2580942550;2788336;2016-08-18;3;793;4;false;2856589
2588024070;3152713;2016-08-21;3;984;2;false;2842794
2593621839;3152713;2016-08-23;3;612;4;false;2880387
2593805728;3152713;2016-08-23;3;784;3;true;2880387
2622538773;3152713;2016-09-04;3;931;4;false;2246141
2622283299;3152713;2016-09-04;3;593;4;false;2246141
2622403947;3152713;2016-09-04;3;950;3;true;2246141
2628788327;3152713;2016-09-07;3;1013;4;false;739717
2628875896;3152713;2016-09-07;3;1072;4;false;739717
2668928106;3152713;2016-09-25;3;856;4;true;55
2673074764;3152713;2016-09-27;3;652;4;false;2533075
2730414230;3415078;2016-10-23;1;1396;3;true;3441765
2736681324;3415078;2016-10-26;1;1011;3;false;3333433
2769568166;3415078;2016-11-10;3;797;Support;false;55
2769516846;3415078;2016-11-10;3;774;null;false;55
2771661866;3415078;2016-11-11;3;661;null;false;2538753
