2416935894;2789395;2016-06-06;3;1277;4;true;2659468
2440480895;2789395;2016-06-16;3;946;4;true;1927365
2440366527;2789395;2016-06-16;3;1450;2;true;1927365
2449534647;2789395;2016-06-20;3;966;4;true;2738555
2460023273;2789395;2016-06-25;1;977;4;false;2767921
2460435158;2789395;2016-06-25;1;723;4;false;350190
2459907895;2789395;2016-06-25;1;732;4;false;24
2460183648;2789395;2016-06-25;1;456;4;false;2776208
2460678157;2789395;2016-06-25;1;875;3;true;2659468
2462755300;2789395;2016-06-26;1;1539;4;true;1276785
2462617735;2789395;2016-06-26;1;620;3;false;2581813
2463049102;2789395;2016-06-26;1;1123;4;false;2108395
2462379425;2789395;2016-06-26;1;1315;4;true;543897
2487748107;2789395;2016-07-07;3;803;1;false;2767921
2487981101;2789395;2016-07-07;3;1670;1;true;2767921
2487855511;2789395;2016-07-07;3;1370;1;true;2767921
2490453752;2789395;2016-07-08;3;1342;1;true;350190
2490300202;2789395;2016-07-08;3;951;1;false;350190
2490786972;2789395;2016-07-08;3;658;1;false;350190
2490610417;2789395;2016-07-08;3;928;1;false;350190
2508176473;2789395;2016-07-16;3;811;1;false;2738555
2507782600;2789395;2016-07-16;3;2331;1;true;2659468
2507892790;2789395;2016-07-16;3;1617;1;true;2659468
2508080317;2789395;2016-07-16;3;1086;1;true;2738555
2512317248;2789395;2016-07-18;3;924;1;false;1927365
2512126172;2789395;2016-07-18;3;768;1;false;1927365
2516374201;2789395;2016-07-20;3;1169;1;false;24
2516527499;2789395;2016-07-20;3;1011;1;false;24
2518557862;2789395;2016-07-21;3;976;1;false;2738555
2518745619;2789395;2016-07-21;3;1175;1;true;2738555
2518455526;2789395;2016-07-21;3;1139;1;true;2738555
2520617412;2789395;2016-07-22;3;1166;1;false;2581813
2520486522;2789395;2016-07-22;3;798;1;false;2581813
2531263117;2789395;2016-07-27;3;964;1;false;1927365
2531367770;2789395;2016-07-27;3;767;1;false;1927365
2538272702;2789395;2016-07-30;3;1409;1;true;3020072
2537828917;2789395;2016-07-30;3;1219;1;true;2644737
2537964088;2789395;2016-07-30;3;943;1;true;2644737
2565535942;2789395;2016-08-12;3;1184;1;true;2398232
2565687842;2789395;2016-08-12;3;1269;1;false;2398232
2573084288;2789395;2016-08-15;3;755;1;false;98301
2572930729;2789395;2016-08-15;3;1084;1;true;98301
2575135911;2789395;2016-08-16;3;1263;1;true;1276785
2575655711;2789395;2016-08-16;3;1037;1;false;1105664
2575014976;2789395;2016-08-16;3;1293;1;true;1276785
2576049868;2789395;2016-08-16;3;1297;1;true;1105664
2575845829;2789395;2016-08-16;3;913;1;true;1105664
2577275970;2789395;2016-08-17;3;871;1;false;2659468
2577389111;2789395;2016-08-17;3;702;1;false;2659468
2577947732;2789395;2016-08-17;3;853;4;true;3210352
2577777217;2789395;2016-08-17;3;1029;1;true;3210352
2582516287;2789395;2016-08-19;3;1294;4;true;1105664
2582355886;2789395;2016-08-19;3;1039;4;true;1105664
2585105361;2789395;2016-08-20;3;1120;3;true;1276785
2584855031;2789395;2016-08-20;3;1445;4;true;1276785
2584957033;2789395;2016-08-20;3;954;4;false;1276785
2587981860;2789395;2016-08-21;3;1062;4;false;24
2587648563;2789395;2016-08-21;3;963;4;false;24
2587824792;2789395;2016-08-21;3;562;3;false;24
2592264661;2789395;2016-08-23;3;1446;1;true;2738555
2592415496;2789395;2016-08-23;3;1360;1;true;2738555
2597290165;2789395;2016-08-25;3;930;1;false;2581813
2597179283;2789395;2016-08-25;3;802;1;false;2581813
2599914469;2789395;2016-08-26;3;1227;1;true;1276785
2602631835;2789395;2016-08-27;3;1456;1;true;1276785
2605819642;2789395;2016-08-28;3;1377;1;true;24
2605406862;2789395;2016-08-28;3;1375;1;true;24
2607386654;2789395;2016-08-29;3;762;1;false;2659468
2607480045;2789395;2016-08-29;3;867;1;false;2659468
2663283670;2776208;2016-09-23;1;939;3;false;1951061
2670296334;2776208;2016-09-26;1;1235;3;true;20
2714421000;2776208;2016-10-16;2;1010;1;false;3258149
2714593222;2776208;2016-10-16;2;940;1;true;3258149
2722270504;2776208;2016-10-20;2;1833;1;false;2414475
2722423037;2776208;2016-10-20;2;1311;1;true;2414475
2726932125;2776208;2016-10-22;2;686;4;false;3335660
2726821521;2776208;2016-10-22;2;800;1;false;3335660
2735168802;2776208;2016-10-26;1;1794;1;false;1951061
2735265401;2776208;2016-10-26;1;1149;2;false;1951061
2734983472;2776208;2016-10-26;1;1764;1;true;2414095
2735105674;2776208;2016-10-26;1;1051;2;true;1951061
2750972088;2776208;2016-11-02;2;655;0;false;1983234
2750658640;2776208;2016-11-02;2;856;0;false;2640025
2751044718;2776208;2016-11-02;2;951;0;false;1983234
2750593827;2776208;2016-11-02;2;1151;0;false;2640025
2752765729;2776208;2016-11-03;2;1094;0;false;2634810
2752873895;2776208;2016-11-03;2;1344;0;true;2634810
2755441594;2776208;2016-11-04;2;1196;0;true;4
2754891151;2776208;2016-11-04;2;885;0;false;3331948
2755621028;2776208;2016-11-04;2;740;0;false;4
2755003866;2776208;2016-11-04;2;1342;0;true;3331948
2765061561;2776208;2016-11-08;2;1193;null;true;3336725
2764670160;2776208;2016-11-08;2;1151;Core;false;726228
2764156247;2776208;2016-11-08;2;972;Core;false;5
2764942418;2776208;2016-11-08;2;1042;null;true;3336725
2764258316;2776208;2016-11-08;2;983;null;false;5
2772559998;2776208;2016-11-12;2;1064;Core;false;1951061
2772677831;2776208;2016-11-12;2;788;Core;false;1951061
