2407294384;2767921;2016-06-02;3;926;4;true;1276785
2449667402;2767921;2016-06-20;3;1159;3;true;1927365
2460023273;2767921;2016-06-25;1;1472;4;true;2789395
2460575010;2767921;2016-06-25;1;788;3;true;543897
2459838799;2767921;2016-06-25;1;651;4;false;2776208
2460260733;2767921;2016-06-25;1;785;4;false;2659468
2462540843;2767921;2016-06-26;1;657;2;false;2581813
2462376179;2767921;2016-06-26;1;1024;4;true;1276785
2462844785;2767921;2016-06-26;1;771;3;false;24
2462735745;2767921;2016-06-26;1;657;4;false;350190
2462248121;2767921;2016-06-26;1;835;4;false;2108395
2474257339;2767921;2016-07-01;3;1029;2;true;24
2487748107;2767921;2016-07-07;3;905;2;true;2789395
2487981101;2767921;2016-07-07;3;864;2;false;2789395
2487855511;2767921;2016-07-07;3;860;3;false;2789395
2497141517;2767921;2016-07-11;3;1607;2;true;543897
2501342105;2767921;2016-07-13;3;728;4;false;2581813
2501727957;2767921;2016-07-13;3;874;4;false;1276785
2501579492;2767921;2016-07-13;3;1349;2;true;1276785
2501259591;2767921;2016-07-13;3;653;4;false;2581813
2503389591;2767921;2016-07-14;3;1087;2;false;98301
2542271978;2767921;2016-08-01;3;1141;3;true;1105664
2542145443;1366458;2016-08-01;3;904;3;true;1105664
2542690642;2767921;2016-08-01;3;936;2;true;3095098
2542539411;1366458;2016-08-01;3;1215;4;true;3095098
2568045830;1366458;2016-08-13;3;1253;2;true;2662139
2568189089;2767921;2016-08-13;3;705;4;false;2662139
2575773680;1366458;2016-08-16;3;833;4;false;2398232
2575939995;1366458;2016-08-16;3;754;4;false;2398232
2660775262;2581813;2016-09-22;1;774;4;false;4
2660860004;2581813;2016-09-22;1;878;4;false;4
2667934665;2581813;2016-09-25;2;1042;4;true;2662139
2668369305;2581813;2016-09-25;2;877;4;false;2644737
2668156923;2581813;2016-09-25;2;1265;4;true;2922244
2670106443;2581813;2016-09-26;1;814;4;false;1983234
2670013584;2581813;2016-09-26;1;771;4;false;1983234
2672015477;2581813;2016-09-27;1;1332;2;true;2909240
2672073478;2581813;2016-09-27;1;1120;4;true;2909240
2674097781;2581813;2016-09-28;1;1340;4;true;1951061
2674015636;2581813;2016-09-28;1;1093;4;false;1951061
2700957746;2581813;2016-10-10;1;612;4;false;3326875
2704880245;2581813;2016-10-12;1;1293;3;true;24
2704979325;2581813;2016-10-12;1;1461;2;true;24
2708845194;2581813;2016-10-14;1;1239;3;true;543897
2709050623;2581813;2016-10-14;1;1083;4;true;543897
2708942061;2581813;2016-10-14;1;709;2;false;543897
2711930641;2581813;2016-10-15;1;722;4;false;350190
2711770146;2581813;2016-10-15;1;1484;4;true;350190
2711650212;2581813;2016-10-15;1;1096;2;false;350190
2755701613;2581813;2016-11-04;1;766;0;false;1148284
2755059175;2581813;2016-11-04;3;1837;0;true;3317685
2755498183;2581813;2016-11-04;1;1217;0;false;1148284
2754971409;2581813;2016-11-04;3;1295;0;true;3317685
2757679066;2581813;2016-11-05;1;728;0;false;543897
2757828149;2581813;2016-11-05;1;858;0;false;543897
2762723869;2581813;2016-11-07;3;1903;Support;true;3444630
2762591598;2581813;2016-11-07;3;665;null;false;3444630
2762826162;2581813;2016-11-07;3;1101;null;true;3444630
2768245207;2581813;2016-11-10;2;1119;Support;true;3325212
2770310694;2581813;2016-11-11;2;953;null;true;3322396
2770059505;2581813;2016-11-11;2;655;null;true;2151103
2770006311;2581813;2016-11-11;2;1151;null;true;2151103
2769936811;2581813;2016-11-11;2;1154;null;false;2151103
2770214125;2581813;2016-11-11;2;1435;null;true;3322396
2773609715;2581813;2016-11-12;2;934;null;true;1272244
2773824989;2581813;2016-11-12;2;1020;null;true;1272244
2775816795;2581813;2016-11-13;2;896;null;false;1838315
2775663298;2581813;2016-11-13;2;322;null;false;1838315
2775512649;2581813;2016-11-13;2;693;null;false;1838315
