2445056001;1883502;2016-06-18;1;1310;2;true;36
2444881470;1883502;2016-06-18;1;782;2;false;36
2445225082;1883502;2016-06-18;1;877;2;false;36
2454922855;1883502;2016-06-22;2;877;2;false;2642171
2455028459;1883502;2016-06-22;2;936;2;false;2642171
2460572040;1883502;2016-06-25;1;916;2;true;46
2461203360;1883502;2016-06-25;1;821;2;false;111474
2460688631;1883502;2016-06-25;1;1082;1;true;55
2461476971;1883502;2016-06-25;1;2474;2;true;2006913
2460871765;1883502;2016-06-25;1;1087;2;true;1838315
2463391722;1883502;2016-06-26;1;825;2;false;2538753
2463859768;1883502;2016-06-26;1;974;1;false;2790766
2462978052;1883502;2016-06-26;1;1062;2;false;2642171
2463711060;1883502;2016-06-26;1;772;2;false;2783913
2519578655;2970103;2016-07-21;1;1260;2;false;2512249
2519500261;2970103;2016-07-21;1;883;2;false;2512249
2521669378;2970103;2016-07-22;1;1285;2;true;3
2521743304;2970103;2016-07-22;1;521;2;false;3
2521806388;2970103;2016-07-22;1;1372;2;true;3
2524202291;2970103;2016-07-23;1;913;2;true;39
2524119811;2970103;2016-07-23;1;859;1;false;39
2524031077;2970103;2016-07-23;1;1399;1;true;39
2524532644;2970103;2016-07-24;1;795;2;false;350190
2524443650;2970103;2016-07-24;1;1048;2;false;350190
2632637217;46;2016-09-09;3;1623;2;true;2246141
2661929547;46;2016-09-22;1;829;4;true;2246141
2661805196;46;2016-09-22;1;972;2;false;2246141
2703616243;46;2016-10-11;1;969;4;false;2006913
2703494497;46;2016-10-11;1;1618;2;true;2006913
2703697249;46;2016-10-11;1;841;2;false;2006913
2705666524;46;2016-10-12;3;945;2;true;2827285
2705571558;46;2016-10-12;3;1137;2;true;2827285
2712845793;46;2016-10-15;1;1520;2;true;36
2712985060;46;2016-10-15;1;860;2;false;36
2712739902;46;2016-10-15;1;1116;2;false;36
2717268342;46;2016-10-17;1;748;2;false;2006913
2717347882;46;2016-10-17;1;1472;2;true;2006913
2717415283;46;2016-10-17;1;988;2;true;2006913
2721180302;46;2016-10-19;3;945;2;false;2537636
2721270640;46;2016-10-19;3;893;2;false;2537636
2724699405;46;2016-10-21;3;1102;2;true;59
2724843712;46;2016-10-21;3;1499;2;true;2134429
2730742034;46;2016-10-23;1;843;2;true;36
2730775006;46;2016-10-23;1;1344;2;true;36
2730680469;46;2016-10-23;1;1274;2;false;36
2734752494;46;2016-10-25;1;584;4;false;1883502
2734691591;46;2016-10-25;1;851;4;false;1883502
2734777605;46;2016-10-25;1;714;2;false;1883502
2756250110;46;2016-11-04;3;803;0;true;2246141
2756151284;46;2016-11-04;3;1156;0;true;2246141
2755971501;46;2016-11-04;3;963;0;true;55
2759026966;46;2016-11-05;3;1233;0;true;2537636
2758893203;46;2016-11-05;3;1177;0;true;2537636
2763318224;46;2016-11-07;3;1213;Core;true;3332295
2763224835;46;2016-11-07;3;860;null;false;3332295
2763425624;46;2016-11-07;3;1362;null;false;3332295
2765585741;46;2016-11-08;2;1265;Core;true;3335901
2767607034;46;2016-11-09;2;1334;Core;false;2790766
2767530416;46;2016-11-09;2;1174;null;true;2790766
2767678900;46;2016-11-09;2;871;null;false;2790766
2767203496;46;2016-11-09;3;909;Core;true;2850016
2767313441;46;2016-11-09;3;1014;null;false;2850016
2767454289;46;2016-11-09;3;1230;null;true;2850016
2776261661;3332295;2016-11-13;3;872;null;false;2790766
2778773139;3332295;2016-11-14;3;970;Core;false;2552670
2778657378;3332295;2016-11-14;3;707;null;false;2552670
