2407996315;2790766;2016-06-02;3;1281;4;true;55
2407750564;2790766;2016-06-02;3;873;4;true;55
2412622303;2790766;2016-06-04;3;1052;3;true;2552670
2412797277;2790766;2016-06-04;3;1068;2;true;2552670
2415461299;2790766;2016-06-05;3;1080;2;true;2552670
2415350631;2790766;2016-06-05;3;839;4;false;2552670
2415097881;2790766;2016-06-05;3;1193;2;false;59
2414962996;2790766;2016-06-05;3;621;2;false;59
2415540518;2790766;2016-06-05;3;767;2;false;2552670
2434345142;2790766;2016-06-13;3;1296;2;true;2759317
2434251918;2790766;2016-06-13;3;1589;1;true;2759317
2440469434;2790766;2016-06-16;2;933;4;false;2789717
2440967769;2790766;2016-06-16;3;1020;2;false;2788336
2441055078;2790766;2016-06-16;3;1050;4;false;2788336
2440849412;2790766;2016-06-16;3;1098;4;true;2788336
2442683776;2790766;2016-06-17;3;1388;2;true;2537636
2450013945;2790766;2016-06-20;2;836;4;false;2621843
2450233710;2790766;2016-06-20;2;1342;4;true;2621843
2452793026;2790766;2016-06-21;2;625;3;false;2783913
2452882116;2790766;2016-06-21;2;683;4;false;2903794
2460737408;2790766;2016-06-25;1;934;2;false;2642171
2460552348;2790766;2016-06-25;1;1072;4;true;2006913
2461220252;2790766;2016-06-25;1;836;2;false;2783913
2461377243;2790766;2016-06-25;1;580;4;false;111474
2461015742;2790766;2016-06-25;1;839;4;false;2538753
2463147675;2790766;2016-06-26;1;617;4;false;55
2463859768;2790766;2016-06-26;1;1132;4;true;1883502
2462822944;2790766;2016-06-26;1;641;4;false;46
2470450728;2790766;2016-06-29;3;1085;4;true;2788336
2474912312;2790766;2016-07-01;3;975;4;false;55
2474391790;2790766;2016-07-01;3;993;4;true;2246141
2474599501;2790766;2016-07-01;3;881;3;true;2246141
2474798842;2790766;2016-07-01;3;589;3;false;55
2479384100;2790766;2016-07-03;3;1045;1;false;2789717
2479537399;2790766;2016-07-03;3;899;4;false;2789717
2481740292;2790766;2016-07-04;2;835;4;false;111474
2481604075;2790766;2016-07-04;2;916;4;false;111474
2488753749;2790766;2016-07-07;2;885;4;false;2642171
2488684011;2790766;2016-07-07;2;527;4;false;2642171
2497715367;2790766;2016-07-11;3;498;4;false;2533075
2497555157;2790766;2016-07-11;3;595;3;false;2533075
2499697566;2790766;2016-07-12;3;836;4;false;2246141
2499847091;2790766;2016-07-12;3;836;3;true;2246141
2499966236;2790766;2016-07-12;3;1069;4;false;2246141
2513157515;2790766;2016-07-18;3;1421;4;true;2413318
2513053122;2790766;2016-07-18;3;852;4;true;2413318
2530403998;2790766;2016-07-26;2;943;4;true;55
2530284678;2790766;2016-07-26;2;1759;4;true;55
2530154239;2790766;2016-07-26;2;880;1;false;55
2532639921;2790766;2016-07-27;2;798;4;false;2642171
2532548100;2790766;2016-07-27;2;963;4;false;2642171
2532467081;2790766;2016-07-27;2;1008;4;true;2642171
2536261080;2790766;2016-07-29;3;811;4;false;2246141
2536107888;2790766;2016-07-29;3;1604;2;true;2246141
2536498621;2790766;2016-07-29;2;875;4;false;2842794
2536426800;2790766;2016-07-29;2;1086;4;true;2842794
2536559265;2790766;2016-07-29;2;933;4;false;2842794
2535960870;2790766;2016-07-29;3;920;3;false;2246141
2573926684;2790766;2016-08-15;3;1111;4;true;2699723
2574012035;2790766;2016-08-15;3;937;3;true;2699723
2591226843;2790766;2016-08-22;3;999;4;true;55
2591381241;2790766;2016-08-22;3;1057;4;false;55
2591481065;2790766;2016-08-22;3;924;4;true;55
2593615941;2790766;2016-08-23;3;1137;4;true;2413318
2593726467;2790766;2016-08-23;3;1016;4;true;2413318
2598577500;2790766;2016-08-25;3;598;4;false;59
2598441804;2790766;2016-08-25;3;1083;4;false;59
2608197760;2790766;2016-08-29;3;697;4;false;2552670
2608414821;2790766;2016-08-29;3;700;4;false;2552670
2615246016;2790766;2016-09-01;3;1012;4;false;55
2615394486;2790766;2016-09-01;3;1141;2;false;55
2617678095;2790766;2016-09-02;3;667;4;false;2533075
2617586467;2790766;2016-09-02;3;872;3;false;2533075
2661689012;2790766;2016-09-22;1;925;4;false;2783913
2671409178;2790766;2016-09-26;2;768;3;true;2538753
2675384369;2790766;2016-09-28;2;1199;4;true;3330347
2675444196;2790766;2016-09-28;2;1181;4;true;3330347
2709586711;2790766;2016-10-14;2;866;3;true;3332295
2710035960;2790766;2016-10-14;2;1357;3;true;3332295
2709755448;2790766;2016-10-14;2;958;4;false;3332295
2709885980;2790766;2016-10-14;2;1400;4;true;3332295
2712275274;2790766;2016-10-15;3;1022;3;false;3332295
2712419419;2790766;2016-10-15;3;852;3;false;3332295
2721119493;2790766;2016-10-19;1;650;3;false;2163
2721005610;2790766;2016-10-19;1;1144;3;false;2163
2720732352;2790766;2016-10-19;3;795;3;false;2538753
2723373532;2790766;2016-10-20;1;1008;3;true;2642171
2723307851;2790766;2016-10-20;1;923;4;false;2642171
2723454781;2790766;2016-10-20;1;881;4;true;2642171
2728188375;2790766;2016-10-22;1;970;2;false;1838315
2728261141;2790766;2016-10-22;1;918;4;false;1838315
2727672233;2790766;2016-10-22;1;955;3;false;2163
2727977540;2790766;2016-10-22;1;1080;3;true;1838315
2727505966;2790766;2016-10-22;1;1522;4;true;2163
2727813625;2790766;2016-10-22;1;1289;4;true;2163
2728066629;2790766;2016-10-22;1;704;4;false;1838315
2734791453;2790766;2016-10-25;1;1319;3;true;2548365
2765512077;2790766;2016-11-08;2;809;null;true;2668269
2767607034;2790766;2016-11-09;2;1407;null;true;46
2767530416;2790766;2016-11-09;2;1054;Core;false;46
2767678900;2790766;2016-11-09;2;900;Core;true;46
2774023686;2790766;2016-11-12;3;849;null;false;2537636
2773879272;2790766;2016-11-12;3;1030;Core;false;2537636
2776261661;2790766;2016-11-13;3;1093;Core;true;3332295
2778831103;2790766;2016-11-14;2;1257;Core;true;3508243
2778737518;2790766;2016-11-14;2;1167;null;true;3508243
2782565877;2790766;2016-11-16;3;1252;null;true;2775251
2782736003;2790766;2016-11-16;3;934;Core;true;3326728
