2435580588;2789129;2016-06-14;2;96;2;false
2435685900;2789129;2016-06-14;2;1319;4;true
2435804703;2789129;2016-06-14;2;1354;4;true
2437565390;2789129;2016-06-15;2;1052;3;false
2437682290;2789129;2016-06-15;2;359;2;false
2440008047;2789129;2016-06-16;2;1377;4;true
2439835717;2789129;2016-06-16;2;1042;3;false
2440129277;2789129;2016-06-16;2;1097;4;false
2479276911;2789129;2016-07-03;2;890;4;false
2489956410;2789129;2016-07-08;2;1600;4;true
2503365698;1983234;2016-07-14;1;557;2;false
2503428644;1983234;2016-07-14;1;1371;4;false
2516066293;1983234;2016-07-20;2;1183;4;true
2516437272;1983234;2016-07-20;2;1515;4;false
2518561906;1983234;2016-07-21;2;1168;4;true
2518471287;1983234;2016-07-21;2;1474;4;true
2522165489;1983234;2016-07-23;1;1165;4;true
2522518741;1983234;2016-07-23;1;1179;4;false
2527452764;1983234;2016-07-25;2;1481;3;false
2527625642;1983234;2016-07-25;2;1016;4;false
2529891997;1983234;2016-07-26;2;823;4;false
2656918057;1983234;2016-09-20;1;1361;4;false
2656861720;1983234;2016-09-20;1;1029;4;true
2658594638;1983234;2016-09-21;1;1475;4;true
2658670835;1983234;2016-09-21;1;1375;4;true
2663002354;1983234;2016-09-23;1;1267;4;false
2668072792;1983234;2016-09-25;1;828;3;false
2668524323;1983234;2016-09-25;1;846;4;false
2670502591;1983234;2016-09-26;1;1628;4;true
2670106443;1983234;2016-09-26;1;2223;4;true
2670406990;1983234;2016-09-26;1;1335;4;false
2670013584;1983234;2016-09-26;1;1541;4;true
2672222743;1983234;2016-09-27;1;1015;4;false
2672152921;1983234;2016-09-27;1;586;4;false
2676158637;1983234;2016-09-29;1;1400;4;true
2676216524;1983234;2016-09-29;1;1478;4;true
2734985954;2789129;2016-10-26;1;972;4;false
