2408596949;1836806;2016-06-03;1;963;2;false;2512249
2408739164;1836806;2016-06-03;1;921;2;false;2512249
2409698555;1836806;2016-06-03;1;898;2;false;2512249
2409398145;1836806;2016-06-03;1;1022;2;true;1838315
2409258294;1836806;2016-06-03;1;885;2;false;1838315
2408676984;1836806;2016-06-03;1;1125;2;true;2512249
2409157187;1836806;2016-06-03;1;1294;2;true;1838315
2409573458;1836806;2016-06-03;1;891;2;false;2512249
2418854718;1836806;2016-06-07;1;886;2;false;3
2437128789;1836806;2016-06-15;1;1320;2;true;2538621
2438078016;1836806;2016-06-15;1;737;2;false;2552118
2437178945;1836806;2016-06-15;1;1145;2;true;2538621
2438227264;1836806;2016-06-15;1;1294;2;true;2552118
2439819883;1836806;2016-06-16;1;1010;2;true;2414095
2440293569;1836806;2016-06-16;1;539;2;false;2635099
2439888064;1836806;2016-06-16;1;1040;2;true;2414095
2441513017;1836806;2016-06-17;1;849;2;false;2777247
2441459357;1836806;2016-06-17;1;1078;2;true;2777247
2444865333;1836806;2016-06-18;1;1297;2;true;2738689
2444774503;1836806;2016-06-18;1;1152;2;true;2738689
2444001646;1836806;2016-06-18;1;1053;2;true;2860414
2444065157;1836806;2016-06-18;1;939;2;true;2860414
2446816185;1836806;2016-06-19;1;1132;2;false;1951061
2446921274;1836806;2016-06-19;1;1248;2;true;1951061
2451835794;1836806;2016-06-21;1;701;2;false;1520578
2451943733;1836806;2016-06-21;1;807;2;false;1520578
2462385999;1836806;2016-06-26;1;1213;4;true;2635099
2462277891;1836806;2016-06-26;1;827;2;false;5
2463253508;1836806;2016-06-26;1;1025;2;true;726228
2462666165;1836806;2016-06-26;1;971;2;true;20
2462789056;1836806;2016-06-26;1;1288;2;true;1520578
2464976921;1836806;2016-06-27;1;1458;2;true;2777247
2464661404;1836806;2016-06-27;1;1014;2;true;4
2464572892;1836806;2016-06-27;1;1136;2;true;2640025
2465127321;1836806;2016-06-27;1;903;2;false;1951061
2465529645;1836806;2016-06-27;1;1606;2;true;4
2473693876;1836806;2016-07-01;1;817;4;true;2640025
2473583647;1836806;2016-07-01;1;1356;2;true;2640025
2476601885;1836806;2016-07-02;1;869;2;false;2777247
2476727031;1836806;2016-07-02;1;1435;2;true;2777247
2476846664;1836806;2016-07-02;1;1481;2;true;2777247
2483995702;1836806;2016-07-05;1;1399;4;true;2643401
2485836552;1836806;2016-07-06;1;993;2;false;5
2485180059;1836806;2016-07-06;1;1264;2;true;46
2485296372;1836806;2016-07-06;1;1319;2;true;46
2486012999;1836806;2016-07-06;1;718;2;false;15
2485730343;1836806;2016-07-06;1;1244;2;true;5
2486139997;1836806;2016-07-06;1;976;2;true;15
2487561001;1836806;2016-07-07;1;1060;2;true;2635099
2487843241;1836806;2016-07-07;1;1346;2;true;1520578
2487931572;1836806;2016-07-07;1;1353;2;true;1520578
2488090033;1836806;2016-07-07;1;1302;2;true;2626685
2488198093;1836806;2016-07-07;1;995;1;false;2626685
2487426065;1836806;2016-07-07;1;1070;2;true;2635099
2489404051;1836806;2016-07-08;1;804;4;false;4
2490113541;1836806;2016-07-08;1;984;2;true;1375614
2489840815;1836806;2016-07-08;1;1066;2;true;1375614
2489357139;1836806;2016-07-08;1;1073;2;true;4
2489929269;1836806;2016-07-08;1;845;2;false;1375614
2494438298;1836806;2016-07-10;1;944;2;true;1375614
2494588246;1836806;2016-07-10;1;1279;2;true;1375614
2494920249;1836806;2016-07-10;1;1023;2;false;1375614
2494287314;1836806;2016-07-10;1;996;2;false;1375614
2494743001;1836806;2016-07-10;1;1095;2;false;1375614
2504519631;1836806;2016-07-14;1;1252;2;true;36
2504354745;1836806;2016-07-14;1;927;2;false;36
2504438779;1836806;2016-07-14;1;1070;2;true;36
2504584763;1836806;2016-07-15;1;701;2;false;2163
2504645577;1836806;2016-07-15;1;1573;2;true;2163
2506690235;1836806;2016-07-15;1;1596;2;true;2586976
2504746331;1836806;2016-07-15;1;1069;2;true;2163
2506751633;1836806;2016-07-16;1;1105;2;true;2586976
2511192816;1836806;2016-07-17;1;1271;2;true;2586976
2511147044;1836806;2016-07-17;1;1080;2;true;2586976
2511239695;1836806;2016-07-18;1;1301;2;true;2586976
2547137044;1836806;2016-08-03;1;811;2;false;2108395
2547012516;1836806;2016-08-03;1;1202;2;false;39
2547305725;1836806;2016-08-03;1;955;2;true;2783913
2546938575;1836806;2016-08-03;1;861;1;true;39
2547200329;1836806;2016-08-03;1;950;2;false;2108395
2547353470;1836806;2016-08-03;1;1162;2;true;2783913
2548899546;1836806;2016-08-04;1;1268;2;true;2586976
2549189874;1836806;2016-08-04;1;980;4;true;111474
2549023865;1836806;2016-08-04;1;939;2;false;2586976
2549141737;1836806;2016-08-04;1;1072;2;true;111474
2551167223;1836806;2016-08-05;1;1098;2;true;15
2551226728;1836806;2016-08-05;1;914;2;true;15
2550962469;1836806;2016-08-05;1;509;2;false;36
2551023876;1836806;2016-08-05;1;743;2;false;36
2558190331;1836806;2016-08-08;1;1173;2;true;2512249
2558290213;1836806;2016-08-08;1;1019;2;true;2512249
2558255566;1836806;2016-08-08;1;561;2;false;2512249
2562482317;1836806;2016-08-11;1;991;2;true;1148284
2562521800;1836806;2016-08-11;1;1498;2;true;1148284
2566725198;1836806;2016-08-12;1;987;2;true;39
2566800064;1836806;2016-08-12;1;986;4;true;39
2569415435;1836806;2016-08-13;1;1365;2;false;2512249
2569610900;1836806;2016-08-14;1;1337;2;true;2512249
2569531910;1836806;2016-08-14;1;2159;2;true;2512249
2569470828;1836806;2016-08-14;1;1137;2;true;2512249
2694301210;1836806;2016-10-07;1;1122;2;false;1375614
2693894025;1836806;2016-10-07;1;1193;2;false;4
2694035303;1836806;2016-10-07;1;1227;2;true;4
2694152178;1836806;2016-10-07;1;1222;2;true;1375614
2695921963;1836806;2016-10-08;1;920;4;false;15
2696033977;1836806;2016-10-08;1;1398;2;true;15
2698569659;1836806;2016-10-09;1;1166;2;true;1520578
2698471166;1836806;2016-10-09;1;1052;2;true;1520578
2718210341;1836806;2016-10-18;2;2956;2;true;2414095
2718126036;1836806;2016-10-18;2;797;2;true;2414095
2720252794;1836806;2016-10-19;2;1578;2;true;2860081
2720320918;1836806;2016-10-19;2;1074;2;false;2860081
2722149130;1836806;2016-10-20;2;982;4;false;2833354
2722080608;1836806;2016-10-20;2;1151;2;true;2833354
2724379071;1836806;2016-10-21;1;1140;2;false;5
2724534978;1836806;2016-10-21;1;1123;2;false;5
2729950082;1836806;2016-10-23;2;1435;2;true;15
2729627144;1836806;2016-10-23;2;743;2;false;1375614
2729811548;1836806;2016-10-23;2;694;4;false;15
2729503911;1836806;2016-10-23;2;933;2;false;1375614
2746849099;1836806;2016-10-31;2;845;0;false;2208748
2746953553;1836806;2016-10-31;2;1172;0;true;2208748
2748468853;1836806;2016-11-01;2;894;0;false;20
2748412847;1836806;2016-11-01;2;937;0;true;20
2750750653;1836806;2016-11-02;2;1366;0;true;3349045
2750872982;1836806;2016-11-02;2;1238;0;true;3349045
2753394618;1836806;2016-11-03;2;978;0;true;2854942
2753523075;1836806;2016-11-03;2;886;0;false;2854942
2754782714;1836806;2016-11-04;2;1245;0;true;2626685
2755562087;1836806;2016-11-04;1;1197;0;true;3335660
2755320217;1836806;2016-11-04;2;803;0;false;3326126
2755151842;1836806;2016-11-04;2;1351;0;true;3326126
2755451805;1836806;2016-11-04;1;1272;0;true;3335660
2754692747;1836806;2016-11-04;2;1758;0;true;2626685
2758130654;1836806;2016-11-05;1;758;0;false;3331948
2758014435;1836806;2016-11-05;1;1008;0;false;3331948
2760664808;1836806;2016-11-06;1;1348;0;true;1520578
2760044467;1836806;2016-11-06;1;901;0;false;726228
2760826760;1836806;2016-11-06;1;938;0;false;1520578
2760165098;1836806;2016-11-06;1;1043;0;true;726228
2762373121;1836806;2016-11-07;2;1759;Core;true;1520578
2762316102;1836806;2016-11-07;2;1206;Core;true;1520578
2769638088;1836806;2016-11-10;2;1319;null;true;2677025
2769580074;1836806;2016-11-10;2;1057;null;true;2677025
2769830727;1836806;2016-11-11;2;1173;Core;true;3214108
2769778152;1836806;2016-11-11;2;1249;null;true;3214108
2774477228;1836806;2016-11-12;2;1642;Core;true;4
2774370674;1836806;2016-11-12;2;869;null;false;4
2774268148;1836806;2016-11-12;2;1023;null;true;4
2777093187;1836806;2016-11-13;2;1239;Core;true;3214108
2776990690;1836806;2016-11-13;2;1488;Core;true;3214108
2783147708;1836806;2016-11-16;1;1364;Core;true;3214108
2783229760;1836806;2016-11-16;1;1209;Core;true;3214108
2783336928;1836806;2016-11-17;1;870;null;false;1883502
2783292895;1836806;2016-11-17;1;796;null;false;1883502
