2412001984;2685608;2016-06-04;3;1322;3;true;2775977
2411837491;2685608;2016-06-04;3;1034;3;true;2775977
2416806533;2685608;2016-06-06;3;1236;3;true;2822317
2416976852;2685608;2016-06-06;3;1140;3;false;2822317
2423678615;2685608;2016-06-09;3;1369;3;true;1421914
2440075535;2685608;2016-06-16;3;1850;3;true;2581752
2440190742;2685608;2016-06-16;3;1319;3;true;2581752
2478854400;2685608;2016-07-03;2;1162;3;true;2642304
2481086683;2685608;2016-07-04;2;865;3;false;2854942
2490196041;2685608;2016-07-08;2;578;3;false;2233998
2492745047;2685608;2016-07-09;3;1143;3;false;2746885
2492649216;2685608;2016-07-09;3;744;3;true;2746885
2494843224;2685608;2016-07-10;3;859;3;false;2822317
2655334362;20;2016-09-19;1;762;3;false;2860081
2655449401;20;2016-09-19;1;644;4;false;2860081
2656784254;20;2016-09-20;1;1616;4;true;3326126
2657079649;20;2016-09-20;1;795;4;false;1272244
2656660495;20;2016-09-20;1;988;4;false;3326126
2657008002;20;2016-09-20;1;528;4;false;1272244
2659411495;20;2016-09-21;1;1078;4;true;2626685
2659286830;20;2016-09-21;1;1316;3;true;2626685
2665256563;20;2016-09-24;1;1130;4;false;15
2665530146;20;2016-09-24;1;717;4;false;1375614
2665635982;20;2016-09-24;1;648;4;false;1375614
2667931748;20;2016-09-25;1;996;4;false;1951061
2670296334;20;2016-09-26;1;579;4;false;2776208
2670715913;20;2016-09-26;1;1289;4;false;5
2670592575;20;2016-09-26;1;756;4;false;5
2672554873;20;2016-09-27;1;931;3;false;1520578
2672665616;20;2016-09-27;1;685;2;false;1520578
2689415501;20;2016-10-05;1;809;4;false;15
2695848169;20;2016-10-08;1;1086;4;true;2626685
2695719783;20;2016-10-08;1;721;3;false;2626685
2700603982;20;2016-10-10;1;1483;4;false;1375614
2700522662;20;2016-10-10;1;644;4;false;1375614
2702712371;20;2016-10-11;1;1212;4;true;2414095
2702831932;20;2016-10-11;1;1134;4;true;2414095
2705240016;20;2016-10-12;1;1185;2;false;2208748
2705329321;20;2016-10-12;1;559;4;false;2208748
2718197851;20;2016-10-18;1;825;4;false;2414475
2718133922;20;2016-10-18;1;902;4;false;2414475
2720414555;20;2016-10-19;1;858;4;false;1951061
2720302503;20;2016-10-19;1;914;4;false;1951061
2714178143;20;2016-10-16;2;464;3;false;2626685
2714275612;20;2016-10-16;2;802;4;false;2626685
2716244363;20;2016-10-17;2;859;4;true;2860081
2720068203;20;2016-10-19;2;954;4;true;3349045
2722176489;20;2016-10-20;2;923;4;false;3326126
2722087191;20;2016-10-20;2;866;4;false;3326126
2726439589;20;2016-10-22;2;810;4;false;1375614
2726305857;20;2016-10-22;2;770;4;false;1375614
