2405053347;2828740;2016-06-01;3;963;1;true;2789230
2404943553;2828740;2016-06-01;3;949;2;true;2789230
2419479998;2828740;2016-06-07;3;803;2;false;2581752
2419308420;2828740;2016-06-07;3;1441;1;true;2581752
2421632962;2828740;2016-06-08;3;668;1;false;2780729
2421744792;2828740;2016-06-08;3;834;1;false;2780729
2433441665;2828740;2016-06-13;2;1148;2;false;1272244
2433551482;2828740;2016-06-13;2;789;2;false;1272244
2435551373;2828740;2016-06-14;3;1327;1;true;1421914
2435689670;2828740;2016-06-14;3;1271;2;true;1421914
2440310511;2828740;2016-06-16;3;1542;2;true;2822317
2440475989;2828740;2016-06-16;3;1122;2;false;2822317
2481205617;2828740;2016-07-04;2;1332;1;true;2811728
2483639972;2828740;2016-07-05;2;738;2;false;2785646
2483903399;2828740;2016-07-05;2;725;2;false;2785646
2483763313;2828740;2016-07-05;2;1060;1;true;2785646
2485526884;2828740;2016-07-06;2;1088;2;true;2854942
2485698198;2828740;2016-07-06;2;1289;2;true;2854942
2485835876;2828740;2016-07-06;2;975;2;false;2785646
2485950907;2828740;2016-07-06;2;1097;2;false;2785646
2656918057;2414095;2016-09-20;1;1616;2;true;1983234
2656861720;2414095;2016-09-20;1;819;2;false;1983234
2658846855;2414095;2016-09-21;1;1323;4;true;2634810
2658764620;2414095;2016-09-21;1;823;2;false;2634810
2660646701;2414095;2016-09-22;1;1020;2;true;2776208
2660735396;2414095;2016-09-22;1;822;2;false;2776208
2660586214;2414095;2016-09-22;1;632;2;false;2776208
2680533462;2828740;2016-10-01;1;1201;4;false;2854942
2680269151;2828740;2016-10-01;1;876;2;false;3317512
2680333068;2828740;2016-10-01;1;826;1;false;3317512
2681208900;2828740;2016-10-01;1;960;2;false;2833354
2681078179;2828740;2016-10-01;1;378;4;true;2833354
2700732352;2414095;2016-10-10;1;951;4;false;2860081
2700831927;2414095;2016-10-10;1;821;2;false;2860081
2702712371;2414095;2016-10-11;1;1028;2;false;20
2702831932;2414095;2016-10-11;1;779;2;false;20
2704823566;2414095;2016-10-12;1;624;1;false;2626685
2704751332;2414095;2016-10-12;1;595;2;false;2626685
2716173396;2414095;2016-10-17;1;1189;2;false;3326126
2716254823;2414095;2016-10-17;1;431;2;false;3326126
2718584492;2414095;2016-10-18;1;1165;2;true;2208748
2718751587;2414095;2016-10-18;1;578;4;false;2208748
2714140348;2414095;2016-10-16;2;1076;2;true;2860081
2713999086;2414095;2016-10-16;2;837;2;false;2860081
2718210341;2414095;2016-10-18;2;964;2;false;1836806
2718126036;2414095;2016-10-18;2;857;2;false;1836806
2722276413;2414095;2016-10-20;2;628;2;false;15
2722368057;2414095;2016-10-20;2;1247;2;false;15
2724423636;2414095;2016-10-21;2;966;2;false;3349045
2724321799;2414095;2016-10-21;2;876;2;false;3349045
2731020888;2414095;2016-10-24;1;977;2;false;1951061
2734983472;2414095;2016-10-26;1;870;2;false;2776208
2746520749;2414095;2016-10-31;1;1032;0;false;2414475
2746924591;2414095;2016-10-31;2;1117;0;true;2854942
2747152098;2414095;2016-10-31;2;1308;0;true;2854942
2746451196;2414095;2016-10-31;1;757;0;false;2414475
2748859081;2414095;2016-11-01;1;495;0;false;1951061
2748945656;2414095;2016-11-01;1;795;0;false;1951061
2748583681;2414095;2016-11-01;2;1097;0;true;3326126
2748684665;2414095;2016-11-01;2;723;0;false;3326126
2752764055;2414095;2016-11-03;2;926;0;false;20
2752854184;2414095;2016-11-03;2;1470;0;false;20
2757464552;2414095;2016-11-05;2;566;0;false;1375614
2757356922;2414095;2016-11-05;2;865;0;false;1375614
2760539835;2414095;2016-11-06;2;733;0;false;2208748
2760648250;2414095;2016-11-06;2;590;0;false;2208748
2762526720;2414095;2016-11-07;1;1225;null;false;3326126
2762667154;2414095;2016-11-07;1;1165;Core;true;3326126
2764802193;2414095;2016-11-08;1;1421;Core;true;2208748
2764923703;2414095;2016-11-08;1;1344;Core;false;2208748
2770318252;2414095;2016-11-11;2;765;Core;false;2626685
2770722314;2414095;2016-11-11;2;964;Core;false;2833354
2770427334;2414095;2016-11-11;2;1257;null;false;2626685
2770871423;2414095;2016-11-11;2;725;Core;false;2833354
2772935614;2414095;2016-11-12;2;845;null;false;1520578
2772807899;2414095;2016-11-12;2;730;Core;false;1520578
