2433202920;2635099;2016-06-13;2;1570;2;true;2552118
2433316366;2635099;2016-06-13;2;1519;2;true;2552118
2437904702;2635099;2016-06-15;1;1092;2;true;1951061
2437782930;2635099;2016-06-15;1;772;4;false;1951061
2437286654;2635099;2016-06-15;3;1038;4;true;1276785
2437558029;2635099;2016-06-15;3;608;4;false;2626685
2437449176;2635099;2016-06-15;3;773;3;false;2626685
2437197756;2635099;2016-06-15;3;1197;3;true;1276785
2440293569;2635099;2016-06-16;1;1276;2;true;1836806
2439643051;2635099;2016-06-16;3;1071;3;true;5
2439460317;2635099;2016-06-16;3;489;2;false;5
2439522909;2635099;2016-06-16;3;1092;3;true;5
2445082246;2635099;2016-06-18;1;545;3;false;1520578
2442714305;2635099;2016-06-17;1;785;3;false;5
2442576015;2635099;2016-06-17;1;948;2;false;5
2445206790;2635099;2016-06-18;1;1160;4;true;1520578
2447530129;2635099;2016-06-19;1;1275;3;true;1375614
2447397655;2635099;2016-06-19;1;1342;4;true;1375614
2446433232;2635099;2016-06-19;1;1234;4;true;2643401
2446362410;2635099;2016-06-19;1;717;4;true;2643401
2451620147;2635099;2016-06-21;1;986;4;true;4
2451737108;2635099;2016-06-21;1;871;1;false;20
2453499259;2635099;2016-06-22;1;854;4;false;1951061
2453783289;2635099;2016-06-22;1;1166;4;true;2634810
2453580906;2635099;2016-06-22;1;1199;4;false;1951061
2454075602;2635099;2016-06-22;1;802;4;true;1951061
2454203627;2635099;2016-06-22;1;1182;2;true;1951061
2456140655;2635099;2016-06-23;1;998;4;true;1520578
2456256658;2635099;2016-06-23;1;794;4;false;1520578
2456357568;2635099;2016-06-23;1;1169;4;true;1520578
2462385999;2635099;2016-06-26;1;497;3;false;1836806
2462509279;2635099;2016-06-26;1;796;4;false;2640025
2463132755;2635099;2016-06-26;1;1004;4;true;20
2463333087;2635099;2016-06-26;1;974;4;false;5
2463008349;2635099;2016-06-26;1;583;4;false;2777247
2464869280;2635099;2016-06-27;1;972;4;false;1520578
2465353157;2635099;2016-06-27;1;1093;4;true;1951061
2464582563;2635099;2016-06-27;1;825;4;false;4
2464672010;2635099;2016-06-27;1;911;1;true;726228
2469491045;2635099;2016-06-29;2;1498;3;true;2640025
2469608363;2635099;2016-06-29;2;1885;4;true;2640025
2469829561;2635099;2016-06-29;1;887;3;true;2643401
2473597971;2635099;2016-07-01;2;1497;3;true;15
2473400924;2635099;2016-07-01;1;1410;3;true;4
2473307910;2635099;2016-07-01;1;1240;2;true;20
2474243841;2635099;2016-07-01;1;1273;3;true;726228
2473494084;2635099;2016-07-01;2;857;3;false;15
2481176187;2635099;2016-07-04;1;1133;3;true;1951061
2481095250;2635099;2016-07-04;1;1194;3;true;1951061
2482975804;2635099;2016-07-05;1;1165;3;true;20
2483046454;2635099;2016-07-05;1;1242;3;false;20
2483922099;2635099;2016-07-05;1;444;4;false;4
2483769101;2635099;2016-07-05;1;1202;3;true;4
2485030583;2635099;2016-07-06;1;1139;4;true;2512249
2484943506;2635099;2016-07-06;1;1174;3;true;2512249
2486067834;2635099;2016-07-06;1;1053;4;false;2626685
2485983505;2635099;2016-07-06;1;1468;3;true;2626685
2487561001;2635099;2016-07-07;1;1151;3;false;1836806
2488239280;2635099;2016-07-07;1;1404;3;true;2552118
2488067023;2635099;2016-07-07;1;1033;3;false;2552118
2487426065;2635099;2016-07-07;1;690;3;false;1836806
2492258690;2635099;2016-07-09;1;577;3;false;15
2492154839;2635099;2016-07-09;1;887;3;false;15
2491973966;2635099;2016-07-09;1;915;3;true;2777247
2491864241;2635099;2016-07-09;1;855;3;true;2777247
2499022231;2635099;2016-07-12;1;830;3;true;2414475
2498913750;2635099;2016-07-12;1;1105;3;false;2414475
2500632973;2635099;2016-07-13;1;840;3;false;726228
2500724300;2635099;2016-07-13;1;811;3;true;726228
2502908087;2635099;2016-07-14;2;646;4;false;1375614
2502830849;2635099;2016-07-14;2;701;3;false;1375614
2505063600;2635099;2016-07-15;2;1170;3;true;20
2504983361;2635099;2016-07-15;2;1503;4;true;20
2507512808;2635099;2016-07-16;1;952;3;false;726228
2507668625;2635099;2016-07-16;1;653;4;false;726228
2510229689;2635099;2016-07-17;1;1211;3;true;726228
2509781610;2635099;2016-07-17;1;1313;4;true;20
2509882514;2635099;2016-07-17;1;1295;3;true;20
2510414939;2635099;2016-07-17;1;908;1;true;726228
2519727701;2635099;2016-07-22;1;898;3;false;39
2521458298;2635099;2016-07-22;1;1209;4;false;350190
2521547512;2635099;2016-07-22;1;776;3;false;350190
2519681958;2635099;2016-07-22;1;1021;3;false;39
2521344018;2635099;2016-07-22;1;1150;2;true;350190
2663312953;15;2016-09-23;1;1163;4;false;726228
2662901113;15;2016-09-23;1;851;3;true;3335660
2662815285;15;2016-09-23;1;850;3;false;3335660
2663478604;15;2016-09-23;1;620;3;false;726228
2665390171;15;2016-09-24;1;777;3;false;1951061
2665256563;15;2016-09-24;1;1050;3;true;20
2665852609;15;2016-09-24;1;1028;3;true;1375614
2666056666;15;2016-09-24;1;1008;3;false;1375614
2672504386;15;2016-09-27;1;1048;3;false;2634810
2672370565;15;2016-09-27;1;1237;3;false;1520578
2689415501;15;2016-10-05;1;933;3;true;20
2693547335;15;2016-10-07;1;1056;3;true;1375614
2693447665;15;2016-10-07;1;976;3;true;1375614
2695921963;15;2016-10-08;1;1373;3;true;1836806
2696033977;15;2016-10-08;1;1233;3;false;1836806
2698359538;15;2016-10-09;1;983;3;false;2626685
2698254185;15;2016-10-09;1;1208;3;true;2626685
2701595482;15;2016-10-10;1;1215;3;true;1375614
2701440386;15;2016-10-10;1;1061;4;true;1375614
2701256565;15;2016-10-10;1;899;3;false;1375614
2703061424;15;2016-10-11;1;1229;3;true;3331948
2702537344;15;2016-10-11;1;1131;3;true;3326126
2702976634;15;2016-10-11;1;1167;4;true;3331948
2702647195;15;2016-10-11;1;1132;3;true;3326126
2719828633;15;2016-10-19;1;663;3;false;4
2719886557;15;2016-10-19;1;963;3;false;4
2720521410;15;2016-10-19;1;1119;3;true;3331948
2720643874;15;2016-10-19;1;1031;3;true;3331948
2720428562;15;2016-10-19;1;783;3;false;3331948
2721837724;15;2016-10-20;1;992;3;false;4
2722084839;15;2016-10-20;1;712;3;false;4
2722010507;15;2016-10-20;1;1057;3;false;4
2721933261;15;2016-10-20;1;1070;3;true;4
2713644866;15;2016-10-16;2;1060;3;false;3326126
2713795862;15;2016-10-16;2;1319;3;false;3326126
2716469767;15;2016-10-17;2;1599;3;true;2854942
2716356437;15;2016-10-17;2;1051;3;true;2854942
2722276413;15;2016-10-20;2;1270;3;true;2414095
2722368057;15;2016-10-20;2;1493;3;true;2414095
2724268094;15;2016-10-21;1;776;3;true;2640025
2724717421;15;2016-10-21;1;1172;3;true;4
2724029488;15;2016-10-21;2;1523;3;true;2626685
2723966762;15;2016-10-21;2;1020;3;true;2626685
2724142742;15;2016-10-21;1;953;4;true;2640025
2724900238;15;2016-10-21;1;1090;3;true;4
2727175160;15;2016-10-22;2;1001;3;true;2860081
2726374600;15;2016-10-22;1;1232;3;true;3331948
2726270976;15;2016-10-22;1;864;3;false;3331948
2727362914;15;2016-10-22;2;1396;3;true;2860081
2729950082;15;2016-10-23;2;1411;3;false;1836806
2729811548;15;2016-10-23;2;1354;3;true;1836806
2731577856;15;2016-10-24;2;1114;3;true;1375614
2731482080;15;2016-10-24;2;970;3;true;1375614
2734000781;15;2016-10-25;2;1001;3;true;1520578
2733869671;15;2016-10-25;2;1518;3;true;1520578
2739287708;15;2016-10-28;1;943;3;true;726228
2739482966;15;2016-10-28;1;944;3;true;1520578
2739124809;15;2016-10-28;1;1148;3;true;1272244
2739055826;15;2016-10-28;1;1052;3;true;2860081
2742112250;15;2016-10-29;1;831;3;true;3331948
2741903719;15;2016-10-29;1;945;3;true;5
2742011320;15;2016-10-29;1;1139;3;true;3326126
2742337551;15;2016-10-29;1;778;3;false;2640025
2741400636;15;2016-10-29;1;980;3;true;2626685
2743671519;15;2016-10-30;1;978;3;false;2640025
2744118356;15;2016-10-30;1;1036;3;true;2626685
2744009172;15;2016-10-30;1;981;3;true;2626685
2743577586;15;2016-10-30;1;953;3;false;2640025
2746408258;15;2016-10-31;1;1000;0;false;2640025
2746339480;15;2016-10-31;1;883;0;true;2640025
2757239088;15;2016-11-05;2;816;0;true;2833354
2757150100;15;2016-11-05;2;731;0;true;2833354
2766143683;15;2016-11-09;2;981;Support;true;20
2766545656;15;2016-11-09;2;1732;Support;true;2208748
2766194286;15;2016-11-09;2;1139;null;true;20
2766454118;15;2016-11-09;2;1314;Support;true;2208748
2768383756;15;2016-11-10;2;1497;Support;true;3349045
2768282551;15;2016-11-10;2;997;Support;true;3349045
2772281193;15;2016-11-12;1;916;null;true;1375614
2772197042;15;2016-11-12;1;831;Support;false;1375614
2772353399;15;2016-11-12;1;761;Support;false;1375614
2785935504;15;2016-11-18;1;972;null;false;5
2786032988;15;2016-11-18;1;896;Core;false;5
2785741878;15;2016-11-18;1;623;Support;false;3335660
2786326945;15;2016-11-18;2;886;Support;true;3335660
2786217890;15;2016-11-18;2;1309;Support;true;3335660
2785840821;15;2016-11-18;1;881;null;true;3335660
