2475522442;2527544;2016-07-02;3;1107;4;false;2788413
2475610334;2527544;2016-07-02;3;977;4;true;2788413
2484657856;2527544;2016-07-05;3;790;4;false;2677025
2484568995;2527544;2016-07-05;3;820;4;true;2677025
2484835754;2527544;2016-07-06;3;1004;3;true;1633432
2484900789;2527544;2016-07-06;3;734;4;false;1633432
2491254387;2527544;2016-07-08;3;648;4;false;1884355
2491306258;2527544;2016-07-08;3;582;3;false;1884355
2511160630;2527544;2016-07-17;3;640;4;false;67
2511116836;2527544;2016-07-17;3;851;2;false;67
2638511776;2527544;2016-09-12;3;907;4;false;2600882
2638454276;2527544;2016-09-12;3;758;3;false;2600882
2646992800;3321220;2016-09-16;3;949;4;true;1199060
2647059880;2527544;2016-09-16;3;1586;4;true;1199060
2728148271;3321220;2016-10-22;1;1190;4;true;3414796
2727828902;3321220;2016-10-22;1;1157;4;true;2788415
2727976981;3321220;2016-10-22;1;1149;4;false;147
2727428126;3321220;2016-10-22;1;1035;3;false;2672298
2728228878;3321220;2016-10-22;1;1516;4;true;3414796
2729678939;3321220;2016-10-23;1;1352;4;true;2672298
2729801094;3321220;2016-10-23;1;1000;3;false;2672298
2729539874;3321220;2016-10-23;1;1120;4;false;2672298
2730685415;3321220;2016-10-23;1;1442;2;true;2859105
2730792638;3321220;2016-10-23;1;889;4;false;2859105
2730739136;3321220;2016-10-23;1;774;3;false;2859105
2781111393;3321220;2016-11-15;3;811;Core;false;3334608
2781178428;3321220;2016-11-15;3;920;null;false;3334608
2783157556;3321220;2016-11-16;3;651;null;false;2677025
2783195690;3321220;2016-11-16;3;1064;Support;false;2677025
