2459669433;1884355;2016-06-24;1;1244;2;true;1897741
2460131422;1884355;2016-06-25;1;1080;2;true;1633432
2461845439;1884355;2016-06-25;1;1255;2;true;2310555
2461672415;1884355;2016-06-25;1;440;2;false;39
2464155542;1884355;2016-06-26;1;725;2;false;3
2464053242;1884355;2016-06-26;1;1089;2;true;2791077
2464239144;1884355;2016-06-26;1;843;2;true;2677025
2466251464;1884355;2016-06-27;1;616;4;false;2512249
2466394822;1884355;2016-06-27;1;1274;2;false;2677025
2466329104;1884355;2016-06-27;1;900;2;false;2512249
2466472513;1884355;2016-06-27;1;1169;2;false;2677025
2473125373;1884355;2016-07-01;3;946;2;false;2512249
2473082189;1884355;2016-07-01;3;942;2;false;2512249
2477746257;1884355;2016-07-02;3;926;2;false;2512249
2477800088;1884355;2016-07-02;3;970;4;false;2512249
2475317558;1884355;2016-07-02;3;870;4;true;2677025
2475398365;1884355;2016-07-02;3;1012;2;true;2677025
2477849405;1884355;2016-07-03;3;779;2;false;2512249
2482583283;1884355;2016-07-05;3;907;2;false;2622695
2484712420;1884355;2016-07-05;3;1139;2;true;2447557
2482640950;1884355;2016-07-05;3;1028;2;true;2622695
2487017710;1884355;2016-07-07;3;1136;2;true;2672298
2487085535;1884355;2016-07-07;3;1503;2;true;2672298
2489150384;1884355;2016-07-08;3;1149;2;true;67
2491254387;1884355;2016-07-08;3;941;2;true;2527544
2491306258;1884355;2016-07-08;3;1344;2;true;2527544
2498160734;1884355;2016-07-11;3;1197;2;true;2788413
2498121900;1884355;2016-07-11;3;822;2;true;2788413
2502555791;1884355;2016-07-14;3;1189;2;true;2622695
2502510285;1884355;2016-07-14;3;821;2;true;2622695
2504642292;1884355;2016-07-15;3;998;2;false;2672298
2504710320;1884355;2016-07-15;3;966;2;true;2672298
2504779798;1884355;2016-07-15;3;780;2;false;2672298
2517474624;1884355;2016-07-20;3;1249;2;true;2677025
2517543247;1884355;2016-07-20;3;1271;2;true;2677025
2528674982;1884355;2016-07-25;3;782;2;false;2672298
2528716832;1884355;2016-07-25;3;631;2;false;2672298
2528758862;1884355;2016-07-26;3;814;2;false;2672298
2716860875;3336725;2016-10-17;2;1387;1;true;2634810
2718564315;3336725;2016-10-18;2;1126;2;true;2414475
2718703515;3336725;2016-10-18;2;574;4;false;2414475
2722481467;3336725;2016-10-20;2;478;4;false;3331948
2722568733;3336725;2016-10-20;2;637;2;false;3331948
2726575776;3336725;2016-10-22;2;1195;2;true;3258149
2727062769;3336725;2016-10-22;2;975;2;false;4
2726698075;3336725;2016-10-22;2;732;2;true;3258149
2727223021;3336725;2016-10-22;2;876;1;true;4
2750971686;3336725;2016-11-02;2;672;0;false;726228
2751055847;3336725;2016-11-02;2;980;0;false;726228
2755213602;3336725;2016-11-04;2;927;0;false;1951061
2762395668;3336725;2016-11-07;2;959;null;true;3335660
2762309501;3336725;2016-11-07;2;811;null;false;3335660
2765061561;3336725;2016-11-08;2;1113;Core;false;2776208
2764366294;3336725;2016-11-08;2;893;null;false;1983234
2764308933;3336725;2016-11-08;2;681;null;false;1983234
2764942418;3336725;2016-11-08;2;695;Core;false;2776208
2766356694;3336725;2016-11-09;2;1286;Core;false;2640025
2766293938;3336725;2016-11-09;2;576;Core;false;2640025
2770396458;3336725;2016-11-11;2;788;Core;false;5
