2437449279;1983234;2016-06-15;3;1336;4;true;2776208
2437336042;1983234;2016-06-15;3;636;2;false;1520578
2437583680;1983234;2016-06-15;3;829;4;false;2776208
2437244405;1983234;2016-06-15;3;1269;2;false;1520578
2437696905;1983234;2016-06-15;3;1212;4;true;2776208
2437175005;1983234;2016-06-15;3;1234;3;true;1520578
2439559922;1983234;2016-06-16;3;984;5;true;1951061
2439445675;1983234;2016-06-16;3;1226;3;true;1951061
2439801554;1983234;2016-06-16;3;889;3;true;2552118
2439725116;1983234;2016-06-16;3;1005;5;true;2552118
2440451503;1983234;2016-06-16;1;947;4;true;5
2440329883;1983234;2016-06-16;1;804;2;false;5
2441879433;1983234;2016-06-17;1;804;2;false;726228
2441750287;1983234;2016-06-17;3;798;3;false;2640025
2441659625;1983234;2016-06-17;3;828;2;false;2640025
2441976865;1983234;2016-06-17;1;830;3;false;726228
2442473115;1983234;2016-06-17;1;1166;3;true;2626685
2442361952;1983234;2016-06-17;1;1026;4;true;2626685
2444037053;1983234;2016-06-18;3;728;3;false;2626685
2444159334;1983234;2016-06-18;3;706;3;false;2626685
2446982483;1983234;2016-06-19;1;826;4;true;2414475
2447087980;1983234;2016-06-19;1;1173;2;true;2414475
2442813913;1983234;2016-06-17;1;1056;3;false;1520578
2442687053;1983234;2016-06-17;1;862;3;false;1520578
2445142181;1983234;2016-06-18;1;853;3;false;2643401
2445291106;1983234;2016-06-18;1;819;2;false;2643401
2447782025;1983234;2016-06-19;1;934;3;false;4
2447655160;1983234;2016-06-19;1;964;3;true;4
2449393484;1983234;2016-06-20;1;715;4;false;1951061
2449723633;1983234;2016-06-20;1;968;3;false;2640025
2453884457;1983234;2016-06-22;1;1039;4;true;1520578
2471781717;1983234;2016-06-30;1;1366;4;false;726228
2484871312;1983234;2016-07-06;1;1476;4;true;2552118
2484936023;1983234;2016-07-06;1;781;2;false;2552118
2487907693;1983234;2016-07-07;1;499;4;false;2414475
2487191672;1983234;2016-07-07;1;1264;4;true;20
2487823099;1983234;2016-07-07;1;829;4;true;2414475
2487373654;1983234;2016-07-07;1;1108;4;true;726228
2487250513;1983234;2016-07-07;1;785;4;false;20
2487443779;1983234;2016-07-07;1;863;4;true;726228
2498542424;1983234;2016-07-12;1;963;4;false;2626685
2498634257;1983234;2016-07-12;1;919;4;false;2626685
2682659502;2789129;2016-10-02;1;1230;4;true;2901121
2683035523;2789129;2016-10-02;1;1121;4;false;2760732
2682803101;2789129;2016-10-02;1;745;4;false;2760732
2683359847;2789129;2016-10-02;1;1189;4;true;2564430
2682597524;2789129;2016-10-02;1;1294;4;true;2038409
2683272278;2789129;2016-10-02;1;1229;3;true;2564430
2684908804;2789129;2016-10-03;1;581;4;false;2854942
2685083574;2789129;2016-10-03;1;1568;2;false;2854942
2687318626;1983234;2016-10-04;1;804;4;false;3331948
2687244722;1983234;2016-10-04;1;672;3;false;3331948
2691797007;1983234;2016-10-06;1;905;4;false;2626685
2691709901;1983234;2016-10-06;1;1142;4;true;2626685
2691626848;1983234;2016-10-06;1;857;4;false;2626685
2700523900;1983234;2016-10-10;1;886;3;false;2414475
2700624368;1983234;2016-10-10;1;1045;3;true;2414475
2702585514;1983234;2016-10-11;1;1103;4;false;1951061
2702529360;1983234;2016-10-11;1;946;4;false;1951061
2704975615;1983234;2016-10-12;1;782;3;false;3326126
2705068081;1983234;2016-10-12;1;815;4;false;3326126
2715997946;1983234;2016-10-17;1;1247;3;true;2634810
2716078420;1983234;2016-10-17;1;680;4;false;2634810
2719973293;1983234;2016-10-19;1;1357;2;false;2860081
2719895980;1983234;2016-10-19;1;701;3;false;2860081
2716349344;1983234;2016-10-17;2;840;4;true;1951061
2716457576;1983234;2016-10-17;2;1021;4;true;1951061
2718592440;1983234;2016-10-18;2;1045;3;true;2640025
2724704963;1983234;2016-10-21;2;756;3;false;3258149
2724541905;1983234;2016-10-21;2;897;4;true;3258149
2724057651;1983234;2016-10-21;2;949;4;false;5
2723971993;1983234;2016-10-21;2;1147;4;true;5
2731015822;1983234;2016-10-24;1;714;4;false;2626685
2746672463;1983234;2016-10-31;1;1280;0;false;20
2746802377;1983234;2016-10-31;1;1342;0;true;20
2746248264;1983234;2016-10-31;2;605;0;false;4
2746306409;1983234;2016-10-31;2;955;0;false;4
2748406927;1983234;2016-11-01;1;1198;0;true;2626685
2748513995;1983234;2016-11-01;1;1073;0;true;2626685
2750972088;1983234;2016-11-02;2;1144;0;true;2776208
2751044718;1983234;2016-11-02;2;845;0;true;2776208
2752977468;1983234;2016-11-03;2;1077;0;true;3335660
2753137824;1983234;2016-11-03;2;939;0;false;726228
2753049073;1983234;2016-11-03;2;1539;0;true;3335660
2753228522;1983234;2016-11-03;2;967;0;false;726228
2755331792;1983234;2016-11-04;2;818;0;false;2414475
2755454964;1983234;2016-11-04;2;850;0;false;2414475
2762301482;1983234;2016-11-07;1;848;null;true;2634810
2762372676;1983234;2016-11-07;1;1134;null;true;2634810
2764366294;1983234;2016-11-08;2;882;Core;true;3336725
2764308933;1983234;2016-11-08;2;1128;Core;true;3336725
2766538193;1983234;2016-11-09;2;1175;null;true;2634810
2766866223;1983234;2016-11-09;1;1261;Core;true;2860081
2766731511;1983234;2016-11-09;1;922;Core;false;2860081
2766487407;1983234;2016-11-09;2;852;null;true;2634810
2768468555;1983234;2016-11-10;2;973;null;false;3331948
2768558266;1983234;2016-11-10;2;1032;null;false;3331948
