2435022259;1951061;2016-06-14;3;1168;3;true;1520578
2435341927;1951061;2016-06-14;3;954;4;true;2776208
2434908548;1951061;2016-06-14;3;938;3;true;1520578
2435204078;1951061;2016-06-14;3;901;3;true;2776208
2437904702;1951061;2016-06-15;1;681;4;false;2635099
2437404852;1951061;2016-06-15;1;1117;3;true;2785646
2437782930;1951061;2016-06-15;1;845;3;true;2635099
2437493786;1951061;2016-06-15;1;1306;3;true;2785646
2439295199;1951061;2016-06-16;1;1364;3;true;2208748
2440143149;1951061;2016-06-16;3;1169;3;true;2552118
2439559922;1951061;2016-06-16;3;765;3;false;1983234
2439445675;1951061;2016-06-16;3;1082;3;false;1983234
2439245198;1951061;2016-06-16;1;990;3;true;2208748
2440062300;1951061;2016-06-16;3;1239;3;true;2552118
2441988649;1951061;2016-06-17;1;1082;3;true;2634810
2444371662;1951061;2016-06-18;1;1066;3;true;2538621
2444220908;1951061;2016-06-18;1;953;3;false;2538621
2446816185;1951061;2016-06-19;1;1108;3;true;1836806
2446921274;1951061;2016-06-19;1;596;4;false;1836806
2442339414;1951061;2016-06-17;1;1249;3;true;1375614
2442433381;1951061;2016-06-17;1;833;3;true;1375614
2442097128;1951061;2016-06-17;1;1149;3;true;2634810
2449393484;1951061;2016-06-20;1;1287;3;true;1983234
2449610686;1951061;2016-06-20;1;983;3;false;2640025
2453499259;1951061;2016-06-22;1;1086;3;true;2635099
2453580906;1951061;2016-06-22;1;1162;3;true;2635099
2454075602;1951061;2016-06-22;1;755;3;false;2635099
2453752380;1951061;2016-06-22;1;1453;3;true;15
2454203627;1951061;2016-06-22;1;909;3;false;2635099
2453854590;1951061;2016-06-22;1;1347;4;true;15
2457675135;1951061;2016-06-24;1;795;3;true;2780729
2457849379;1951061;2016-06-24;1;1119;3;true;2780729
2458193463;1951061;2016-06-24;1;946;3;true;2643401
2457962886;1951061;2016-06-24;1;1008;3;true;2643401
2457548779;1951061;2016-06-24;1;691;3;true;1272244
2457754850;1951061;2016-06-24;1;570;3;false;2780729
2458040571;1951061;2016-06-24;1;870;3;false;2643401
2462988145;1951061;2016-06-26;1;753;3;false;4
2462429521;1951061;2016-06-26;1;979;3;false;2777247
2462534343;1951061;2016-06-26;1;811;3;false;20
2462800117;1951061;2016-06-26;1;918;3;false;5
2464657058;1951061;2016-06-27;1;970;3;true;1520578
2465353157;1951061;2016-06-27;1;1150;3;false;2635099
2464980610;1951061;2016-06-27;1;773;3;false;726228
2465127321;1951061;2016-06-27;1;1023;3;true;1836806
2464739613;1951061;2016-06-27;1;822;3;false;2640025
2469295282;1951061;2016-06-29;1;1149;3;true;1520578
2475704203;1951061;2016-07-02;1;497;3;false;1375614
2477061868;1951061;2016-07-02;1;1316;3;true;5
2477191251;1951061;2016-07-02;1;976;3;true;5
2475623174;1951061;2016-07-02;1;613;3;false;1375614
2478320310;1951061;2016-07-03;1;1064;3;false;1520578
2478168551;1951061;2016-07-03;1;1050;3;false;1520578
2481458771;1951061;2016-07-04;1;885;3;false;2777247
2481176187;1951061;2016-07-04;1;424;3;false;2635099
2481095250;1951061;2016-07-04;1;1069;3;false;2635099
2482896234;1951061;2016-07-05;1;797;3;false;2777247
2482794373;1951061;2016-07-05;1;962;3;false;2777247
2485714147;1951061;2016-07-06;1;1049;3;true;1520578
2485119809;1951061;2016-07-06;1;1210;3;true;2414095
2485038548;1951061;2016-07-06;1;921;3;true;2414095
2485846278;1951061;2016-07-06;1;1064;3;true;1520578
2498627379;1951061;2016-07-12;1;856;3;true;2860414
2499290486;1951061;2016-07-12;1;939;3;false;5
2498575658;1951061;2016-07-12;1;1326;3;true;2860414
2499171175;1951061;2016-07-12;1;1307;3;false;5
2501373944;1951061;2016-07-13;1;905;3;false;15
2501246411;1951061;2016-07-13;1;863;3;false;15
2520628278;1951061;2016-07-22;2;978;3;false;2552118
2520551852;1951061;2016-07-22;2;835;3;false;2789129
2522910647;1951061;2016-07-23;2;921;3;false;726228
2522531680;1951061;2016-07-23;2;764;4;false;2414475
2523017540;1951061;2016-07-23;2;1528;3;true;2634810
2527452764;1951061;2016-07-25;2;1364;3;true;1983234
2527614412;1951061;2016-07-25;2;1076;4;true;1520578
2654676857;1951061;2016-09-19;1;1022;3;true;2208748
2654774693;1951061;2016-09-19;1;785;3;false;2208748
2657098674;1951061;2016-09-20;1;1526;3;true;2414475
2657011606;1951061;2016-09-20;1;987;3;true;2414475
2659133421;1951061;2016-09-21;1;1191;3;true;3326126
2659046325;1951061;2016-09-21;1;923;3;false;3326126
2662648221;1951061;2016-09-23;1;643;3;false;4
2663283670;1951061;2016-09-23;1;973;3;true;2776208
2662697323;1951061;2016-09-23;1;1288;3;false;4
2662837981;1951061;2016-09-23;1;1329;3;true;2909240
2665390171;1951061;2016-09-24;1;918;3;true;15
2667931748;1951061;2016-09-25;1;1299;3;true;20
2670502591;1951061;2016-09-26;1;608;3;false;1983234
2670406990;1951061;2016-09-26;1;1025;3;true;1983234
2674453935;1951061;2016-09-28;1;802;3;false;1520578
2674597609;1951061;2016-09-28;1;830;3;true;1520578
2674097781;1951061;2016-09-28;1;867;3;false;2581813
2674731383;1951061;2016-09-28;1;1016;3;true;1520578
2674015636;1951061;2016-09-28;1;780;3;true;2581813
2689713440;1951061;2016-10-05;1;1079;3;false;2640025
2689614710;1951061;2016-10-05;1;1020;2;false;2640025
2702585514;1951061;2016-10-11;1;931;3;true;1983234
2702529360;1951061;2016-10-11;1;1289;3;true;1983234
2704594062;1951061;2016-10-12;1;801;3;false;2634810
2704661192;1951061;2016-10-12;1;647;3;false;2634810
2717992081;1951061;2016-10-18;1;873;3;false;2860081
2718037600;1951061;2016-10-18;1;1009;3;true;2860081
2720414555;1951061;2016-10-19;1;1271;3;true;20
2720302503;1951061;2016-10-19;1;1767;4;true;20
2714701204;1951061;2016-10-16;2;759;3;false;2414475
2714563527;1951061;2016-10-16;2;1713;4;true;2414475
2716349344;1951061;2016-10-17;2;738;3;false;1983234
2716457576;1951061;2016-10-17;2;882;3;false;1983234
2720147508;1951061;2016-10-19;2;671;3;false;3335660
2720063000;1951061;2016-10-19;2;656;3;false;3335660
2726306768;1951061;2016-10-22;2;1810;4;true;4
2726470950;1951061;2016-10-22;2;1298;3;false;4
2731167816;1951061;2016-10-24;1;742;3;false;1272244
2731244753;1951061;2016-10-24;1;732;3;false;1272244
2731020888;1951061;2016-10-24;1;1336;3;true;2414095
2735168802;1951061;2016-10-26;1;1124;4;true;2776208
2735430185;1951061;2016-10-26;1;826;3;false;2626685
2734985954;1951061;2016-10-26;1;895;3;true;2789129
2735483781;1951061;2016-10-26;1;1148;3;false;2626685
2735265401;1951061;2016-10-26;1;1197;3;true;2776208
2735105674;1951061;2016-10-26;1;706;3;false;2776208
2747076983;1951061;2016-10-31;1;633;0;false;2626685
2746688199;1951061;2016-10-31;2;1654;0;false;726228
2746951088;1951061;2016-10-31;1;1084;0;false;2626685
2746620879;1951061;2016-10-31;2;567;0;false;726228
2748859081;1951061;2016-11-01;1;1586;0;true;2414095
2748945656;1951061;2016-11-01;1;993;0;true;2414095
2755213602;1951061;2016-11-04;2;1153;0;true;3336725
2760051712;1951061;2016-11-06;2;1460;0;true;2634810
2760444297;1951061;2016-11-06;2;1795;0;false;5
2760150389;1951061;2016-11-06;2;1252;0;true;2634810
2762601073;1951061;2016-11-07;2;1322;Support;true;3331948
2762525413;1951061;2016-11-07;2;773;null;false;3331948
2764319959;1951061;2016-11-08;1;1400;null;false;2860081
2764425284;1951061;2016-11-08;1;1450;null;true;2860081
2766492044;1951061;2016-11-09;1;1013;null;true;20
2766582027;1951061;2016-11-09;1;1711;null;true;20
2768688470;1951061;2016-11-10;2;1070;Support;false;3258149
2768803241;1951061;2016-11-10;2;858;null;true;3258149
2772418512;1951061;2016-11-12;2;1490;null;true;2640025
2772559998;1951061;2016-11-12;2;1030;null;true;2776208
2772677831;1951061;2016-11-12;2;1099;null;true;2776208
