2432892820;2640025;2016-06-13;2;952;2;true
2432795898;2640025;2016-06-13;2;1696;2;true
2435259969;2640025;2016-06-14;3;1422;2;true
2435185724;2640025;2016-06-14;3;1389;2;true
2437184139;2640025;2016-06-15;3;1644;2;true
2438080347;2640025;2016-06-15;1;1105;4;false
2437245892;2640025;2016-06-15;3;696;2;true
2438197772;2640025;2016-06-15;1;943;2;false
2439811503;2640025;2016-06-16;3;2058;2;true
2440497239;2640025;2016-06-16;1;1579;2;true
2440252878;2640025;2016-06-16;1;1857;2;true
2440376648;2640025;2016-06-16;1;807;2;false
2439745493;2640025;2016-06-16;3;550;2;false
2440121708;2640025;2016-06-16;1;1681;2;true
2439946663;2640025;2016-06-16;3;2120;2;true
2441988389;2640025;2016-06-17;1;1829;2;true
2441750287;2640025;2016-06-17;3;1511;2;true
2441659625;2640025;2016-06-17;3;1369;2;true
2441902694;2640025;2016-06-17;1;1540;2;true
2444399524;2640025;2016-06-18;3;1780;2;true
2444840488;2640025;2016-06-18;1;1402;1;true
2444490247;2640025;2016-06-18;3;1664;2;true
2444980752;2640025;2016-06-18;1;1047;2;false
2447065491;2640025;2016-06-19;1;1786;2;true
2442565303;2640025;2016-06-17;1;1918;2;true
2442390070;2640025;2016-06-17;1;1733;2;true
2447182071;2640025;2016-06-19;1;1522;2;true
2449610686;2640025;2016-06-20;1;2123;4;true
2449723633;2640025;2016-06-20;1;2372;4;true
2449278805;2640025;2016-06-20;1;1291;1;true
2451274381;2640025;2016-06-21;1;1417;2;true
2451353878;2640025;2016-06-21;1;874;2;false
2451439716;2640025;2016-06-21;1;1041;2;false
2455734807;2640025;2016-06-23;1;1547;2;true
2462509279;2640025;2016-06-26;1;1824;2;true
2462948101;2640025;2016-06-26;1;759;2;false
2463084913;2640025;2016-06-26;1;2134;2;true
2462624643;2640025;2016-06-26;1;533;2;false
2465101901;2640025;2016-06-27;1;955;2;false
2465299203;2640025;2016-06-27;1;1371;2;true
2465530478;2640025;2016-06-27;1;614;2;false
2464857522;2640025;2016-06-27;1;1234;2;true
2464572892;2640025;2016-06-27;1;671;2;false
2464739613;2640025;2016-06-27;1;1640;2;true
2469098993;2640025;2016-06-29;2;2084;2;true
2469491045;2640025;2016-06-29;2;788;2;false
2469608363;2640025;2016-06-29;2;1327;2;false
2469213040;2640025;2016-06-29;2;1816;1;true
2473693876;2640025;2016-07-01;1;791;2;false
2473583647;2640025;2016-07-01;1;1455;1;false
2483246060;2640025;2016-07-05;1;1017;1;false
2485324437;2640025;2016-07-06;1;1291;1;false
2485233256;2640025;2016-07-06;1;1770;2;true
2487714524;2640025;2016-07-07;1;2396;2;true
2487596245;2640025;2016-07-07;1;2105;2;true
2500816344;2640025;2016-07-13;1;781;1;false
2500881491;2640025;2016-07-13;1;910;2;false
2503496979;2640025;2016-07-14;2;1678;1;true
2503348969;2640025;2016-07-14;2;1991;2;true
2503085154;2640025;2016-07-14;1;869;2;false
2503195259;2640025;2016-07-14;1;1398;2;true
2515976901;2640025;2016-07-20;2;1717;2;true
2516322001;2640025;2016-07-20;2;1542;2;true
2518077827;2640025;2016-07-21;2;1580;2;true
2518310741;2640025;2016-07-21;2;1294;2;true
2518182762;2640025;2016-07-21;2;1680;1;true
2522469944;2640025;2016-07-23;1;1260;2;true
2522730902;2640025;2016-07-23;1;1035;1;false
2523000065;2640025;2016-07-23;1;1105;1;false
2522889565;2640025;2016-07-23;1;1821;2;true
2525566002;2640025;2016-07-24;1;378;2;false
2524959542;2640025;2016-07-24;2;1563;2;true
2525745437;2640025;2016-07-24;1;2599;2;true
2525095455;2640025;2016-07-24;2;1291;1;true
2525452390;2640025;2016-07-24;1;1911;2;true
2529407904;2640025;2016-07-26;2;1769;2;true
2537286429;2640025;2016-07-30;2;1200;2;true
2537163589;2640025;2016-07-30;2;1569;1;true
2539890484;2640025;2016-07-31;2;1202;2;true
2540132733;2640025;2016-07-31;2;1583;2;true
2540027204;2640025;2016-07-31;2;1256;2;true
2656925945;2640025;2016-09-20;1;804;2;true
2656839144;2640025;2016-09-20;1;964;2;true
2660695595;2640025;2016-09-22;1;1725;2;true
2660589253;2640025;2016-09-22;1;1517;2;true
2665415486;2640025;2016-09-24;1;1728;2;true
2665685154;2640025;2016-09-24;1;837;2;true
2665567071;2640025;2016-09-24;1;1662;1;true
2665279316;2640025;2016-09-24;1;1175;2;false
2667838287;2640025;2016-09-25;2;1300;1;true
2667725054;2640025;2016-09-25;2;2097;2;true
2667940762;2640025;2016-09-25;1;518;2;false
2668065777;2640025;2016-09-25;1;1981;2;true
2668683512;2640025;2016-09-25;1;1953;2;true
2668233373;2640025;2016-09-25;1;1420;2;true
2668365100;2640025;2016-09-25;1;1780;2;true
2668549684;2640025;2016-09-25;1;1046;2;false
2673934091;2640025;2016-09-28;1;796;2;false
2674016347;2640025;2016-09-28;1;572;2;false
2675947244;2640025;2016-09-29;1;1620;2;true
2676379849;2640025;2016-09-29;1;454;2;false
2675996162;2640025;2016-09-29;1;1817;2;true
2675863393;2640025;2016-09-29;1;769;2;false
2676457888;2640025;2016-09-29;1;686;2;false
2679071095;2640025;2016-09-30;1;1627;2;false
2678898609;2640025;2016-09-30;1;911;1;false
2687929891;2640025;2016-10-04;1;1309;2;true
2687635219;2640025;2016-10-04;1;1579;2;true
2687506599;2640025;2016-10-04;1;1301;2;true
2687828538;2640025;2016-10-04;1;411;2;false
2689713440;2640025;2016-10-05;1;830;2;true
2689614710;2640025;2016-10-05;1;1727;2;true
2691449871;2640025;2016-10-06;1;811;2;false
2691363375;2640025;2016-10-06;1;353;2;false
2696411088;2640025;2016-10-08;1;1050;2;true
2696260281;2640025;2016-10-08;1;1358;2;true
2696184573;2640025;2016-10-08;1;1181;2;true
2696533597;2640025;2016-10-08;1;259;2;false
2700547808;2640025;2016-10-10;1;1179;2;false
2700466185;2640025;2016-10-10;1;476;2;false
2702545276;2640025;2016-10-11;1;964;2;false
2702632119;2640025;2016-10-11;1;1713;2;true
2702473251;2640025;2016-10-11;1;1256;2;true
2716283869;2640025;2016-10-17;1;1449;2;true
2716214852;2640025;2016-10-17;1;1350;2;true
2720078346;2640025;2016-10-19;1;1537;2;true
2720006980;2640025;2016-10-19;1;487;2;false
2720150759;2640025;2016-10-19;1;515;2;false
2718592440;2640025;2016-10-18;2;1107;2;false
2724268094;2640025;2016-10-21;1;1227;2;false
2724508884;2640025;2016-10-21;2;830;1;false
2724390790;2640025;2016-10-21;2;1214;2;true
2724142742;2640025;2016-10-21;1;1902;2;false
2726515102;2640025;2016-10-22;1;708;2;false
2726618460;2640025;2016-10-22;1;1609;2;true
2729329575;2640025;2016-10-23;2;694;2;false
2729158600;2640025;2016-10-23;2;1463;2;true
2731816086;2640025;2016-10-24;2;938;2;false
2731707921;2640025;2016-10-24;2;713;2;false
2733572493;2640025;2016-10-25;2;494;2;false
2733465184;2640025;2016-10-25;2;142;2;false
2739447433;2640025;2016-10-28;1;1507;2;true
2739285942;2640025;2016-10-28;1;277;2;false
2739625496;2640025;2016-10-28;1;1256;2;true
2741791552;2640025;2016-10-29;1;1185;2;false
2741318410;2640025;2016-10-29;1;1552;2;true
2742337551;2640025;2016-10-29;1;1880;2;true
2741241696;2640025;2016-10-29;1;1797;2;true
2741887525;2640025;2016-10-29;1;1270;2;true
2742014780;2640025;2016-10-29;1;1871;2;true
2743671519;2640025;2016-10-30;1;384;2;true
2743577586;2640025;2016-10-30;1;2936;2;true
