2437315154;2634810;2016-06-15;1;789;2;false;2777247
2439570413;2634810;2016-06-16;1;1206;1;true;2860414
2439683823;2634810;2016-06-16;1;1439;2;true;2860414
2441988649;2634810;2016-06-17;1;641;2;false;1951061
2444766467;2634810;2016-06-18;1;1214;1;true;2414095
2444930374;2634810;2016-06-18;1;1469;2;true;2414095
2446649001;2634810;2016-06-19;1;846;2;false;5
2446552186;2634810;2016-06-19;1;997;1;false;5
2442097128;2634810;2016-06-17;1;1146;2;false;1951061
2447473235;2634810;2016-06-19;1;1457;1;true;2552118
2447364116;2634810;2016-06-19;1;1045;1;false;2552118
2447577312;2634810;2016-06-19;1;1397;1;true;2552118
2453783289;2634810;2016-06-22;1;846;2;false;2635099
2453646413;2634810;2016-06-22;1;653;1;false;20
2472067691;2634810;2016-06-30;1;922;4;false;4
2482968657;2634810;2016-07-05;1;873;1;false;2552118
2483069969;2634810;2016-07-05;1;839;2;false;2552118
2483595682;2634810;2016-07-05;1;1024;1;false;1520578
2483481263;2634810;2016-07-05;1;1188;1;true;1520578
2487684778;2634810;2016-07-07;1;961;1;false;4
2487598793;2634810;2016-07-07;1;528;1;false;4
2487210016;2634810;2016-07-07;1;1218;1;true;2414475
2487301698;2634810;2016-07-07;1;1160;1;false;2414475
2489644925;2634810;2016-07-08;1;670;2;false;2626685
2489540603;2634810;2016-07-08;1;955;2;false;2626685
2502804453;2634810;2016-07-14;1;945;1;false;2643401
2502714148;2634810;2016-07-14;1;1045;1;false;2643401
2516437272;2634810;2016-07-20;2;1003;2;true;1983234
2520445492;2634810;2016-07-22;2;1099;2;false;2552118
2522499676;2634810;2016-07-23;2;772;2;false;2789129
2522810774;2634810;2016-07-23;2;863;1;false;726228
2523017540;2634810;2016-07-23;2;731;3;false;1951061
2522665718;2634810;2016-07-23;2;1338;1;false;2414475
2654854045;2634810;2016-09-19;1;761;1;false;2626685
2654929584;2634810;2016-09-19;1;1513;1;true;2626685
2656925945;2634810;2016-09-20;1;969;1;false;2640025
2656839144;2634810;2016-09-20;1;908;1;false;2640025
2658846855;2634810;2016-09-21;1;1561;1;false;2414095
2658764620;2634810;2016-09-21;1;1303;1;true;2414095
2660925933;2634810;2016-09-22;1;1456;1;false;726228
2665017560;2634810;2016-09-24;1;776;1;false;3331948
2665144721;2634810;2016-09-24;1;1506;1;false;3331948
2670834129;2634810;2016-09-26;1;1074;1;true;2626685
2670963806;2634810;2016-09-26;1;1006;1;true;2860081
2670208637;2634810;2016-09-26;1;1166;1;true;3326126
2670530361;2634810;2016-09-26;1;1050;1;true;2860081
2670311866;2634810;2016-09-26;1;1417;1;true;3326126
2670421547;2634810;2016-09-26;1;693;1;false;2626685
2672504386;2634810;2016-09-27;1;1036;1;true;15
2672067137;2634810;2016-09-27;1;1042;1;true;2208748
2672244389;2634810;2016-09-27;1;913;1;false;1520578
2676722486;2634810;2016-09-29;1;753;1;false;4
2676447420;2634810;2016-09-29;1;957;1;false;4
2676574577;2634810;2016-09-29;1;1232;1;true;4
2701010907;2634810;2016-10-10;1;837;1;false;2208748
2700916444;2634810;2016-10-10;1;941;1;false;2208748
2703019676;2634810;2016-10-11;1;1185;1;true;2414475
2702926612;2634810;2016-10-11;1;1180;1;true;2414475
2704594062;2634810;2016-10-12;1;1299;1;true;1951061
2704661192;2634810;2016-10-12;1;1161;1;true;1951061
2715997946;2634810;2016-10-17;1;1065;1;false;1983234
2716078420;2634810;2016-10-17;1;1256;1;true;1983234
2718467209;2634810;2016-10-18;1;940;2;true;3326126
2718337560;2634810;2016-10-18;1;1123;1;false;3326126
2716860875;2634810;2016-10-17;2;887;1;false;3336725
2724160249;2634810;2016-10-21;2;1584;1;false;3331948
2724254108;2634810;2016-10-21;2;671;1;false;3331948
2746350720;3476337;2016-10-31;1;1519;0;false;2860081
2746249130;3476337;2016-10-31;1;1171;0;false;2860081
2748723197;2634810;2016-11-01;1;975;0;true;20
2748653651;2634810;2016-11-01;1;1077;0;true;20
2751192318;2634810;2016-11-02;2;884;0;false;5
2751350523;2634810;2016-11-02;2;794;0;false;5
2750797088;2634810;2016-11-02;2;966;0;false;2640025
2752765729;2634810;2016-11-03;2;1201;0;true;2776208
2752873895;2634810;2016-11-03;2;1291;0;false;2776208
2757163100;2634810;2016-11-05;2;858;0;false;726228
2757288592;2634810;2016-11-05;2;613;0;false;726228
2757907171;2634810;2016-11-05;2;719;0;false;4
2758004354;2634810;2016-11-05;2;821;0;true;4
