2657232992;726228;2016-09-20;3;1191;2;true;2208748
2657335884;726228;2016-09-20;3;1096;2;true;2208748
2658656916;726228;2016-09-21;3;1238;2;true;2414475
2658591667;726228;2016-09-21;3;1175;2;true;2414475
2660925933;726228;2016-09-22;3;1438;2;true;2634810
2660651126;726228;2016-09-22;3;1494;2;true;2626685
2660586088;726228;2016-09-22;3;1261;2;true;2626685
2660821798;726228;2016-09-22;3;1206;2;true;2626685
2663312953;726228;2016-09-23;2;1152;2;true;15
2663478604;726228;2016-09-23;2;1102;2;true;15
2665764359;726228;2016-09-24;4;1089;2;true;3213075
2665864727;726228;2016-09-24;4;1363;2;true;3213075
2668433317;726228;2016-09-25;3;1214;2;true;2860081
2668056625;726228;2016-09-25;2;1137;2;true;3335660
2667937372;726228;2016-09-25;2;747;2;false;3335660
2674045536;726228;2016-09-28;1;1094;2;false;39
2674123837;726228;2016-09-28;1;900;2;false;39
2673965642;726228;2016-09-28;1;1193;2;true;39
2675947244;726228;2016-09-29;1;669;2;false;2640025
2675996162;726228;2016-09-29;1;977;2;false;2640025
2675863393;726228;2016-09-29;1;1169;2;true;2640025
2678558089;726228;2016-09-30;1;1257;2;true;1148284
2678421549;726228;2016-09-30;1;1396;2;false;1148284
2678664812;726228;2016-09-30;1;1468;2;true;1148284
2680048021;726228;2016-10-01;1;595;2;false;2586976
2687635219;726228;2016-10-04;1;772;4;false;2640025
2687506599;726228;2016-10-04;1;764;2;false;2640025
2689323632;726228;2016-10-05;1;1072;2;false;1375614
2689427827;726228;2016-10-05;1;897;2;false;1375614
2691449871;726228;2016-10-06;1;923;2;true;2640025
2691363375;726228;2016-10-06;1;1110;2;true;2640025
2693667702;726228;2016-10-07;1;1081;2;false;4
2693537435;726228;2016-10-07;1;866;2;false;4
2693447553;726228;2016-10-07;1;1448;2;true;4
2696411088;726228;2016-10-08;1;630;2;false;2640025
2696533597;726228;2016-10-08;1;1261;2;true;2640025
2700673845;726228;2016-10-10;2;1154;2;false;5
2700781961;726228;2016-10-10;2;746;2;false;5
2702877924;726228;2016-10-11;2;941;2;false;1520578
2702803805;726228;2016-10-11;2;1184;2;true;1520578
2702746949;726228;2016-10-11;2;549;4;false;1520578
2714439095;726228;2016-10-16;2;1766;2;true;3335660
2714265292;726228;2016-10-16;2;1095;2;false;3335660
2718356794;726228;2016-10-18;4;1367;2;true;3258149
2718450395;726228;2016-10-18;4;1309;2;true;3258149
2720609075;726228;2016-10-19;3;1038;2;false;2414475
2720496853;726228;2016-10-19;3;1207;2;true;2414475
2724051464;726228;2016-10-21;2;1191;2;true;1520578
2723964283;726228;2016-10-21;2;887;2;false;1520578
2729673896;726228;2016-10-23;2;806;2;false;5
2729329575;726228;2016-10-23;1;1039;2;true;2640025
2729542546;726228;2016-10-23;2;512;2;false;5
2729158600;726228;2016-10-23;1;859;2;false;2640025
2733653285;726228;2016-10-25;1;1024;2;true;4
2733733226;726228;2016-10-25;1;651;2;false;4
2739287708;726228;2016-10-28;2;541;2;false;15
2738929210;726228;2016-10-28;3;1168;2;true;2860081
2738990460;726228;2016-10-28;3;967;2;true;1272244
2739787665;726228;2016-10-28;3;887;2;false;2626685
2741307913;726228;2016-10-29;2;883;2;false;1520578
2741553470;726228;2016-10-29;2;1369;2;true;3326126
2741749359;726228;2016-10-29;2;966;2;true;5
2742378319;726228;2016-10-29;1;920;2;false;3331948
2741241696;726228;2016-10-29;1;481;2;false;2640025
2746688199;726228;2016-10-31;3;1746;0;true;1951061
2746620879;726228;2016-10-31;3;1689;0;true;1951061
2748893754;726228;2016-11-01;1;1104;0;true;4
2748997704;726228;2016-11-01;1;1449;0;true;4
2748579663;726228;2016-11-01;1;1096;0;false;1375614
2748687311;726228;2016-11-01;1;1187;0;false;1375614
2750971686;726228;2016-11-02;4;1401;0;true;3336725
2750741091;726228;2016-11-02;2;818;0;false;5
2750670203;726228;2016-11-02;2;561;0;false;5
2751055847;726228;2016-11-02;4;1340;0;true;3336725
2753137824;726228;2016-11-03;3;1434;0;true;1983234
2753228522;726228;2016-11-03;3;1267;0;true;1983234
2754737222;726228;2016-11-04;1;1171;0;true;3331948
2755142817;726228;2016-11-04;1;942;0;false;1375614
2754672097;726228;2016-11-04;1;625;0;false;3331948
2755262417;726228;2016-11-04;1;880;0;false;1375614
2757163100;726228;2016-11-05;3;1747;0;true;2634810
2757288592;726228;2016-11-05;3;901;0;true;2634810
2760350385;726228;2016-11-06;1;1065;0;false;4
2760044467;726228;2016-11-06;1;1167;0;true;1836806
2760165098;726228;2016-11-06;1;990;0;false;1836806
2760499384;726228;2016-11-06;1;1196;0;true;4
2764670160;726228;2016-11-08;3;1441;null;true;2776208
2770151783;726228;2016-11-11;1;792;Core;false;3331948
2770238650;726228;2016-11-11;1;1229;null;false;3331948
2770613188;726228;2016-11-11;1;1188;null;true;3331948
2770529060;726228;2016-11-11;1;1590;null;true;3331948
2772784240;726228;2016-11-12;2;1055;Core;true;5
2772878378;726228;2016-11-12;2;915;null;false;5
2776038642;726228;2016-11-13;1;1420;null;true;1375614
2776154168;726228;2016-11-13;1;1177;null;false;1375614
2784032843;726228;2016-11-17;1;649;null;false;3331948
2783779888;726228;2016-11-17;1;1144;Core;true;1375614
2783665567;726228;2016-11-17;1;917;null;false;1375614
2783922783;726228;2016-11-17;1;551;null;false;1375614
2784120597;726228;2016-11-17;1;706;Core;false;3331948
2786166833;726228;2016-11-18;1;971;null;false;2640025
2786297644;726228;2016-11-18;1;820;null;true;2640025
2788003412;726228;2016-11-19;1;835;Core;false;1375614
2788130527;726228;2016-11-19;1;815;Core;false;1375614
2788318764;726228;2016-11-19;2;851;null;true;3335660
2788426049;726228;2016-11-19;2;1099;null;false;3335660
2791665160;726228;2016-11-20;2;1395;null;true;5
2791460002;726228;2016-11-20;2;1189;null;false;5
2804306493;726228;2016-11-26;2;798;null;false;15
