2435272608;2538621;2016-06-14;3;962;2;false;2208748
2435194060;2538621;2016-06-14;3;697;2;false;726228
2434935621;2538621;2016-06-14;3;950;1;false;726228
2435347523;2538621;2016-06-14;3;897;2;false;2208748
2437965343;2538621;2016-06-15;3;1268;1;false;4
2437128789;2538621;2016-06-15;1;976;1;false;1836806
2437805859;2538621;2016-06-15;3;1444;1;true;4
2436981034;2538621;2016-06-15;1;547;1;false;4
2437178945;2538621;2016-06-15;1;874;1;false;1836806
2438104076;2538621;2016-06-15;3;598;1;false;4
2437028162;2538621;2016-06-15;1;782;2;false;4
2439672499;2538621;2016-06-16;3;745;2;false;2643401
2439509185;2538621;2016-06-16;1;774;1;false;2777247
2439729893;2538621;2016-06-16;3;1007;1;true;2643401
2439583776;2538621;2016-06-16;3;950;1;true;2643401
2439402693;2538621;2016-06-16;1;865;1;false;2777247
2441870926;2538621;2016-06-17;1;1140;1;true;2860414
2441792550;2538621;2016-06-17;1;1074;1;true;2860414
2441956089;2538621;2016-06-17;1;816;1;false;2414475
2442070612;2538621;2016-06-17;1;1058;1;false;2414475
2447658826;2860081;2016-06-19;2;1040;1;true;1272244
2449740238;2860081;2016-06-20;2;1177;1;true;2785646
2471694900;2049049;2016-06-30;2;1071;1;true;2909240
2659070743;1520578;2016-09-21;1;501;1;false;4
2658953057;1520578;2016-09-21;1;1631;1;false;4
2661209558;1520578;2016-09-22;1;930;1;false;5
2661036778;1520578;2016-09-22;1;1187;1;true;2414475
2661344409;1520578;2016-09-22;1;1216;1;true;5
2663153838;1520578;2016-09-23;1;1729;1;true;1375614
2663040106;1520578;2016-09-23;1;857;1;true;1375614
2662895738;1520578;2016-09-23;1;593;1;false;3331948
2663278018;1520578;2016-09-23;1;1072;1;true;1375614
2663422895;1520578;2016-09-23;1;974;1;true;1375614
2668397922;1520578;2016-09-25;1;1039;1;false;3331948
2668243797;1520578;2016-09-25;1;980;1;true;3331948
2670669936;1520578;2016-09-26;1;1057;1;true;3335660
2672554873;1520578;2016-09-27;1;1618;1;true;20
2672370565;1520578;2016-09-27;1;1190;1;true;15
2672665616;1520578;2016-09-27;1;1180;1;true;20
2672244389;1520578;2016-09-27;1;841;1;true;2634810
2672135463;1520578;2016-09-27;1;979;1;true;2208748
2674178807;1520578;2016-09-28;1;1628;1;true;1272244
2674453935;1520578;2016-09-28;1;1101;1;true;1951061
2674597609;1520578;2016-09-28;1;819;1;false;1951061
2674731383;1520578;2016-09-28;1;1154;1;false;1951061
2674275191;1520578;2016-09-28;1;1127;1;true;1272244
2687476423;1520578;2016-10-04;1;1093;1;true;2626685
2687663985;1520578;2016-10-04;1;1186;1;true;2626685
2690025308;1520578;2016-10-05;1;1422;1;true;3331948
2690117773;1520578;2016-10-05;1;1356;3;true;3331948
2692062872;1520578;2016-10-06;1;1476;1;true;1375614
2691924619;1520578;2016-10-06;1;1020;1;false;1375614
2692209839;1520578;2016-10-06;1;886;1;false;1375614
2693769277;1520578;2016-10-07;1;849;1;false;5
2693644106;1520578;2016-10-07;1;941;1;false;5
2695904828;1520578;2016-10-08;1;1013;3;false;4
2695820398;1520578;2016-10-08;1;966;1;true;4
2696164591;1520578;2016-10-08;1;784;1;false;1375614
2695998284;1520578;2016-10-08;1;1312;1;true;4
2696371495;1520578;2016-10-08;1;1338;1;false;1375614
2696262763;1520578;2016-10-08;1;837;4;true;1375614
2696605376;1520578;2016-10-08;1;823;1;false;1375614
2698569659;1520578;2016-10-09;1;894;1;false;1836806
2698471166;1520578;2016-10-09;1;840;1;false;1836806
2700960937;1520578;2016-10-10;1;1046;1;false;4
2701102486;1520578;2016-10-10;1;847;1;false;4
2702877924;1520578;2016-10-11;1;1388;1;true;726228
2702803805;1520578;2016-10-11;1;656;1;false;726228
2702746949;1520578;2016-10-11;1;1097;1;true;726228
2718111760;1520578;2016-10-18;1;668;1;false;3331948
2718033207;1520578;2016-10-18;1;1100;1;true;3331948
2717993300;1520578;2016-10-18;1;608;1;false;3331948
2718409982;1520578;2016-10-18;2;1531;1;true;3349045
2718294000;1520578;2016-10-18;2;1140;1;true;3349045
2724051464;1520578;2016-10-21;1;599;1;false;726228
2723964283;1520578;2016-10-21;1;1241;1;true;726228
2724144429;1520578;2016-10-21;2;923;1;true;2833354
2724230258;1520578;2016-10-21;2;1184;1;false;2833354
2726515102;1520578;2016-10-22;1;1581;1;true;2640025
2726618460;1520578;2016-10-22;1;1155;1;false;2640025
2734000781;1520578;2016-10-25;2;894;1;false;15
2733869671;1520578;2016-10-25;2;862;1;false;15
2739919221;1520578;2016-10-28;1;843;1;false;5
2739016157;1520578;2016-10-28;1;1088;1;true;3326126
2739482966;1520578;2016-10-28;1;659;1;false;15
2739356374;1520578;2016-10-28;1;831;1;false;3331948
2741307913;1520578;2016-10-29;1;1320;1;true;726228
2741147908;1520578;2016-10-29;1;680;1;false;2626685
2741632006;1520578;2016-10-29;1;1145;1;true;2860081
2741887525;1520578;2016-10-29;1;739;4;false;2640025
2742135988;1520578;2016-10-29;1;2084;1;true;1272244
2749169932;1520578;2016-11-01;2;836;0;true;2854942
2749050420;1520578;2016-11-01;2;1125;0;true;2854942
2754888229;1520578;2016-11-04;2;1016;0;false;1375614
2754784556;1520578;2016-11-04;2;1145;0;true;2208748
2754668834;1520578;2016-11-04;2;1204;0;true;2208748
2755005213;1520578;2016-11-04;2;1036;0;false;1375614
2757628868;1520578;2016-11-05;2;1058;0;true;2860081
2757141172;1520578;2016-11-05;1;943;0;true;4
2757940240;1520578;2016-11-05;2;1154;0;true;2626685
2757203104;1520578;2016-11-05;1;652;0;false;4
2758081275;1520578;2016-11-05;2;1181;0;true;2626685
2760317690;1520578;2016-11-06;2;954;0;true;20
2760664808;1520578;2016-11-06;1;934;0;false;1836806
2760826760;1520578;2016-11-06;1;1191;0;true;1836806
2760395092;1520578;2016-11-06;2;1284;0;true;20
2762373121;1520578;2016-11-07;2;919;null;false;1836806
2762316102;1520578;2016-11-07;2;716;null;false;1836806
2764155681;1520578;2016-11-08;2;828;null;true;3326126
2764246879;1520578;2016-11-08;2;701;Core;false;3326126
2772507608;1520578;2016-11-12;1;1219;null;true;3335660
2772634274;1520578;2016-11-12;1;1448;Core;true;3335660
2773345653;1520578;2016-11-12;1;953;null;false;5
2772935614;1520578;2016-11-12;2;1051;Core;true;2414095
2773498800;1520578;2016-11-12;1;1276;Core;true;5
2772807899;1520578;2016-11-12;2;1054;null;true;2414095
2775189009;1520578;2016-11-13;1;922;Core;false;3331948
2775303508;1520578;2016-11-13;1;1428;Core;true;3331948
2784573239;1520578;2016-11-17;1;1004;Core;true;3335660
2784355671;1520578;2016-11-17;1;1143;null;false;3335660
2785670626;1520578;2016-11-18;2;666;null;false;5
2785756606;1520578;2016-11-18;2;663;Core;false;5
