2421632962;2828740;2016-06-08;3;504;3;false
2421744792;2828740;2016-06-08;3;625;2;false
2435259969;2414475;2016-06-14;3;729;4;false
2435185724;2414475;2016-06-14;3;470;2;false
2437471441;2414475;2016-06-15;3;1626;3;false
2437184549;2414475;2016-06-15;1;0;5;false
2437115317;2414475;2016-06-15;1;1258;4;false
2440240941;2414475;2016-06-16;3;1021;3;false
2440098803;2414475;2016-06-16;3;1277;4;false
2439390558;2414475;2016-06-16;1;1456;4;true
2439459814;2414475;2016-06-16;1;1450;4;true
2441614694;2414475;2016-06-17;1;1510;3;false
2441956089;2414475;2016-06-17;1;1727;3;true
2442070612;2414475;2016-06-17;1;1597;3;true
2443977189;2414475;2016-06-18;1;821;4;false
2444070793;2414475;2016-06-18;1;1096;4;false
2446982483;2414475;2016-06-19;1;604;4;false
2447087980;2414475;2016-06-19;1;949;3;false
2446610654;2414475;2016-06-19;1;924;4;true
2446534535;2414475;2016-06-19;1;-55;2;false
2457688483;2414475;2016-06-24;1;1012;4;true
2457772043;2414475;2016-06-24;1;944;4;false
2457547933;2414475;2016-06-24;1;978;4;true
2457859375;2414475;2016-06-24;1;790;4;false
2485324437;2414475;2016-07-06;1;1098;4;true
2485233256;2414475;2016-07-06;1;857;2;false
2487907693;2414475;2016-07-07;1;1311;4;true
2487823099;2414475;2016-07-07;1;1138;4;false
2487210016;2414475;2016-07-07;1;925;4;false
2487301698;2414475;2016-07-07;1;1524;4;true
2499022231;2414475;2016-07-12;1;712;4;false
2498913750;2414475;2016-07-12;1;1173;4;true
2500694760;2414475;2016-07-13;1;1197;4;false
2500623971;2414475;2016-07-13;1;935;4;false
2501563722;2414475;2016-07-13;1;803;4;false
2501442165;2414475;2016-07-13;1;1317;4;false
2516159062;2414475;2016-07-20;2;785;4;false
2518561906;2414475;2016-07-21;2;1492;3;false
2518418001;2414475;2016-07-21;2;714;4;false
2520431372;2414475;2016-07-22;2;1285;4;true
2522531680;2414475;2016-07-23;2;1483;2;true
2522665718;2414475;2016-07-23;2;1460;4;true
2525410961;2414475;2016-07-24;2;1095;4;false
2655068220;2414475;2016-09-19;1;1510;4;true
2655162963;2414475;2016-09-19;1;1163;4;false
2657098674;2414475;2016-09-20;1;1195;4;false
2657011606;2414475;2016-09-20;1;909;3;false
2659023523;2414475;2016-09-21;1;913;4;false
2658656916;2414475;2016-09-21;1;1719;4;false
2659131392;2414475;2016-09-21;1;1119;4;true
2658591667;2414475;2016-09-21;1;944;3;false
2661036778;2414475;2016-09-22;1;1324;4;false
2661152315;2414475;2016-09-22;1;1311;3;false
2663104277;2414475;2016-09-23;1;973;4;true
2663007619;2414475;2016-09-23;1;1165;4;true
2662809840;2414475;2016-09-23;1;1007;4;false
2667687125;2414475;2016-09-25;1;827;4;false
2667796296;2414475;2016-09-25;1;691;2;false
2700523900;2414475;2016-10-10;1;1249;4;true
2700624368;2414475;2016-10-10;1;786;2;false
2703019676;2414475;2016-10-11;1;1240;4;false
2702926612;2414475;2016-10-11;1;943;4;false
2716465673;2414475;2016-10-17;1;1156;4;false
2716389710;2414475;2016-10-17;1;1178;4;false
2718197851;2414475;2016-10-18;1;1175;4;true
2718133922;2414475;2016-10-18;1;1546;3;true
2720072605;2414475;2016-10-19;1;1460;4;true
2720154930;2414475;2016-10-19;1;859;4;false
2714701204;2414475;2016-10-16;2;1323;4;true
2714563527;2414475;2016-10-16;2;852;4;false
2718564315;2414475;2016-10-18;2;859;4;false
2718703515;2414475;2016-10-18;2;1364;4;true
2720609075;2414475;2016-10-19;2;1105;3;true
2720496853;2414475;2016-10-19;2;1029;4;false
2722270504;2414475;2016-10-20;2;1503;4;true
2722423037;2414475;2016-10-20;2;965;4;false
2731015897;2414475;2016-10-24;1;939;4;false
