2708158481;3;2016-10-13;1;647;1;false
2710465212;3;2016-10-14;1;822;1;true
2715707364;3;2016-10-17;1;2729;4;true
2715663224;3;2016-10-17;1;1299;1;true
2717502894;3;2016-10-17;1;1183;1;true
2717600898;3;2016-10-17;1;999;1;true
2717560456;3;2016-10-17;1;531;1;false
2717653391;3;2016-10-18;1;790;1;false
2717713390;3;2016-10-18;1;764;1;false
2738678785;3;2016-10-27;1;840;1;true
2738496608;3;2016-10-27;1;1173;1;true
2738810223;3;2016-10-28;1;988;1;true
2740785367;3;2016-10-28;1;1003;1;false
2740485757;3;2016-10-28;1;1973;1;true
2740920284;3;2016-10-28;1;961;1;false
2741014942;3;2016-10-28;1;1317;1;true
2743230633;3;2016-10-29;1;1355;1;true
2743298309;3;2016-10-29;1;1305;1;true
