2732017221;2880140;2016-10-24;1;663;1;false;2659468
2731871360;2880140;2016-10-24;1;1085;2;true;2662139
2731571750;2880140;2016-10-24;1;1372;2;true;254140
2735432187;2880140;2016-10-26;1;812;4;true;3325891
2735875310;2880140;2016-10-26;1;1146;1;true;2662139
2735575627;2880140;2016-10-26;1;1047;2;true;2678752
2736344390;2880140;2016-10-26;1;1373;2;true;3327985
2735998239;2880140;2016-10-26;1;921;2;true;2662139
2736250204;2880140;2016-10-26;1;1138;1;true;3327985
2737336515;2880140;2016-10-27;1;729;2;false;2659468
2737135509;2880140;2016-10-27;1;1186;4;true;1105664
2736907451;2880140;2016-10-27;1;692;1;false;350190
2737061217;2880140;2016-10-27;1;1049;1;false;24
2739254368;2880140;2016-10-28;1;1258;2;true;2108395
2739584028;2880140;2016-10-28;1;948;1;true;1276785
2738932967;2880140;2016-10-28;1;707;2;false;3326875
2739147075;2880140;2016-10-28;1;823;2;false;543897
