2633944516;1148284;2016-09-10;2;977;3;true;543897
2634046939;1148284;2016-09-10;2;1546;3;false;543897
2634166828;1148284;2016-09-10;2;939;3;false;543897
2634788628;1148284;2016-09-10;2;1329;3;true;98301
2636600744;1148284;2016-09-11;2;1351;4;true;350190
2637380751;1148284;2016-09-11;2;776;3;false;2581813
2637143242;1148284;2016-09-11;2;1361;3;true;543897
2637503649;1148284;2016-09-11;2;818;3;false;2581813
2637031654;1148284;2016-09-11;2;861;3;false;543897
2636839455;1148284;2016-09-11;2;1009;3;true;543897
2674314206;1148284;2016-09-28;1;1122;3;false;1375614
2673841826;1148284;2016-09-28;1;1033;3;true;3331948
2674224152;1148284;2016-09-28;1;496;3;false;1375614
2673796814;1148284;2016-09-28;1;666;3;false;3331948
2673748591;1148284;2016-09-28;1;1150;3;true;3331948
2676079441;1148284;2016-09-29;1;817;3;true;1838315
2676276054;1148284;2016-09-29;1;534;3;false;1838315
2676167491;1148284;2016-09-29;1;958;3;false;1838315
2678558089;1148284;2016-09-30;2;994;3;false;726228
2678421549;1148284;2016-09-30;2;1176;3;true;726228
2678664812;1148284;2016-09-30;2;898;3;false;726228
2704518260;1148284;2016-10-12;2;923;3;false;98301
2705239678;1148284;2016-10-12;2;491;3;false;2659468
2705107339;1148284;2016-10-12;2;907;3;false;2659468
2704587400;1148284;2016-10-12;2;850;3;false;98301
2755701613;1148284;2016-11-04;2;1187;0;true;2581813
2755498183;1148284;2016-11-04;2;1270;0;true;2581813
2758067850;1148284;2016-11-05;1;853;0;false;3326875
2758278693;1148284;2016-11-05;1;778;0;false;3326875
2760293554;1148284;2016-11-06;2;1129;0;true;543897
2760531171;1148284;2016-11-06;2;968;0;true;543897
2760745071;1148284;2016-11-06;1;1285;0;false;3326875
2761034944;1148284;2016-11-06;1;1106;0;true;3326875
2760419111;1148284;2016-11-06;2;911;0;false;543897
2760899434;1148284;2016-11-06;1;777;0;false;3326875
2761162080;1148284;2016-11-06;1;642;0;false;3326875
2772227063;1148284;2016-11-12;3;483;null;false;24
2772158707;1148284;2016-11-12;3;1212;Support;true;24
2772287243;1148284;2016-11-12;3;672;null;false;24
2772513214;1148284;2016-11-12;3;1480;Support;true;2108395
2772705743;1148284;2016-11-12;3;833;null;false;2108395
2772593133;1148284;2016-11-12;3;1079;null;false;2108395
2788585577;1148284;2016-11-19;4;1273;null;true;3262331
2788698752;1148284;2016-11-19;4;822;null;false;3262331
2788452955;1148284;2016-11-19;4;881;null;false;3262331
