2442531922;2787008;2016-06-17;3;1060;1;true;2848018
2447498681;2787008;2016-06-19;3;1230;3;true;2085541
2460844885;2787008;2016-06-25;3;983;3;true;1080746
2461178161;2787008;2016-06-25;3;1084;3;false;2799801
2474449593;2787008;2016-07-01;3;1405;4;true;2842641
2474582458;2787008;2016-07-01;3;1348;3;true;2799801
2476673025;2787008;2016-07-02;3;1723;1;true;1929639
2476914902;2787008;2016-07-02;3;1268;1;true;2826725
2478755759;2787008;2016-07-03;3;1120;3;true;2895887
2478603696;2787008;2016-07-03;3;1111;3;true;2903343
2479211141;2787008;2016-07-03;3;1561;3;true;2783809
2479051277;2787008;2016-07-03;3;979;3;true;2783809
2580464619;2783809;2016-08-18;3;610;1;false;2662139
2580340880;2783809;2016-08-18;3;743;1;false;2662139
2604408194;3262331;2016-08-28;3;1505;3;true;2799801
2605700699;3262331;2016-08-28;3;836;3;false;1105664
2605417891;3262331;2016-08-28;3;1205;3;true;1105664
2605563599;3262331;2016-08-28;3;987;4;false;1105664
2610474953;2783809;2016-08-30;3;1242;1;true;2678752
2610398194;2783809;2016-08-30;3;1016;1;true;2678752
2613071027;2783809;2016-08-31;3;988;3;false;2644737
2612859443;2783809;2016-08-31;3;852;3;false;2644737
2612711175;2783809;2016-08-31;3;1314;3;true;2644737
2731615159;3262331;2016-10-24;1;1190;1;false;2398232
2731490700;3262331;2016-10-24;1;1417;1;true;3339998
2735584124;3262331;2016-10-26;1;1333;1;true;3322300
2735712280;3262331;2016-10-26;1;912;1;false;2662139
2781961417;3262331;2016-11-16;1;1786;null;true;3322396
2781867606;3262331;2016-11-16;1;1398;null;true;3322396
