2435022259;1951061;2016-06-14;3;1077;2;true;1520578
2435341927;1951061;2016-06-14;3;1041;1;true;2776208
2434908548;1951061;2016-06-14;3;1016;1;true;1520578
2435204078;1951061;2016-06-14;3;1239;3;true;2776208
2437904702;1951061;2016-06-15;1;839;1;false;2635099
2437404852;1951061;2016-06-15;1;1266;1;true;2785646
2437782930;1951061;2016-06-15;1;1303;1;true;2635099
2437493786;1951061;2016-06-15;1;1205;1;true;2785646
2439295199;1951061;2016-06-16;1;1166;1;true;2208748
2440143149;1951061;2016-06-16;3;1203;1;true;2552118
2439559922;1951061;2016-06-16;3;874;2;false;1983234
2439445675;1951061;2016-06-16;3;1318;1;false;1983234
2439245198;1951061;2016-06-16;1;1142;2;true;2208748
2440062300;1951061;2016-06-16;3;871;1;true;2552118
2441988649;1951061;2016-06-17;1;1074;1;true;2634810
2444371662;1951061;2016-06-18;1;1044;1;true;2538621
2444220908;1951061;2016-06-18;1;970;3;false;2538621
2446816185;1951061;2016-06-19;1;851;2;true;1836806
2446921274;1951061;2016-06-19;1;872;2;false;1836806
2442339414;1951061;2016-06-17;1;1342;1;true;1375614
2442433381;1951061;2016-06-17;1;1290;1;true;1375614
2442097128;1951061;2016-06-17;1;1122;1;true;2634810
2449393484;1951061;2016-06-20;1;844;1;true;1983234
2449610686;1951061;2016-06-20;1;758;4;false;2640025
2453499259;1951061;2016-06-22;1;977;1;true;2635099
2453580906;1951061;2016-06-22;1;1056;1;true;2635099
2454075602;1951061;2016-06-22;1;847;1;false;2635099
2453752380;1951061;2016-06-22;1;1459;1;true;15
2454203627;1951061;2016-06-22;1;957;1;false;2635099
2453854590;1951061;2016-06-22;1;1237;2;true;15
2457675135;1951061;2016-06-24;1;1191;1;true;2780729
2457849379;1951061;2016-06-24;1;1092;2;true;2780729
2458193463;1951061;2016-06-24;1;1057;2;true;2643401
2457962886;1951061;2016-06-24;1;736;1;true;2643401
2457548779;1951061;2016-06-24;1;1003;1;true;1272244
2457754850;1951061;2016-06-24;1;664;2;false;2780729
2458040571;1951061;2016-06-24;1;979;1;false;2643401
2462988145;1951061;2016-06-26;1;618;1;false;4
2462429521;1951061;2016-06-26;1;760;1;false;2777247
2462534343;1951061;2016-06-26;1;646;1;false;20
2462800117;1951061;2016-06-26;1;893;1;false;5
2464657058;1951061;2016-06-27;1;1091;1;true;1520578
2465353157;1951061;2016-06-27;1;1210;1;false;2635099
2464980610;1951061;2016-06-27;1;854;1;false;726228
2465127321;1951061;2016-06-27;1;1096;1;true;1836806
2464739613;1951061;2016-06-27;1;872;1;false;2640025
2469295282;1951061;2016-06-29;1;1253;2;true;1520578
2475704203;1951061;2016-07-02;1;853;1;false;1375614
2477061868;1951061;2016-07-02;1;1510;1;true;5
2477191251;1951061;2016-07-02;1;1104;4;true;5
2475623174;1951061;2016-07-02;1;866;1;false;1375614
2478320310;1951061;2016-07-03;1;948;2;false;1520578
2478168551;1951061;2016-07-03;1;1165;2;false;1520578
2481458771;1951061;2016-07-04;1;769;1;false;2777247
2481176187;1951061;2016-07-04;1;857;1;false;2635099
2481095250;1951061;2016-07-04;1;957;2;false;2635099
2482896234;1951061;2016-07-05;1;675;1;false;2777247
2482794373;1951061;2016-07-05;1;1243;1;false;2777247
2485714147;1951061;2016-07-06;1;1180;1;true;1520578
2485119809;1951061;2016-07-06;1;934;1;true;2414095
2485038548;1951061;2016-07-06;1;1183;1;true;2414095
2485846278;1951061;2016-07-06;1;1056;1;true;1520578
2498627379;1951061;2016-07-12;1;1071;1;true;2860414
2499290486;1951061;2016-07-12;1;1383;1;false;5
2498575658;1951061;2016-07-12;1;1108;1;true;2860414
2499171175;1951061;2016-07-12;1;1143;1;false;5
2501373944;1951061;2016-07-13;1;1007;1;false;15
2501246411;1951061;2016-07-13;1;876;1;false;15
2520628278;1951061;2016-07-22;2;895;4;false;2552118
2520551852;1951061;2016-07-22;2;852;1;false;2789129
2522910647;1951061;2016-07-23;2;836;1;false;726228
2522531680;1951061;2016-07-23;2;729;1;false;2414475
2523017540;1951061;2016-07-23;2;1483;1;true;2634810
2527452764;1951061;2016-07-25;2;1459;1;true;1983234
2527614412;1951061;2016-07-25;2;1511;1;true;1520578
2656733100;1375614;2016-09-20;1;1289;1;true;5
2656658532;1375614;2016-09-20;1;1219;1;true;5
2660957713;1375614;2016-09-22;1;1613;1;true;1272244
2661097630;1375614;2016-09-22;1;1477;1;true;1272244
2663153838;1375614;2016-09-23;1;1117;1;false;1520578
2663040106;1375614;2016-09-23;1;754;1;false;1520578
2663278018;1375614;2016-09-23;1;1093;1;false;1520578
2663422895;1375614;2016-09-23;1;819;1;false;1520578
2665852609;1375614;2016-09-24;1;1451;1;false;15
2666056666;1375614;2016-09-24;1;1601;1;true;15
2665530146;1375614;2016-09-24;1;1237;1;true;20
2665635982;1375614;2016-09-24;1;1826;1;true;20
2667838287;1375614;2016-09-25;2;858;1;false;2640025
2667725054;1375614;2016-09-25;2;1666;1;false;2640025
2673815580;1375614;2016-09-28;1;1197;1;true;1838315
2673871205;1375614;2016-09-28;1;1401;1;true;1838315
2674314206;1375614;2016-09-28;1;1205;1;true;1148284
2674224152;1375614;2016-09-28;1;1190;1;true;1148284
2673749773;1375614;2016-09-28;1;1280;1;false;1838315
2677941169;1375614;2016-09-30;1;1430;1;true;2586976
2677795728;1375614;2016-09-30;1;792;1;false;2586976
2677868731;1375614;2016-09-30;1;1441;1;true;2586976
2680540231;1375614;2016-10-01;1;1235;1;true;39
2680673019;1375614;2016-10-01;1;1686;1;true;39
2683682946;1375614;2016-10-02;1;1135;1;true;39
2683495393;1375614;2016-10-02;1;982;1;false;39
2683309223;1375614;2016-10-02;1;1208;1;false;39
2683864078;1375614;2016-10-02;1;1178;1;false;39
2689794999;1375614;2016-10-05;1;1220;1;true;4
2689323632;1375614;2016-10-05;1;1474;1;true;726228
2689694600;1375614;2016-10-05;1;1005;1;false;4
2689625324;1375614;2016-10-05;1;1053;1;true;4
2689427827;1375614;2016-10-05;1;1221;1;true;726228
2692062872;1375614;2016-10-06;1;902;1;false;1520578
2691924619;1375614;2016-10-06;1;1548;1;true;1520578
2692209839;1375614;2016-10-06;1;926;1;true;1520578
2691362326;1375614;2016-10-06;1;1276;1;true;2626685
2691429903;1375614;2016-10-06;1;1057;1;true;2626685
2693547335;1375614;2016-10-07;1;723;1;false;15
2694301210;1375614;2016-10-07;1;1293;1;true;1836806
2693447665;1375614;2016-10-07;1;723;1;false;15
2694152178;1375614;2016-10-07;1;1089;1;false;1836806
2696164591;1375614;2016-10-08;1;926;1;true;1520578
2696371495;1375614;2016-10-08;1;1482;1;true;1520578
2696262763;1375614;2016-10-08;1;792;1;false;1520578
2696605376;1375614;2016-10-08;1;1589;1;true;1520578
2698730571;1375614;2016-10-09;1;1701;1;true;3331948
2698859789;1375614;2016-10-09;1;985;1;true;3331948
2701595482;1375614;2016-10-10;1;864;1;false;15
2701440386;1375614;2016-10-10;1;1847;1;false;15
2701256565;1375614;2016-10-10;1;1687;1;true;15
2700603982;1375614;2016-10-10;1;1650;1;true;20
2700522662;1375614;2016-10-10;1;1820;1;true;20
2702545276;1375614;2016-10-11;1;1496;1;true;2640025
2702632119;1375614;2016-10-11;1;1275;1;false;2640025
2702881633;1375614;2016-10-11;1;1269;1;true;4
2702473251;1375614;2016-10-11;1;1350;1;false;2640025
2702986251;1375614;2016-10-11;1;1507;1;true;4
2727022170;1375614;2016-10-22;2;1237;1;true;3326126
2726439589;1375614;2016-10-22;2;1551;1;true;20
2727237969;1375614;2016-10-22;1;1147;1;true;3335660
2726305857;1375614;2016-10-22;2;1225;2;true;20
2727145576;1375614;2016-10-22;1;864;1;true;3335660
2726851753;1375614;2016-10-22;2;1212;1;false;3326126
2729627144;1375614;2016-10-23;2;1589;1;true;1836806
2729503911;1375614;2016-10-23;2;1282;1;true;1836806
2731577856;1375614;2016-10-24;2;1225;1;false;15
2731482080;1375614;2016-10-24;2;1184;1;false;15
2746402998;1375614;2016-10-31;2;1220;0;true;2208748
2746486937;1375614;2016-10-31;2;1314;0;true;2208748
2748579663;1375614;2016-11-01;1;1549;0;true;726228
2748687311;1375614;2016-11-01;1;1386;0;true;726228
2750426208;1375614;2016-11-02;1;1139;0;true;5
2750526261;1375614;2016-11-02;1;1019;0;true;5
2753112411;1375614;2016-11-03;2;1263;0;true;2854942
2752968437;1375614;2016-11-03;2;1254;0;false;2854942
2752678641;1375614;2016-11-03;1;1249;0;true;5
2754888229;1375614;2016-11-04;2;1496;0;true;1520578
2755142817;1375614;2016-11-04;1;1288;0;true;726228
2755262417;1375614;2016-11-04;1;1478;0;true;726228
2755005213;1375614;2016-11-04;2;1396;0;true;1520578
2757656889;1375614;2016-11-05;1;1333;0;true;2640025
2757464552;1375614;2016-11-05;2;1288;0;true;2414095
2757762156;1375614;2016-11-05;1;1365;0;false;2640025
2757356922;1375614;2016-11-05;2;1454;0;true;2414095
2759892995;1375614;2016-11-06;1;1271;0;true;4
2759802544;1375614;2016-11-06;1;1319;0;true;4
2762494590;1375614;2016-11-07;2;1127;Core;true;2860081
2762571220;1375614;2016-11-07;2;1209;Core;true;2860081
2764957549;1375614;2016-11-08;2;1027;Core;true;2626685
2765074449;1375614;2016-11-08;2;1597;Core;true;2626685
2766294726;1375614;2016-11-09;2;1115;null;true;3349045
2766357151;1375614;2016-11-09;2;1349;Core;true;3349045
2768650646;1375614;2016-11-10;2;1471;Core;true;2833354
2768758122;1375614;2016-11-10;2;1161;Core;true;2833354
2772281193;1375614;2016-11-12;1;512;Core;false;15
2772197042;1375614;2016-11-12;1;1050;null;true;15
2772353399;1375614;2016-11-12;1;1296;null;true;15
2776038642;1375614;2016-11-13;1;877;Core;false;726228
2775440178;1375614;2016-11-13;1;1137;null;true;5
2776154168;1375614;2016-11-13;1;1625;Core;true;726228
2775552970;1375614;2016-11-13;1;1023;Core;false;5
2783779888;1375614;2016-11-17;1;1283;null;false;726228
2783665567;1375614;2016-11-17;1;2119;Core;true;726228
2783922783;1375614;2016-11-17;1;1171;Core;true;726228
2786442759;1375614;2016-11-18;1;1261;Core;true;3331948
2786553478;1375614;2016-11-18;1;1460;null;true;3331948
