2472067691;2634810;2016-06-30;1;607;1;false
2696260281;3335660;2016-10-08;1;1036;1;false
2696184573;3335660;2016-10-08;1;723;1;false
2714439095;3335660;2016-10-16;2;641;1;false
2714265292;3335660;2016-10-16;2;1318;1;true
2716262215;3335660;2016-10-17;2;826;1;true
2716163884;3335660;2016-10-17;2;1119;1;true
2720147508;3335660;2016-10-19;2;914;1;true
2720063000;3335660;2016-10-19;2;1293;1;true
2727237969;3335660;2016-10-22;1;690;1;false
2727145576;3335660;2016-10-22;1;554;1;false
2726932125;3335660;2016-10-22;2;1025;1;true
2726821521;3335660;2016-10-22;2;859;1;true
2731020121;3335660;2016-10-24;1;919;1;false
