2459045954;2783809;2016-06-24;3;938;2;true;2891935
2461328439;2783809;2016-06-25;3;1223;2;true;2807741
2463436433;2783809;2016-06-26;3;899;4;true;2454714
2462926975;2783809;2016-06-26;3;1014;2;false;1105664
2463089250;2783809;2016-06-26;3;666;2;false;1105664
2474530424;2783809;2016-07-01;3;1263;2;true;2736919
2474370220;2783809;2016-07-01;3;816;1;true;2826725
2476691977;2783809;2016-07-02;3;1330;2;true;2659012
2476979370;2783809;2016-07-02;3;1098;2;true;1496373
2478602010;2783809;2016-07-03;3;1321;2;true;1496373
2478743809;2783809;2016-07-03;3;844;2;true;1995288
2479211141;2783809;2016-07-03;3;909;2;false;2787008
2479051277;2783809;2016-07-03;3;973;2;false;2787008
2580464619;2783809;2016-08-18;3;720;2;false;2662139
2580340880;2783809;2016-08-18;3;869;2;false;2662139
2604408194;3262331;2016-08-28;3;1317;2;true;2799801
2605700699;3262331;2016-08-28;3;659;1;false;1105664
2605417891;3262331;2016-08-28;3;1233;2;true;1105664
2605563599;3262331;2016-08-28;3;830;2;false;1105664
2610474953;2783809;2016-08-30;3;1604;2;true;2678752
2610398194;2783809;2016-08-30;3;1038;2;true;2678752
2613071027;2783809;2016-08-31;3;796;2;false;2644737
2612859443;2783809;2016-08-31;3;699;2;false;2644737
2612711175;2783809;2016-08-31;3;1493;2;true;2644737
2731615159;3262331;2016-10-24;1;1213;2;false;2398232
2731490700;3262331;2016-10-24;1;1593;2;true;3339998
2735584124;3262331;2016-10-26;1;1424;2;true;3322300
2735712280;3262331;2016-10-26;1;911;2;false;2662139
2781961417;3262331;2016-11-16;1;1273;null;true;3322396
2781867606;3262331;2016-11-16;1;1105;null;true;3322396
