2459045954;2783809;2016-06-24;3;1195;3;true;2891935
2461328439;2783809;2016-06-25;3;1159;3;true;2807741
2463436433;2783809;2016-06-26;3;1195;3;true;2454714
2462926975;2783809;2016-06-26;3;1392;4;false;1105664
2463089250;2783809;2016-06-26;3;591;3;false;1105664
2474530424;2783809;2016-07-01;3;2361;3;true;2736919
2476691977;2783809;2016-07-02;3;1104;3;true;2659012
2476979370;2783809;2016-07-02;3;1193;3;true;1496373
2478602010;2783809;2016-07-03;3;1326;3;true;1496373
2478743809;2783809;2016-07-03;3;1052;3;true;1995288
2479211141;2783809;2016-07-03;3;959;3;false;2787008
2479051277;2783809;2016-07-03;3;722;3;false;2787008
2604408194;3262331;2016-08-28;3;1669;1;true;2799801
2605700699;3262331;2016-08-28;3;794;2;false;1105664
2605417891;3262331;2016-08-28;3;1214;1;true;1105664
2605563599;3262331;2016-08-28;3;982;1;false;1105664
2731615159;3262331;2016-10-24;1;1354;4;false;2398232
2731490700;3262331;2016-10-24;1;1228;4;true;3339998
2735584124;3262331;2016-10-26;1;1646;4;true;3322300
2735712280;3262331;2016-10-26;1;775;3;false;2662139
2781961417;3262331;2016-11-16;1;1491;null;true;3322396
2781867606;3262331;2016-11-16;1;1281;null;true;3322396
