2405046808;2581813;2016-06-01;3;1313;1;true;2748441
2416740962;2581813;2016-06-06;3;1332;1;true;2108395
2439838859;2581813;2016-06-16;1;1035;1;true;1148284
2439730874;2581813;2016-06-16;1;988;1;true;1148284
2442262919;2581813;2016-06-17;1;1116;2;false;2659468
2442165601;2581813;2016-06-17;1;848;1;false;2659468
2442050367;2581813;2016-06-17;1;905;2;false;2659468
2453856100;2581813;2016-06-22;3;840;2;false;2659468
2460572757;2581813;2016-06-25;1;1273;1;true;350190
2459939274;2581813;2016-06-25;1;726;1;false;2659468
2460049490;2581813;2016-06-25;1;1018;1;true;543897
2460428144;2581813;2016-06-25;1;1090;1;true;1276785
2462917508;2581813;2016-06-26;1;997;1;true;2776208
2462540843;2581813;2016-06-26;1;1567;1;true;2767921
2463161660;2581813;2016-06-26;1;767;1;false;350190
2462617735;2581813;2016-06-26;1;1048;1;true;2789395
2463492421;2581813;2016-06-26;1;962;1;false;2108395
2462247848;2581813;2016-06-26;1;1110;1;true;24
2464767697;2581813;2016-06-27;1;563;1;false;2659468
2464848079;2581813;2016-06-27;1;1090;1;true;2776208
2464677668;2581813;2016-06-27;1;1226;1;false;2659468
2464971377;2581813;2016-06-27;1;1150;1;true;2776208
2467478609;2581813;2016-06-28;1;724;2;false;350190
2467731883;2581813;2016-06-28;1;741;1;false;350190
2467593841;2581813;2016-06-28;1;1241;1;true;350190
2467241036;2581813;2016-06-28;1;1216;1;true;2659468
2467373931;2581813;2016-06-28;1;732;1;false;350190
2467119481;2581813;2016-06-28;1;894;2;false;2659468
2467020229;2581813;2016-06-28;1;1074;2;true;2659468
2491965478;2581813;2016-07-09;3;1023;1;false;543897
2497528742;2581813;2016-07-11;3;1283;1;true;543897
2497358993;2581813;2016-07-11;3;1402;1;true;543897
2501342105;2581813;2016-07-13;3;1310;1;true;2767921
2501259591;2581813;2016-07-13;3;1219;1;true;2767921
2503626896;2581813;2016-07-14;3;896;1;false;1276785
2503821179;2581813;2016-07-14;3;1271;1;true;1276785
2505613611;2581813;2016-07-15;3;1115;1;true;98301
2505484651;2581813;2016-07-15;3;1068;1;true;98301
2520617412;2581813;2016-07-22;3;1283;1;true;2789395
2520486522;2581813;2016-07-22;3;1280;1;true;2789395
2531621610;2581813;2016-07-27;3;1439;1;true;543897
2531760761;2581813;2016-07-27;3;1455;1;true;543897
2533570928;2581813;2016-07-28;3;918;1;false;24
2533712629;2581813;2016-07-28;3;773;1;false;24
2533661491;2581813;2016-07-28;3;1382;1;true;24
2535552089;2581813;2016-07-29;3;870;1;false;543897
2535674255;2581813;2016-07-29;3;932;1;false;543897
2545299883;2581813;2016-08-02;1;1372;2;true;3
2545034458;2581813;2016-08-02;1;808;1;false;4
2545114502;2581813;2016-08-02;1;839;1;false;4
2545251072;2581813;2016-08-02;1;1392;1;true;3
2544942608;2581813;2016-08-02;1;987;1;true;4
2545393745;2581813;2016-08-03;1;874;1;false;2783913
2577895715;2581813;2016-08-17;3;1419;2;true;2398232
2580105667;2581813;2016-08-18;3;1161;2;true;98301
2579928658;2581813;2016-08-18;3;997;1;false;98301
2580207155;2581813;2016-08-18;3;1166;1;true;98301
2582347765;2581813;2016-08-19;3;1341;1;true;543897
2582036063;2581813;2016-08-19;3;1112;1;true;795543
2582602097;2581813;2016-08-19;3;890;2;false;543897
2582490617;2581813;2016-08-19;3;548;4;false;543897
2583051792;2581813;2016-08-19;3;1367;1;true;543897
2582214236;2581813;2016-08-19;3;1328;1;true;795543
2582825505;2581813;2016-08-19;3;1225;1;true;543897
2584933975;2581813;2016-08-20;3;1175;1;true;2738555
2585097433;2581813;2016-08-20;3;743;1;false;2738555
2588042488;2581813;2016-08-21;3;640;1;false;2659468
2587477506;2581813;2016-08-21;3;1168;1;true;24
2588153979;2581813;2016-08-21;3;784;2;false;2659468
2587360035;2581813;2016-08-21;3;888;3;false;24
2592901113;2581813;2016-08-23;3;939;1;true;1105664
2595160589;2581813;2016-08-24;3;1039;1;true;1105664
2597290165;2581813;2016-08-25;3;1202;1;true;2789395
2597179283;2581813;2016-08-25;3;1412;1;true;2789395
2605030698;2581813;2016-08-28;3;1003;1;false;2659468
2604891443;2581813;2016-08-28;3;1207;1;true;2659468
2609980279;2581813;2016-08-30;3;712;1;false;2659468
2609874136;2581813;2016-08-30;3;978;4;true;2659468
2616975502;2581813;2016-09-02;3;839;1;false;2659468
2616774839;2581813;2016-09-02;3;1083;2;false;2659468
2616654771;2581813;2016-09-02;3;853;2;false;2659468
2631622003;2581813;2016-09-09;3;1293;2;true;98301
2633603755;2581813;2016-09-10;3;1574;1;true;350190
2633497272;2581813;2016-09-10;3;925;1;false;350190
2633734776;2581813;2016-09-10;3;1446;1;true;350190
2636317210;2581813;2016-09-11;3;1488;1;true;543897
2636096325;2581813;2016-09-11;3;1643;1;true;543897
2636220638;2581813;2016-09-11;3;676;2;false;543897
2637380751;2581813;2016-09-11;3;1247;1;true;1148284
2637503649;2581813;2016-09-11;3;1061;2;true;1148284
2660775262;2581813;2016-09-22;1;733;1;false;4
2660860004;2581813;2016-09-22;1;1134;1;false;4
2667934665;2581813;2016-09-25;2;1046;1;true;2662139
2668369305;2581813;2016-09-25;2;1460;1;false;2644737
2668156923;2581813;2016-09-25;2;1340;2;true;2922244
2670106443;2581813;2016-09-26;1;921;1;false;1983234
2670013584;2581813;2016-09-26;1;947;1;false;1983234
2672015477;2581813;2016-09-27;1;1463;3;true;2909240
2672073478;2581813;2016-09-27;1;1263;1;true;2909240
2674097781;2581813;2016-09-28;1;1424;1;true;1951061
2674015636;2581813;2016-09-28;1;887;1;false;1951061
2700957746;2581813;2016-10-10;1;684;1;false;3326875
2704880245;2581813;2016-10-12;1;1035;1;true;24
2704979325;2581813;2016-10-12;1;950;1;true;24
2708845194;2581813;2016-10-14;1;902;2;true;543897
2709050623;2581813;2016-10-14;1;1171;1;true;543897
2708942061;2581813;2016-10-14;1;1050;1;false;543897
2711930641;2581813;2016-10-15;1;530;1;false;350190
2711770146;2581813;2016-10-15;1;1439;2;true;350190
2711650212;2581813;2016-10-15;1;647;4;false;350190
2755701613;2581813;2016-11-04;1;852;0;false;1148284
2755059175;2581813;2016-11-04;3;1322;0;true;3317685
2755498183;2581813;2016-11-04;1;1948;0;false;1148284
2754971409;2581813;2016-11-04;3;690;0;true;3317685
2757679066;2581813;2016-11-05;1;1415;0;false;543897
2757828149;2581813;2016-11-05;1;1147;0;false;543897
2762723869;2581813;2016-11-07;3;1578;Core;true;3444630
2762591598;2581813;2016-11-07;3;842;null;false;3444630
2762826162;2581813;2016-11-07;3;1567;null;true;3444630
2768245207;2581813;2016-11-10;2;1173;Core;true;3325212
2770310694;2581813;2016-11-11;2;1441;null;true;3322396
2770059505;2581813;2016-11-11;2;1359;null;true;2151103
2770006311;2581813;2016-11-11;2;1217;null;true;2151103
2769936811;2581813;2016-11-11;2;1277;null;false;2151103
2770214125;2581813;2016-11-11;2;2023;null;true;3322396
2773609715;2581813;2016-11-12;2;1346;null;true;1272244
2773824989;2581813;2016-11-12;2;1228;null;true;1272244
2775816795;2581813;2016-11-13;2;738;null;false;1838315
2775663298;2581813;2016-11-13;2;607;null;false;1838315
2775512649;2581813;2016-11-13;2;844;null;false;1838315
2782438518;2581813;2016-11-16;3;1158;Core;true;98301
2782560272;2581813;2016-11-16;3;1284;null;true;98301
