2480203750;1633432;2016-07-03;3;1229;4;true;2788413
2480056817;1633432;2016-07-03;3;812;4;false;2788413
2480429722;1633432;2016-07-04;3;1270;1;true;2429870
2480342003;1633432;2016-07-04;3;839;4;true;2429870
2484835754;1633432;2016-07-06;3;780;3;false;2527544
2484900789;1633432;2016-07-06;3;1490;3;true;2527544
2489052148;1633432;2016-07-07;3;705;4;false;2677025
2489017951;1633432;2016-07-07;3;595;4;false;2677025
2487094989;1633432;2016-07-07;3;1508;4;true;2832413
2569007402;1633432;2016-08-13;3;1353;3;true;2577368
2569085191;1633432;2016-08-13;3;1625;3;true;2577368
2568899416;1633432;2016-08-13;3;1515;3;true;2642461
2620767739;1633432;2016-09-04;3;1068;3;true;2428289
2620869535;1633432;2016-09-04;3;662;3;false;2428289
2620993043;1633432;2016-09-04;3;719;3;false;2428289
2658178662;3334608;2016-09-20;2;586;3;false;3214108
2658392151;3334608;2016-09-21;2;1000;3;true;3333433
2662309172;3334608;2016-09-23;2;598;3;false;2677025
2662428994;3334608;2016-09-23;2;841;3;false;2677025
2662349068;3334608;2016-09-23;2;1465;3;true;2677025
2664559224;3334608;2016-09-24;2;454;3;false;67
2664607109;3334608;2016-09-24;2;756;3;false;67
2763958954;2672298;2016-11-08;3;1352;null;true;39700
