2492348583;2398232;2016-07-09;3;1021;1;false;2888615
2492644065;2398232;2016-07-09;3;1256;1;false;543897
2492502698;2398232;2016-07-09;3;1442;1;true;2888615
2492776621;2398232;2016-07-09;3;954;1;false;543897
2492235535;2398232;2016-07-09;3;1121;1;true;2888615
2537971829;2398232;2016-07-30;3;1227;1;true;3020072
2538322995;2398232;2016-07-30;3;1452;1;true;2644737
2537838147;2398232;2016-07-30;3;1017;1;false;3020072
2538165637;2398232;2016-07-30;3;1257;1;true;2644737
2565535942;2398232;2016-08-12;3;774;2;false;2789395
2565687842;2398232;2016-08-12;3;1236;1;true;2789395
2575773680;2398232;2016-08-16;3;1484;1;true;1366458
2575939995;2398232;2016-08-16;3;1601;1;true;1366458
2577895715;2398232;2016-08-17;3;1337;1;false;2581813
2584731376;2398232;2016-08-20;3;1061;1;false;24
2584894444;2398232;2016-08-20;3;1180;1;false;24
2784384609;2398232;2016-11-17;1;1344;Core;false;2644737
2784234361;2398232;2016-11-17;1;1312;Core;false;2644737
