2436802533;2728038;2016-06-14;3;1047;4;false
2446371792;2728038;2016-06-19;3;1700;2;false
2446452104;2728038;2016-06-19;3;1615;2;true
2446293061;2728038;2016-06-19;3;1827;3;true
2457777239;2907596;2016-06-24;1;1368;3;true
2459675623;2908903;2016-06-24;1;777;4;false
2615922270;2728038;2016-09-02;3;1629;4;false
2615856818;2728038;2016-09-02;3;1047;4;false
2631194720;2728038;2016-09-09;3;1125;4;true
2658261184;2728038;2016-09-21;3;1537;2;true
2658298652;2728038;2016-09-21;3;1629;1;true
2675801172;2728038;2016-09-29;3;1566;3;false
2675961713;2728038;2016-09-29;3;1863;3;true
2675871272;2728038;2016-09-29;3;1463;1;true
2730804563;2728038;2016-10-23;1;2088;3;true
