2435580588;2789129;2016-06-14;2;795;3;false;2811728
2435685900;2789129;2016-06-14;2;1332;4;true;2811728
2435804703;2789129;2016-06-14;2;1632;4;true;2811728
2437565390;2789129;2016-06-15;2;1154;3;false;2780729
2437682290;2789129;2016-06-15;2;723;3;false;2780729
2440008047;2789129;2016-06-16;2;966;3;true;1272244
2439835717;2789129;2016-06-16;2;981;3;false;1272244
2440129277;2789129;2016-06-16;2;1207;3;false;1272244
2489956410;2789129;2016-07-08;2;1710;3;true;2760732
2520295162;2789129;2016-07-22;2;1165;3;true;726228
2520431372;2789129;2016-07-22;2;895;4;false;2414475
2520551852;2789129;2016-07-22;2;1109;3;true;1951061
2522499676;2789129;2016-07-23;2;1191;3;true;2634810
2527506479;2789129;2016-07-25;2;785;3;false;1520578
2527625642;2789129;2016-07-25;2;815;3;true;1983234
2529407904;2789129;2016-07-26;2;934;3;false;2640025
2531494486;2789129;2016-07-27;2;1030;3;false;2626685
2531581273;2789129;2016-07-27;2;754;3;false;2626685
2682659502;2789129;2016-10-02;1;1177;3;true;2901121
2683035523;2789129;2016-10-02;1;923;3;false;2760732
2682803101;2789129;2016-10-02;1;668;3;false;2760732
2683359847;2789129;2016-10-02;1;966;3;true;2564430
2682597524;2789129;2016-10-02;1;1404;3;true;2038409
2683272278;2789129;2016-10-02;1;1013;3;true;2564430
2684908804;2789129;2016-10-03;1;621;3;false;2854942
2685083574;2789129;2016-10-03;1;1386;3;false;2854942
2718584492;2414095;2016-10-18;1;1104;3;true;2208748
2718751587;2414095;2016-10-18;1;546;3;false;2208748
2731020888;2414095;2016-10-24;1;596;3;false;1951061
2734983472;2414095;2016-10-26;1;829;3;false;2776208
2746520749;2414095;2016-10-31;1;1009;0;false;2414475
2746451196;2414095;2016-10-31;1;763;0;false;2414475
2748859081;2414095;2016-11-01;1;903;0;false;1951061
2748945656;2414095;2016-11-01;1;1383;0;false;1951061
2762526720;2414095;2016-11-07;1;1109;null;false;3326126
2762667154;2414095;2016-11-07;1;1314;Support;true;3326126
2764802193;2414095;2016-11-08;1;1104;Support;true;2208748
2764923703;2414095;2016-11-08;1;848;Support;false;2208748
