2653110356;3329893;2016-09-18;3;1465;2;true
2653009266;3329893;2016-09-18;3;1677;2;true
2670573609;3329893;2016-09-26;3;711;2;false
2670681352;3329893;2016-09-26;3;543;2;false
2674654010;3329893;2016-09-28;3;1653;2;true
2689604617;3329893;2016-10-05;3;1118;4;true
2689514891;3329893;2016-10-05;3;1082;2;true
2696114414;3329893;2016-10-08;3;2042;2;true
2696204632;3329893;2016-10-08;3;1104;1;false
2695936459;3329893;2016-10-08;3;1077;2;false
2735436014;3329893;2016-10-26;1;1679;2;true
2735648299;3329893;2016-10-26;1;804;4;false
