2404141174;2677025;2016-06-01;3;1684;2;true
2403997603;2677025;2016-06-01;3;1675;2;true
2404059469;2677025;2016-06-01;3;1183;2;false
2406229857;2677025;2016-06-02;3;1759;2;true
2406270807;2677025;2016-06-02;3;1653;2;true
2461746185;2677025;2016-06-25;1;1852;2;true
2461926251;2677025;2016-06-25;1;938;2;false
2461552470;2677025;2016-06-25;1;1881;2;true
2464239144;2677025;2016-06-26;1;870;2;false
2464111444;2677025;2016-06-26;1;517;2;false
2463943541;2677025;2016-06-26;1;827;2;true
2466075858;2677025;2016-06-27;1;646;2;false
2466151858;2677025;2016-06-27;1;711;2;false
2466394822;2677025;2016-06-27;1;1268;2;true
2466472513;2677025;2016-06-27;1;1354;2;true
2468608023;2677025;2016-06-28;1;584;2;false
2468559869;2677025;2016-06-28;1;652;2;false
2475317558;2677025;2016-07-02;3;801;2;false
2475398365;2677025;2016-07-02;3;949;2;false
2484657856;2677025;2016-07-05;3;1282;2;true
2484568995;2677025;2016-07-05;3;930;2;false
2486895704;2677025;2016-07-06;3;1345;2;true
2489052148;2677025;2016-07-07;3;1215;2;true
2489017951;2677025;2016-07-07;3;1387;2;true
2486953172;2677025;2016-07-07;3;1456;2;true
2493699256;2677025;2016-07-09;3;1715;2;true
2493647725;2677025;2016-07-09;3;1021;2;true
2502091915;2677025;2016-07-13;1;958;4;false
2501986398;2677025;2016-07-13;1;1204;2;false
2506261838;2677025;2016-07-15;1;884;2;false
2506349579;2677025;2016-07-15;1;1348;4;false
2517474624;2677025;2016-07-20;3;818;2;false
2517543247;2677025;2016-07-20;3;1249;2;false
2524072750;2677025;2016-07-23;3;839;2;false
2524144375;2677025;2016-07-23;3;648;2;false
2656390711;2677025;2016-09-20;2;1468;2;true
2662309172;2677025;2016-09-23;2;1766;4;true
2662428994;2677025;2016-09-23;2;1475;2;true
2662349068;2677025;2016-09-23;2;781;2;false
2667103957;2677025;2016-09-24;2;1269;2;true
2667057578;2677025;2016-09-24;2;869;2;false
2667169504;2677025;2016-09-25;2;597;2;false
2675691627;2677025;2016-09-29;2;1643;2;true
2675845030;2677025;2016-09-29;2;952;2;true
2675768938;2677025;2016-09-29;2;936;2;false
2677591521;2677025;2016-09-29;2;1372;2;true
2677626358;2677025;2016-09-29;2;1419;2;true
2677775647;2677025;2016-09-30;2;1535;2;true
2677718897;2677025;2016-09-30;2;577;2;false
2677839586;2677025;2016-09-30;2;1389;2;true
2679837580;2677025;2016-09-30;2;746;2;false
2679987112;2677025;2016-10-01;2;377;2;false
2680122681;2677025;2016-10-01;2;1675;4;true
2708296618;2677025;2016-10-14;1;1256;2;true
2715490848;2677025;2016-10-16;1;1141;2;true
2715554686;2677025;2016-10-16;1;649;2;false
2715610842;2677025;2016-10-17;1;853;2;false
2715707364;2677025;2016-10-17;1;772;2;false
2715663224;2677025;2016-10-17;1;631;2;false
2738755806;2677025;2016-10-27;1;1555;2;true
2738581695;2677025;2016-10-27;1;1607;2;true
2738872552;2677025;2016-10-28;1;1361;2;true
2740960816;2677025;2016-10-28;1;900;2;false
2740678805;2677025;2016-10-28;1;148;2;false
2741014942;2677025;2016-10-28;1;0;2;false
2740778557;2677025;2016-10-28;1;795;2;true
2743230633;2677025;2016-10-29;1;454;2;false
2743298309;2677025;2016-10-29;1;-38;2;false
2743414037;2677025;2016-10-30;1;1372;4;false
2743352161;2677025;2016-10-30;1;1842;4;false
