2405265680;1927365;2016-06-01;3;789;4;true;2108395
2440480895;1927365;2016-06-16;3;670;3;false;2789395
2440366527;1927365;2016-06-16;3;731;3;false;2789395
2442602627;1927365;2016-06-17;3;929;3;true;2878192
2442477978;1927365;2016-06-17;3;1074;3;true;2878192
2449667402;1927365;2016-06-20;3;718;3;false;2767921
2458394433;1927365;2016-06-24;1;748;3;false;2896997
2458243176;1927365;2016-06-24;1;965;3;true;2644737
2476689910;1927365;2016-07-02;3;1255;4;false;2687313
2476868587;1927365;2016-07-02;3;754;3;false;2687313
2512317248;1927365;2016-07-18;3;1427;3;true;2789395
2512582303;1927365;2016-07-18;3;1364;3;true;2659468
2512453983;1927365;2016-07-18;3;930;3;false;2659468
2512126172;1927365;2016-07-18;3;1078;3;true;2789395
2514575187;1927365;2016-07-19;3;683;3;true;24
2514394571;1927365;2016-07-19;3;876;3;false;2738555
2514259442;1927365;2016-07-19;3;908;3;false;2738555
2514756265;1927365;2016-07-19;3;1028;3;false;24
2529567442;1927365;2016-07-26;3;1376;3;true;543897
2529706756;1927365;2016-07-26;3;1217;3;false;543897
2529840818;1927365;2016-07-26;3;722;3;false;543897
2531263117;1927365;2016-07-27;3;1012;3;true;2789395
2532053655;1927365;2016-07-27;3;864;3;false;543897
2531915495;1927365;2016-07-27;3;829;3;false;543897
2531367770;1927365;2016-07-27;3;1321;3;true;2789395
2544223156;1927365;2016-08-02;3;694;3;false;98301
2544686268;1927365;2016-08-02;3;1060;3;true;2738555
2544547342;1927365;2016-08-02;3;791;3;true;2738555
2544315274;1927365;2016-08-02;3;1000;3;false;98301
2568531686;1927365;2016-08-13;3;871;3;false;2748441
2568407869;1927365;2016-08-13;3;1826;4;true;2748441
2575620376;1927365;2016-08-16;3;689;3;false;24
2575276783;1927365;2016-08-16;3;777;3;false;24
2575418706;1927365;2016-08-16;3;806;3;true;24
2597824460;1927365;2016-08-25;3;915;4;false;2687313
2597987111;1927365;2016-08-25;3;1070;3;true;2687313
2655367015;3322300;2016-09-19;3;1108;3;true;2108395
2655509487;3322300;2016-09-19;3;1123;3;false;2108395
2659261501;3322300;2016-09-21;3;1458;3;true;3327985
2659437101;3322300;2016-09-21;3;728;3;false;3327985
2660739466;3322300;2016-09-22;3;1105;3;false;2659468
2660834477;3322300;2016-09-22;3;746;3;false;2659468
2662571515;3322300;2016-09-23;3;1107;3;true;1105664
2662666835;3322300;2016-09-23;3;989;3;true;1105664
2670179489;3322300;2016-09-26;3;999;3;false;3327985
2670278649;3322300;2016-09-26;3;912;3;false;3327985
2674504498;3322300;2016-09-28;3;1004;3;false;98301
2674686471;3322300;2016-09-28;3;963;3;false;98301
2704981789;3322300;2016-10-12;3;925;3;false;3326875
2705090150;3322300;2016-10-12;3;518;3;true;3326875
2707455434;3322300;2016-10-13;3;1082;3;true;24
2707294087;3322300;2016-10-13;3;751;3;true;24
2722070534;3322300;2016-10-20;3;891;3;false;98301
2722156522;3322300;2016-10-20;3;907;3;false;98301
2724334649;3322300;2016-10-21;3;709;3;false;1105664
2724252211;3322300;2016-10-21;3;866;3;false;1105664
2724141763;3322300;2016-10-21;3;1268;3;true;1105664
2731523133;3322300;2016-10-24;3;682;3;false;1276785
2731416502;3322300;2016-10-24;3;1071;3;true;1276785
2735584124;3322300;2016-10-26;1;815;3;false;3262331
2750833543;3322300;2016-11-02;3;697;0;false;2659468
2750751794;3322300;2016-11-02;3;1062;0;false;2659468
2772290693;3322300;2016-11-12;1;1900;null;true;2854942
2772189697;3322300;2016-11-12;1;914;Support;false;2854942
2772530949;3322300;2016-11-12;1;779;Support;false;2822317
2772397842;3322300;2016-11-12;1;935;Support;true;2854942
2772829758;3322300;2016-11-12;1;1231;Support;true;24
2772953595;3322300;2016-11-12;1;894;null;true;24
2772615417;3322300;2016-11-12;1;891;null;false;2822317
2782313068;3322300;2016-11-16;1;1158;null;false;3327985
2782160755;3322300;2016-11-16;1;768;Support;false;3327985
