2408596812;46;2016-06-03;1;764;3;false;2586976
2409393490;46;2016-06-03;1;824;3;false;2586976
2408914595;46;2016-06-03;1;1090;4;true;3
2409012917;46;2016-06-03;1;1048;3;true;3
2408658682;46;2016-06-03;1;798;3;false;2586976
2409156577;46;2016-06-03;1;930;3;true;2586976
2409298043;46;2016-06-03;1;1477;4;false;2586976
2419483371;46;2016-06-07;1;794;3;true;1838315
2423085167;46;2016-06-09;1;853;4;false;15
2423222858;46;2016-06-09;1;755;3;false;15
2460843202;46;2016-06-25;1;736;3;false;2006913
2460572040;46;2016-06-25;1;750;3;false;1883502
2461361885;46;2016-06-25;1;813;3;false;2538753
2461049428;46;2016-06-25;1;1514;3;true;2642171
2461504999;46;2016-06-25;1;755;3;false;2783913
2463855212;46;2016-06-26;1;733;3;false;1838315
2462822944;46;2016-06-26;1;891;3;true;2790766
2463541690;46;2016-06-26;1;1034;3;true;55
2463214378;46;2016-06-26;1;979;3;true;111474
2470450728;2790766;2016-06-29;3;1147;3;true;2788336
2479524232;46;2016-07-03;2;1021;3;true;2783913
2479373372;46;2016-07-03;2;1108;3;true;2783913
2485180059;46;2016-07-06;1;912;3;false;1836806
2485296372;46;2016-07-06;1;536;3;false;1836806
2489260740;46;2016-07-08;1;1223;3;true;2512249
2489425593;46;2016-07-08;1;858;3;false;2512249
2489350478;46;2016-07-08;1;877;3;false;2512249
2499917252;2578382;2016-07-12;3;1454;3;false;2759317
2515339437;46;2016-07-19;2;1158;3;true;55
2515170516;46;2016-07-19;2;896;3;false;55
2515261660;46;2016-07-19;2;807;3;true;55
2523645512;46;2016-07-23;2;1172;3;true;111474
2523475375;46;2016-07-23;2;612;3;false;111474
2523359413;46;2016-07-23;2;1091;4;true;111474
2530479268;46;2016-07-26;2;1165;3;true;2006913
2530576649;46;2016-07-26;2;1412;3;true;2006913
2593668385;46;2016-08-23;2;1031;3;true;2783913
2593970730;46;2016-08-23;2;808;3;false;2783913
2593843512;46;2016-08-23;2;749;3;false;2783913
2600139014;46;2016-08-26;2;1526;3;true;2642171
2600408856;46;2016-08-26;2;1182;3;true;2642171
2600267452;46;2016-08-26;2;635;3;false;2642171
2606273603;46;2016-08-28;2;1071;3;true;2538753
2606154219;46;2016-08-28;2;1028;3;true;2538753
2608464942;46;2016-08-29;2;1008;3;false;2006913
2608546737;46;2016-08-29;2;911;3;false;2006913
2619332570;46;2016-09-03;3;1118;3;false;2537636
2619149783;46;2016-09-03;3;1091;3;false;2537636
2632637217;46;2016-09-09;3;1001;3;true;2246141
2661929547;46;2016-09-22;1;1403;3;true;2246141
2661805196;46;2016-09-22;1;696;3;false;2246141
2703616243;46;2016-10-11;1;704;3;false;2006913
2703494497;46;2016-10-11;1;1011;3;true;2006913
2703697249;46;2016-10-11;1;827;3;false;2006913
2705666524;46;2016-10-12;3;909;3;true;2827285
2705571558;46;2016-10-12;3;1656;4;true;2827285
2712845793;46;2016-10-15;1;897;3;true;36
2712985060;46;2016-10-15;1;913;3;false;36
2712739902;46;2016-10-15;1;868;3;false;36
2717268342;46;2016-10-17;1;582;3;false;2006913
2717347882;46;2016-10-17;1;1307;3;true;2006913
2717415283;46;2016-10-17;1;931;3;true;2006913
2721180302;46;2016-10-19;3;952;3;false;2537636
2721270640;46;2016-10-19;3;1017;3;false;2537636
2724699405;46;2016-10-21;3;703;3;true;59
2724843712;46;2016-10-21;3;1296;3;true;2134429
2730742034;46;2016-10-23;1;963;3;true;36
2730775006;46;2016-10-23;1;1273;3;true;36
2730680469;46;2016-10-23;1;967;3;false;36
2734752494;46;2016-10-25;1;761;3;false;1883502
2734691591;46;2016-10-25;1;669;3;false;1883502
2734777605;46;2016-10-25;1;914;3;false;1883502
2756250110;46;2016-11-04;3;854;0;true;2246141
2756151284;46;2016-11-04;3;857;0;true;2246141
2755971501;46;2016-11-04;3;1047;0;true;55
2759026966;46;2016-11-05;3;640;0;true;2537636
2758893203;46;2016-11-05;3;1317;0;true;2537636
2763318224;46;2016-11-07;3;792;Support;true;3332295
2763224835;46;2016-11-07;3;1176;null;false;3332295
2763425624;46;2016-11-07;3;688;null;false;3332295
2765585741;46;2016-11-08;2;822;Support;true;3335901
2778847406;46;2016-11-14;3;1142;null;true;1964407
2778923896;46;2016-11-14;3;946;null;true;1964407
2785190477;46;2016-11-17;3;927;null;false;2552670
2785248829;46;2016-11-17;3;926;Support;true;2552670
2785121619;46;2016-11-17;3;900;null;true;2552670
