2408596812;2586976;2016-06-03;1;858;1;true;46
2409393490;2586976;2016-06-03;1;1307;1;true;46
2408737158;2586976;2016-06-03;1;970;1;false;1375614
2408658682;2586976;2016-06-03;1;1046;1;true;46
2408813096;2586976;2016-06-03;1;1008;2;false;1375614
2409156577;2586976;2016-06-03;1;875;2;false;46
2409298043;2586976;2016-06-03;1;940;2;true;46
2418580528;2586976;2016-06-07;1;1261;2;true;36
2418664928;2586976;2016-06-07;1;942;3;true;36
2423509445;2586976;2016-06-09;1;1035;2;true;1148284
2423400514;2586976;2016-06-09;1;1111;1;true;1148284
2428159350;2586976;2016-06-11;1;1059;2;true;1375614
2427950507;2586976;2016-06-11;1;759;2;false;1375614
2428046296;2586976;2016-06-11;1;1187;2;true;1375614
2430618706;2586976;2016-06-12;1;654;1;false;2163
2430738353;2586976;2016-06-12;1;1413;2;true;2163
2430984806;2586976;2016-06-12;1;966;2;true;2163
2430853227;2586976;2016-06-12;1;1024;2;true;2163
2442689934;2586976;2016-06-17;1;732;1;true;36
2443468488;2586976;2016-06-17;1;1471;2;true;3
2443378342;2586976;2016-06-17;1;1004;1;true;3
2447074169;2586976;2016-06-19;1;532;2;false;2163
2448201980;2586976;2016-06-19;1;1584;4;true;36
2448310164;2586976;2016-06-19;1;1272;1;true;36
2447365661;2586976;2016-06-19;1;974;4;true;2163
2447190474;2586976;2016-06-19;1;958;2;true;2163
2448082522;2586976;2016-06-19;1;1184;2;true;36
2502387920;2586976;2016-07-13;1;1163;2;true;350190
2502091915;2586976;2016-07-13;1;1192;2;true;2677025
2501986398;2586976;2016-07-13;1;1157;2;true;2677025
2502428208;2586976;2016-07-14;1;1028;2;false;350190
2502478249;2586976;2016-07-14;1;1239;4;true;350190
2506690235;2586976;2016-07-15;1;950;2;false;1836806
2506751633;2586976;2016-07-16;1;1118;1;false;1836806
2510756612;2586976;2016-07-17;1;997;4;true;2163
2511192816;2586976;2016-07-17;1;986;2;false;1836806
2510831821;2586976;2016-07-17;1;921;2;false;2163
2511147044;2586976;2016-07-17;1;656;2;false;1836806
2510927175;2586976;2016-07-17;1;1241;2;true;2163
2511239695;2586976;2016-07-18;1;820;2;false;1836806
2546940273;2586976;2016-08-03;1;884;1;false;15
2547040899;2586976;2016-08-03;1;1032;2;true;15
2547301927;2586976;2016-08-03;1;1295;1;true;39
2547208285;2586976;2016-08-03;1;981;2;true;111474
2547154885;2586976;2016-08-03;1;1003;2;true;111474
2547354532;2586976;2016-08-03;1;859;2;false;39
2548899546;2586976;2016-08-04;1;837;1;false;1836806
2549023865;2586976;2016-08-04;1;1074;1;true;1836806
2549200733;2586976;2016-08-04;1;1123;2;true;2783913
2549139153;2586976;2016-08-04;1;1081;2;true;2783913
2551241703;2586976;2016-08-05;1;1292;1;true;36
2550969678;2586976;2016-08-05;1;1042;2;true;2108395
2551170074;2586976;2016-08-05;1;930;1;true;36
2551078113;2586976;2016-08-05;1;1093;2;true;2108395
2558033556;2586976;2016-08-08;1;1151;2;true;1148284
2557955371;2586976;2016-08-08;1;903;2;false;1148284
2558113366;2586976;2016-08-08;1;601;2;false;1148284
2560320998;2586976;2016-08-09;1;679;2;false;2108395
2560377671;2586976;2016-08-10;1;954;2;false;2108395
2598577500;59;2016-08-25;3;1178;4;true;2790766
2598441804;59;2016-08-25;3;1098;3;true;2790766
2674644594;2586976;2016-09-28;1;1209;2;false;39
2674540208;2586976;2016-09-28;1;780;1;false;39
2673934091;2586976;2016-09-28;1;1226;2;true;2640025
2674016347;2586976;2016-09-28;1;993;1;true;2640025
2674424505;2586976;2016-09-28;1;1277;2;true;39
2676379849;2586976;2016-09-29;1;1031;2;true;2640025
2676457888;2586976;2016-09-29;1;2636;2;true;2640025
2677941169;2586976;2016-09-30;1;743;2;false;1375614
2677795728;2586976;2016-09-30;1;838;1;true;1375614
2677868731;2586976;2016-09-30;1;1059;1;false;1375614
2680048021;2586976;2016-10-01;1;752;2;true;726228
2680843902;2586976;2016-10-01;1;996;1;true;1838315
2680978460;2586976;2016-10-01;1;2006;2;true;1838315
2682879623;2586976;2016-10-02;1;1107;2;true;39
2682989099;2586976;2016-10-02;1;1308;2;false;39
2682745535;2586976;2016-10-02;1;1137;2;false;39
2752216007;2586976;2016-11-02;3;978;0;false;2783913
2752105396;2586976;2016-11-02;3;1226;0;true;2783913
2752301881;2586976;2016-11-02;3;1740;0;true;2783913
2754001919;2586976;2016-11-03;1;1161;0;true;2552670
2756460688;2586976;2016-11-04;3;1620;0;true;59
2756521987;2586976;2016-11-04;3;2161;0;true;59
2758509542;2586976;2016-11-05;1;1648;0;true;2538753
2758662234;2586976;2016-11-05;1;1252;0;true;2538753
2761136622;2586976;2016-11-06;1;699;0;false;1883502
2761329697;2586976;2016-11-06;1;998;null;true;1883502
2761247345;2586976;2016-11-06;1;874;Core;false;1883502
2761620508;2586976;2016-11-06;3;756;Core;false;39
2761419323;2586976;2016-11-06;1;1038;null;true;1883502
2761684165;2586976;2016-11-06;3;947;null;false;39
2761501729;2586976;2016-11-06;1;743;null;false;1883502
2785114392;2586976;2016-11-17;1;1082;null;true;2512249
2784988882;2586976;2016-11-17;1;1093;null;true;2512249
2785402676;2586976;2016-11-18;1;898;null;true;39
2785448115;2586976;2016-11-18;1;1593;Core;true;39
