2405630794;59;2016-06-01;3;718;3;true;2552670
2405526656;59;2016-06-01;3;1179;3;true;2552670
2415097881;59;2016-06-05;3;1618;3;true;2790766
2414962996;59;2016-06-05;3;927;3;true;2790766
2419873195;59;2016-06-07;3;1068;5;false;2533075
2419750817;59;2016-06-07;3;926;3;true;2533075
2419982182;59;2016-06-07;3;981;4;true;2533075
2434286660;59;2016-06-13;3;1388;3;true;2533075
2434067917;59;2016-06-13;3;1032;2;true;2533075
2434177195;59;2016-06-13;3;1046;3;false;2533075
2433966081;59;2016-06-13;3;717;3;false;2533075
2433852301;59;2016-06-13;3;1520;3;true;2533075
2450557369;59;2016-06-20;2;1024;3;false;2642171
2450449216;59;2016-06-20;2;935;3;false;2642171
2477608342;59;2016-07-02;2;948;4;false;55
2477508297;59;2016-07-02;2;917;3;false;55
2476919841;59;2016-07-02;2;1393;3;true;2533075
2477072702;59;2016-07-02;2;1563;3;true;2533075
2503954156;59;2016-07-14;3;1355;4;true;2413318
2503743859;59;2016-07-14;3;994;3;false;2413318
2504108182;59;2016-07-14;3;1206;3;true;2413318
2516775236;59;2016-07-20;3;1208;3;true;2246141
2532026266;59;2016-07-27;3;1161;3;false;2533075
2532137026;59;2016-07-27;3;1041;3;false;2533075
2536084521;59;2016-07-29;2;1872;3;true;2578382
2536188751;59;2016-07-29;2;1098;2;true;2578382
2538610003;59;2016-07-30;2;1410;3;true;2246141
2538763520;59;2016-07-30;2;1035;3;false;2246141
2538849632;59;2016-07-30;2;1416;3;true;2246141
2578664531;59;2016-08-17;3;1605;3;true;2538753
2578149383;59;2016-08-17;3;1432;3;true;2537636
2578754563;59;2016-08-17;3;796;3;false;2538753
2578320449;59;2016-08-17;3;1551;3;true;2537636
2578541156;59;2016-08-17;3;884;4;false;2538753
2588367147;59;2016-08-21;3;1387;3;true;2578382
2588241827;59;2016-08-21;3;1123;3;true;2578382
2593310830;59;2016-08-23;3;1137;3;true;1964407
2593108528;59;2016-08-23;3;1163;3;true;1964407
2596144255;59;2016-08-24;2;1023;3;true;2759317
2596246859;59;2016-08-24;2;1199;4;true;2759317
2598577500;59;2016-08-25;3;1200;3;true;2790766
2598441804;59;2016-08-25;3;1163;3;true;2790766
2601070611;59;2016-08-26;2;1213;3;true;2006913
2600989416;59;2016-08-26;2;1345;3;true;2006913
2603314598;59;2016-08-27;3;1172;3;true;2842794
2603190632;59;2016-08-27;3;1135;3;true;2842794
2603001805;59;2016-08-27;3;1023;3;false;2842794
2610872425;59;2016-08-30;2;653;3;true;2783913
2611012131;59;2016-08-30;2;1104;3;true;2783913
2611114319;59;2016-08-30;2;1025;3;true;2783913
2610707465;59;2016-08-30;2;715;3;false;2783913
2615275949;59;2016-09-01;2;1131;3;true;2006913
2615138939;59;2016-09-01;2;1069;3;false;2006913
2615493185;59;2016-09-01;2;674;3;false;2006913
2615378496;59;2016-09-01;2;975;3;true;2006913
2615577441;59;2016-09-01;2;1341;3;true;2006913
2617230473;59;2016-09-02;3;1494;3;true;2552670
2617416275;59;2016-09-02;3;1806;3;false;2552670
2617677272;59;2016-09-02;3;1131;4;false;2552670
2617566978;59;2016-09-02;3;1023;3;false;2552670
2637917322;59;2016-09-11;3;1896;4;true;2552670
2638022277;59;2016-09-11;3;1391;3;true;2552670
2637520870;59;2016-09-11;3;1534;3;true;2850016
2637687793;59;2016-09-11;3;1685;3;true;2850016
2662072050;59;2016-09-22;1;1849;3;true;2642171
2662027296;59;2016-09-22;1;1022;3;false;2642171
2673095597;59;2016-09-27;2;1461;4;true;3152604
2677197824;59;2016-09-29;2;926;3;false;2533075
2677090549;59;2016-09-29;2;1485;3;false;2533075
2692910644;3351387;2016-10-06;1;1165;4;false;2533075
2692761389;3351387;2016-10-06;1;1391;4;true;3337522
2694579681;3351387;2016-10-07;1;844;4;false;111474
2694422410;3351387;2016-10-07;1;1528;4;true;2246141
2697030191;3351387;2016-10-08;1;975;4;false;3325406
2696704860;3351387;2016-10-08;1;1542;4;true;3325406
2696902418;3351387;2016-10-08;1;969;4;false;3325406
2705691231;59;2016-10-12;1;1052;3;true;3332295
2705565420;59;2016-10-12;1;650;4;false;3332295
2705910492;59;2016-10-12;3;379;3;false;2537636
2705979816;59;2016-10-12;3;1369;3;false;2537636
2705803957;59;2016-10-12;1;939;3;false;3332295
2715353113;59;2016-10-16;3;906;3;false;3381675
2715182460;59;2016-10-16;3;1495;3;false;3332295
2715042389;59;2016-10-16;3;1248;3;true;3332295
2715290389;59;2016-10-16;3;1129;3;true;3381675
2718769964;59;2016-10-18;3;1445;3;true;2827285
2721046064;59;2016-10-19;3;894;3;false;2552670
2720857009;59;2016-10-19;3;1049;3;false;2552670
2717147367;59;2016-10-17;3;1114;3;false;2533075
2716955834;59;2016-10-17;3;727;3;false;2533075
2724699405;59;2016-10-21;3;787;3;false;46
2734867076;1245961;2016-10-26;1;846;3;true;2622695
2736685463;1245961;2016-10-26;1;1222;3;true;2728038
2736741387;1245961;2016-10-26;1;1353;3;true;3334621
2737050929;59;2016-10-27;1;714;3;false;2537636
2736884283;1245961;2016-10-27;1;1224;3;false;55
2736807013;1245961;2016-10-27;1;1815;3;true;55
2737247032;59;2016-10-27;1;1331;3;false;2537636
2737140614;1245961;2016-10-27;1;1574;3;true;2537636
2736964735;1245961;2016-10-27;1;1204;2;true;55
