2435626756;5;2016-06-14;3;1131;3;false;2626685
2435517124;5;2016-06-14;3;1468;3;true;2626685
2435752301;5;2016-06-14;3;871;3;false;2626685
2438080347;5;2016-06-15;1;1147;3;true;2640025
2438197772;5;2016-06-15;1;1223;3;true;2640025
2439955955;5;2016-06-16;3;1238;3;true;1276785
2439751520;5;2016-06-16;3;1195;4;true;1276785
2439829291;5;2016-06-16;3;984;3;false;1276785
2439643051;5;2016-06-16;3;528;3;false;2635099
2439460317;5;2016-06-16;3;1462;3;true;2635099
2439522909;5;2016-06-16;3;974;3;false;2635099
2440451503;5;2016-06-16;1;1629;3;false;1983234
2440329883;5;2016-06-16;1;1122;5;true;1983234
2444883863;5;2016-06-18;1;1352;3;true;2208748
2444777259;5;2016-06-18;1;1323;3;true;2208748
2446649001;5;2016-06-19;1;1188;3;true;2634810
2446552186;5;2016-06-19;1;1200;3;true;2634810
2442714305;5;2016-06-17;1;975;3;true;2635099
2442576015;5;2016-06-17;1;1236;4;true;2635099
2449423270;5;2016-06-20;1;982;4;true;4
2449161366;5;2016-06-20;1;908;3;false;4
2449282596;5;2016-06-20;1;1129;3;true;4
2462277891;5;2016-06-26;1;787;3;true;1836806
2463333087;5;2016-06-26;1;1101;3;true;2635099
2462800117;5;2016-06-26;1;692;3;true;1951061
2463164128;5;2016-06-26;1;759;3;false;4
2462624643;5;2016-06-26;1;945;4;true;2640025
2464765728;5;2016-06-27;1;665;3;false;726228
2464575463;5;2016-06-27;1;1006;3;true;1520578
2464847711;5;2016-06-27;1;1271;3;true;20
2465280543;5;2016-06-27;1;707;3;false;2777247
2467636453;5;2016-06-28;1;830;3;false;726228
2466794237;5;2016-06-28;1;1013;3;false;2777247
2467763435;5;2016-06-28;1;962;3;false;726228
2466696661;5;2016-06-28;1;983;3;false;2777247
2476609317;5;2016-07-02;1;1297;3;true;1520578
2477061868;5;2016-07-02;1;757;3;false;1951061
2477191251;5;2016-07-02;1;869;3;false;1951061
2478656233;5;2016-07-03;1;1227;4;true;1375614
2478862924;5;2016-07-03;1;1200;3;true;1375614
2483331021;5;2016-07-05;1;970;3;true;2860081
2483221439;5;2016-07-05;1;1268;3;true;2860081
2485836552;5;2016-07-06;1;1416;3;true;1836806
2485730343;5;2016-07-06;1;783;3;false;1836806
2491829285;5;2016-07-09;3;866;3;true;20
2491693435;5;2016-07-09;3;675;3;false;20
2491589352;5;2016-07-09;3;828;3;true;20
2499290486;5;2016-07-12;1;1484;3;true;1951061
2499461927;5;2016-07-12;1;1067;3;false;2860414
2499635875;5;2016-07-12;1;1042;3;true;2860414
2499171175;5;2016-07-12;1;1418;3;true;1951061
2502902045;5;2016-07-14;1;837;3;false;2777247
2502711579;5;2016-07-14;1;1057;3;false;15
2502972140;5;2016-07-14;1;414;3;false;2777247
2502820698;5;2016-07-14;1;1188;3;false;15
2656733100;5;2016-09-20;1;522;3;false;1375614
2656658532;5;2016-09-20;1;765;3;false;1375614
2658598435;5;2016-09-21;1;778;3;false;3331948
2658671456;5;2016-09-21;1;1084;3;true;3331948
2659452604;5;2016-09-21;1;905;3;false;1272244
2658752820;5;2016-09-21;1;1100;3;false;3331948
2659288432;5;2016-09-21;1;1411;3;true;1272244
2661209558;5;2016-09-22;1;1124;3;true;1520578
2661344409;5;2016-09-22;1;714;3;false;1520578
2665526451;5;2016-09-24;1;757;3;true;2208748
2668072792;5;2016-09-25;1;726;3;true;1983234
2668240963;5;2016-09-25;1;1107;3;true;3326126
2668683512;5;2016-09-25;1;792;3;false;2640025
2668549684;5;2016-09-25;1;1451;3;true;2640025
2670715913;5;2016-09-26;1;1085;3;true;20
2670592575;5;2016-09-26;1;1321;3;true;20
2687811707;5;2016-10-04;1;899;3;false;3331948
2687994168;5;2016-10-04;1;1121;3;true;3331948
2688112512;5;2016-10-04;1;994;3;true;3331948
2689840115;5;2016-10-05;1;1093;3;true;3331948
2689730932;5;2016-10-05;1;874;3;false;3331948
2690327155;5;2016-10-05;1;757;3;true;4
2690188265;5;2016-10-05;1;1182;3;true;4
2693908642;5;2016-10-07;1;650;3;false;3326126
2693769277;5;2016-10-07;1;1176;3;true;1520578
2693644106;5;2016-10-07;1;1126;3;true;1520578
2694022188;5;2016-10-07;1;685;3;false;3326126
2698895759;5;2016-10-09;1;1512;3;true;4
2699187650;5;2016-10-09;1;1005;3;true;4
2699030547;5;2016-10-09;1;893;3;true;4
2698715386;5;2016-10-09;1;1464;3;true;4
2700673845;5;2016-10-10;1;832;3;true;726228
2700781961;5;2016-10-10;1;1211;3;true;726228
2703377370;5;2016-10-11;1;1242;3;false;4
2703499764;5;2016-10-11;1;940;3;false;4
2716283869;5;2016-10-17;1;982;3;false;2640025
2716214852;5;2016-10-17;1;969;3;false;2640025
2724379071;5;2016-10-21;1;1583;3;true;1836806
2724534978;5;2016-10-21;1;1226;3;true;1836806
2724057651;5;2016-10-21;2;1302;3;true;1983234
2723971993;5;2016-10-21;2;1028;3;false;1983234
2726805463;5;2016-10-22;1;1188;3;true;3331948
2726933981;5;2016-10-22;1;639;3;false;3331948
2729673896;5;2016-10-23;2;1375;3;true;726228
2729157240;5;2016-10-23;2;554;3;true;4
2729315310;5;2016-10-23;2;942;3;true;4
2729542546;5;2016-10-23;2;1059;3;true;726228
2731959227;5;2016-10-24;2;523;3;false;3331948
2731816086;5;2016-10-24;2;1104;3;true;2640025
2731707921;5;2016-10-24;2;951;3;true;2640025
2732116113;5;2016-10-24;2;917;3;false;3331948
2739919221;5;2016-10-28;1;1070;4;true;1520578
2739178354;5;2016-10-28;1;1217;3;true;2860081
2739382279;5;2016-10-28;1;1056;3;true;1272244
2741216200;5;2016-10-29;1;1169;3;true;3326126
2741318410;5;2016-10-29;1;898;3;false;2640025
2742552149;5;2016-10-29;1;651;3;false;2626685
2741903719;5;2016-10-29;1;675;3;false;15
2741749359;5;2016-10-29;1;801;3;false;726228
2741642795;5;2016-10-29;1;1060;3;true;2626685
2742259068;5;2016-10-29;1;1251;3;false;3331948
2748319814;5;2016-11-01;1;803;0;true;4
2750426208;5;2016-11-02;1;675;0;false;1375614
2751192318;5;2016-11-02;2;1271;0;true;2634810
2751350523;5;2016-11-02;2;926;0;true;2634810
2750741091;5;2016-11-02;1;1039;0;true;726228
2750670203;5;2016-11-02;1;1285;0;true;726228
2750526261;5;2016-11-02;1;577;0;false;1375614
2753578166;5;2016-11-03;2;1085;0;true;3258149
2753360524;5;2016-11-03;2;788;0;false;3258149
2752678641;5;2016-11-03;1;933;0;false;1375614
2757397620;5;2016-11-05;1;1497;0;true;4
2757489710;5;2016-11-05;1;740;0;true;4
2760444297;5;2016-11-06;2;1308;0;true;1951061
2762825375;5;2016-11-07;2;932;Support;true;3335660
2762692387;5;2016-11-07;2;1087;Support;true;3335660
2764156247;5;2016-11-08;2;946;null;true;2776208
2764258316;5;2016-11-08;2;1076;Support;true;2776208
2766131956;5;2016-11-09;2;1318;Support;true;2414475
2766202158;5;2016-11-09;2;1119;Support;true;2414475
2770560829;5;2016-11-11;1;1045;Support;true;2640025
2770396458;5;2016-11-11;2;1036;null;true;3336725
2770695776;5;2016-11-11;1;1219;null;false;2640025
2772784240;5;2016-11-12;1;960;null;false;726228
2772878378;5;2016-11-12;1;1932;Support;true;726228
2773345653;5;2016-11-12;1;1429;Support;true;1520578
2773498800;5;2016-11-12;1;768;null;false;1520578
2775888314;5;2016-11-13;1;992;null;true;3335660
2775440178;5;2016-11-13;1;1239;Support;false;1375614
2775744361;5;2016-11-13;1;1071;Support;true;3335660
2775552970;5;2016-11-13;1;1026;null;true;1375614
2785935504;5;2016-11-18;1;974;Support;true;15
2785670626;5;2016-11-18;2;1065;Support;true;1520578
2786032988;5;2016-11-18;1;1263;null;true;15
2785756606;5;2016-11-18;2;1075;null;true;1520578
