2435272608;2208748;2016-06-14;3;1248;2;true;2538621
2435619189;2208748;2016-06-14;3;763;2;false;4
2435526579;2208748;2016-06-14;3;1125;2;true;4
2435347523;2208748;2016-06-14;3;1155;2;true;2538621
2435746809;2208748;2016-06-14;3;1309;2;true;4
2437814764;2208748;2016-06-15;3;972;2;false;726228
2437946108;2208748;2016-06-15;3;763;2;false;726228
2439295199;2208748;2016-06-16;1;813;2;false;1951061
2439911452;2208748;2016-06-16;3;1195;2;false;2643401
2439245198;2208748;2016-06-16;1;860;2;false;1951061
2439804174;2208748;2016-06-16;3;797;2;false;2643401
2444883863;2208748;2016-06-18;1;948;2;false;5
2444777259;2208748;2016-06-18;1;813;2;false;5
2444413996;2208748;2016-06-18;1;1026;2;false;2552118
2444533151;2208748;2016-06-18;1;585;2;false;2552118
2447647640;2208748;2016-06-19;1;722;4;false;1520578
2447758189;2208748;2016-06-19;1;1240;2;false;1520578
2483614427;2208748;2016-07-05;1;881;2;false;2643401
2483491952;2208748;2016-07-05;1;733;2;false;2643401
2485457702;2208748;2016-07-06;1;663;2;false;4
2485542006;2208748;2016-07-06;1;745;4;false;4
2663104277;3213075;2016-09-23;1;657;2;false;2414475
2663007619;3213075;2016-09-23;1;1036;2;false;2414475
2665764359;3213075;2016-09-24;1;910;2;false;726228
2665864727;3213075;2016-09-24;1;586;2;false;726228
2672326891;3213075;2016-09-27;1;1021;2;false;2208748
2672417229;3213075;2016-09-27;1;914;2;false;2208748
2674606122;3213075;2016-09-28;1;1663;2;false;2626685
2674754751;3213075;2016-09-28;1;1044;2;false;2626685
2680694877;3213075;2016-10-01;1;1824;4;true;2811728
2680595658;3213075;2016-10-01;1;1481;2;true;2811728
2680906391;3213075;2016-10-01;1;1353;2;false;2822317
2681454480;3213075;2016-10-01;1;1344;2;true;2551098
2681364632;3213075;2016-10-01;1;1102;2;true;2551098
2681010742;3213075;2016-10-01;1;1328;2;false;2822317
2685003511;3213075;2016-10-03;1;1870;2;true;2233998
2684951260;3213075;2016-10-03;1;869;2;false;2233998
2685075999;3213075;2016-10-03;1;1238;1;false;2233998
2767941943;3213075;2016-11-10;2;1131;null;false;3322396
2768021181;3213075;2016-11-10;2;1222;null;false;3322396
2769934150;3213075;2016-11-11;2;686;Core;false;350190
2769999991;3213075;2016-11-11;2;789;null;false;350190
