2405265680;1927365;2016-06-01;3;873;3;true;2108395
2440480895;1927365;2016-06-16;3;715;3;false;2789395
2440366527;1927365;2016-06-16;3;750;4;false;2789395
2442602627;1927365;2016-06-17;3;1139;3;true;2878192
2442477978;1927365;2016-06-17;3;1344;2;true;2878192
2449667402;1927365;2016-06-20;3;858;4;false;2767921
2476689910;1927365;2016-07-02;3;919;3;false;2687313
2476868587;1927365;2016-07-02;3;741;4;false;2687313
2512317248;1927365;2016-07-18;3;1250;4;true;2789395
2512582303;1927365;2016-07-18;3;1469;4;true;2659468
2512453983;1927365;2016-07-18;3;987;4;false;2659468
2512126172;1927365;2016-07-18;3;1168;4;true;2789395
2514575187;1927365;2016-07-19;3;1016;4;true;24
2514394571;1927365;2016-07-19;3;799;4;false;2738555
2514259442;1927365;2016-07-19;3;886;4;false;2738555
2514756265;1927365;2016-07-19;3;912;4;false;24
2529567442;1927365;2016-07-26;3;1104;4;true;543897
2529706756;1927365;2016-07-26;3;1189;2;false;543897
2529840818;1927365;2016-07-26;3;908;2;false;543897
2531263117;1927365;2016-07-27;3;1178;4;true;2789395
2532053655;1927365;2016-07-27;3;774;4;false;543897
2531915495;1927365;2016-07-27;3;722;4;false;543897
2531367770;1927365;2016-07-27;3;992;4;true;2789395
2544223156;1927365;2016-08-02;3;1030;4;false;98301
2544686268;1927365;2016-08-02;3;1044;4;true;2738555
2544547342;1927365;2016-08-02;3;958;4;true;2738555
2544315274;1927365;2016-08-02;3;1207;4;false;98301
2568531686;1927365;2016-08-13;3;897;2;false;2748441
2568407869;1927365;2016-08-13;3;1491;1;true;2748441
2575620376;1927365;2016-08-16;3;849;4;false;24
2575276783;1927365;2016-08-16;3;902;4;false;24
2575418706;1927365;2016-08-16;3;920;4;true;24
2597824460;1927365;2016-08-25;3;594;2;false;2687313
2597987111;1927365;2016-08-25;3;905;4;true;2687313
2655367015;3322300;2016-09-19;3;1089;4;true;2108395
2655509487;3322300;2016-09-19;3;966;4;false;2108395
2659261501;3322300;2016-09-21;3;1025;4;true;3327985
2659437101;3322300;2016-09-21;3;1158;4;false;3327985
2660739466;3322300;2016-09-22;3;980;2;false;2659468
2660834477;3322300;2016-09-22;3;581;4;false;2659468
2662571515;3322300;2016-09-23;3;1183;4;true;1105664
2662666835;3322300;2016-09-23;3;1228;4;true;1105664
2670179489;3322300;2016-09-26;3;1150;2;false;3327985
2670278649;3322300;2016-09-26;3;1023;4;false;3327985
2674504498;3322300;2016-09-28;3;944;4;false;98301
2674686471;3322300;2016-09-28;3;1086;4;false;98301
2704981789;3322300;2016-10-12;3;1095;4;false;3326875
2705090150;3322300;2016-10-12;3;848;4;true;3326875
2707455434;3322300;2016-10-13;3;1021;4;true;24
2707294087;3322300;2016-10-13;3;1020;4;true;24
2722070534;3322300;2016-10-20;3;803;4;false;98301
2722156522;3322300;2016-10-20;3;1328;4;false;98301
2724334649;3322300;2016-10-21;3;902;4;false;1105664
2724252211;3322300;2016-10-21;3;1067;4;false;1105664
2724141763;3322300;2016-10-21;3;1082;4;true;1105664
2731523133;3322300;2016-10-24;3;807;4;false;1276785
2731416502;3322300;2016-10-24;3;1149;4;true;1276785
