2497352898;2413318;2016-07-11;3;1252;2;false;2578382
2597982489;2413318;2016-08-25;3;1110;1;false;2552670
2603387578;2413318;2016-08-27;3;1175;1;true;2699723
2610697408;2413318;2016-08-30;3;777;2;false;2537636
2668721584;3326875;2016-09-25;2;1079;2;false;543897
2700957746;3326875;2016-10-10;1;774;2;true;2581813
2704981789;3326875;2016-10-12;3;1268;2;true;3322300
2705090150;3326875;2016-10-12;3;1174;2;false;3322300
2706788034;3326875;2016-10-13;1;1195;2;true;350190
2706886080;3326875;2016-10-13;1;975;2;true;350190
2708960090;3326875;2016-10-14;3;1607;2;true;2659468
2708862807;3326875;2016-10-14;3;1523;2;true;2659468
2711523914;3326875;2016-10-15;1;1409;2;true;98301
2711290321;3326875;2016-10-15;1;1361;2;true;98301
2711425953;3326875;2016-10-15;1;573;2;false;98301
2714546861;3326875;2016-10-16;1;1520;2;true;98301
2714235087;3326875;2016-10-16;1;1197;2;true;98301
2714379865;3326875;2016-10-16;1;750;4;false;98301
2714694526;3326875;2016-10-16;1;1250;2;true;98301
2716807205;3326875;2016-10-17;3;1765;2;true;98301
2716673369;3326875;2016-10-17;3;922;2;true;98301
2720305840;3326875;2016-10-19;3;1064;2;true;24
2720381672;3326875;2016-10-19;3;1045;2;true;24
2724579408;3326875;2016-10-21;3;1334;2;true;3322396
2724485432;3326875;2016-10-21;3;1231;2;true;3322396
2737492619;3326875;2016-10-27;1;928;2;true;1105664
2737217746;3326875;2016-10-27;1;1539;2;true;1276785
2737001961;3326875;2016-10-27;1;1077;2;true;2108395
2736921333;3326875;2016-10-27;1;1279;2;true;2659468
2737401801;3326875;2016-10-27;1;1034;2;true;24
2739155707;3326875;2016-10-28;1;1244;2;true;350190
2739471868;3326875;2016-10-28;1;1462;4;true;543897
2738932967;3326875;2016-10-28;1;962;2;true;2880140
2741219726;3326875;2016-10-29;1;984;2;true;2659468
2741298287;3326875;2016-10-29;1;1317;4;true;2659468
2744028658;3326875;2016-10-30;1;1473;2;true;543897
2743840559;3326875;2016-10-30;1;1055;2;true;543897
2753325122;3326875;2016-11-03;3;1483;0;true;3327985
2753440667;3326875;2016-11-03;3;1621;0;true;3327985
2754866329;3326875;2016-11-04;3;853;0;false;1105664
2755088742;3326875;2016-11-04;1;974;0;false;543897
2754949105;3326875;2016-11-04;3;1379;0;true;1105664
2754792589;3326875;2016-11-04;3;1030;0;true;1105664
2755318201;3326875;2016-11-04;1;1230;0;true;543897
2755201565;3326875;2016-11-04;1;1341;0;true;543897
2758067850;3326875;2016-11-05;1;1648;0;true;1148284
2758278693;3326875;2016-11-05;1;1556;0;true;1148284
2760745071;3326875;2016-11-06;1;1234;0;true;1148284
2761034944;3326875;2016-11-06;1;1193;0;false;1148284
2760899434;3326875;2016-11-06;1;1368;0;true;1148284
2761162080;3326875;2016-11-06;1;1308;0;true;1148284
2764369946;3326875;2016-11-08;3;1346;null;true;1105664
2764312877;3326875;2016-11-08;3;1055;null;true;1105664
2785280169;3326875;2016-11-17;1;921;Core;true;39
2785210504;3326875;2016-11-17;1;1183;null;false;39
2785327828;3326875;2016-11-17;1;1135;Core;false;39
