2431735619;2537636;2016-06-12;3;1048;1;false;2788336
2431404200;2537636;2016-06-12;3;1073;1;false;2788336
2431572778;2537636;2016-06-12;3;1295;1;true;2788336
2438649653;2537636;2016-06-15;3;1727;1;true;2552670
2442683776;2537636;2016-06-17;3;1943;1;false;2790766
2458949931;2537636;2016-06-24;1;994;1;false;2621843
2484001524;2537636;2016-07-05;3;915;1;false;2842794
2483879748;2537636;2016-07-05;3;896;1;false;2842794
2488568108;2537636;2016-07-07;3;1638;1;true;2827285
2495868794;2537636;2016-07-10;3;1349;1;true;2842794
2510524532;2537636;2016-07-17;3;1219;1;true;2788336
2512651257;2537636;2016-07-18;3;1039;1;true;2901438
2516767488;2537636;2016-07-20;3;1249;1;true;2759317
2516898736;2537636;2016-07-20;3;1348;1;true;2759317
2517347414;2537636;2016-07-20;3;946;1;true;1964407
2517241649;2537636;2016-07-20;3;945;1;true;1964407
2517145787;2537636;2016-07-20;3;1332;1;false;1964407
2521452337;2537636;2016-07-22;3;1216;1;false;2552670
2521556894;2537636;2016-07-22;3;875;1;false;2552670
2521342948;2537636;2016-07-22;3;1302;1;true;2552670
2578149383;2537636;2016-08-17;3;1000;1;false;59
2578320449;2537636;2016-08-17;3;1353;1;false;59
2583360422;2537636;2016-08-19;3;898;1;false;2916788
2583535779;2537636;2016-08-19;3;1624;1;true;2916788
2583447169;2537636;2016-08-19;3;1277;1;true;2916788
2585693150;2537636;2016-08-20;3;1445;1;true;2413318
2585308495;2537636;2016-08-20;3;630;1;false;2552670
2585518430;2537636;2016-08-20;3;1101;1;true;2413318
2588679291;2537636;2016-08-21;3;561;2;false;2850016
2593125830;2537636;2016-08-23;3;1111;1;true;2413318
2593351350;2537636;2016-08-23;3;985;1;true;2413318
2595834652;2537636;2016-08-24;3;773;1;false;2552670
2692236327;3334489;2016-10-06;1;1262;1;true;3330347
2691969159;3334489;2016-10-06;1;1212;1;true;1964407
2693724172;3334489;2016-10-07;1;1334;1;true;1869482
2693617352;3334489;2016-10-07;1;1730;1;true;691927
2696245381;3334489;2016-10-08;1;675;1;false;2533075
2696357059;3334489;2016-10-08;1;1285;1;true;2533075
2696464492;3334489;2016-10-08;1;977;1;false;2533075
2749478833;1964407;2016-11-01;3;1092;0;true;3316078
2752002289;1964407;2016-11-02;3;955;0;true;3411871
2751851114;1964407;2016-11-02;3;1075;0;true;3411871
2763252119;1964407;2016-11-07;2;1224;Core;true;2538753
2765435619;1964407;2016-11-08;3;940;Core;false;2850016
2765336601;1964407;2016-11-08;3;789;Core;false;2850016
2767341017;1964407;2016-11-09;2;934;Core;false;2533075
2767559201;1964407;2016-11-09;3;1292;Core;true;2134429
2767232874;1964407;2016-11-09;2;1297;null;false;2533075
2767601400;1964407;2016-11-09;3;1862;null;true;2134429
2778847406;1964407;2016-11-14;3;869;Core;false;46
2778923896;1964407;2016-11-14;3;706;Core;false;46
