2444766467;2634810;2016-06-18;1;1695;2;true;2414095
2444930374;2634810;2016-06-18;1;898;2;true;2414095
2446649001;2634810;2016-06-19;1;540;4;false;5
2446552186;2634810;2016-06-19;1;648;2;false;5
2447473235;2634810;2016-06-19;1;831;2;true;2552118
2447364116;2634810;2016-06-19;1;1365;2;false;2552118
2447577312;2634810;2016-06-19;1;1078;2;true;2552118
2453783289;2634810;2016-06-22;1;793;1;false;2635099
2453646413;2634810;2016-06-22;1;973;4;false;20
2472067691;2634810;2016-06-30;1;796;3;false;4
2482968657;2634810;2016-07-05;1;1086;4;false;2552118
2483069969;2634810;2016-07-05;1;960;3;false;2552118
2483595682;2634810;2016-07-05;1;1136;3;false;1520578
2483481263;2634810;2016-07-05;1;1216;3;true;1520578
2487684778;2634810;2016-07-07;1;1054;3;false;4
2487598793;2634810;2016-07-07;1;535;3;false;4
2487301698;2634810;2016-07-07;1;629;3;false;2414475
2489644925;2634810;2016-07-08;1;969;3;false;2626685
2489540603;2634810;2016-07-08;1;964;1;false;2626685
2502804453;2634810;2016-07-14;1;1035;3;false;2643401
2502714148;2634810;2016-07-14;1;814;4;false;2643401
2520445492;2634810;2016-07-22;2;728;3;false;2552118
2522499676;2634810;2016-07-23;2;1118;3;false;2789129
2522810774;2634810;2016-07-23;2;1137;3;false;726228
2523017540;2634810;2016-07-23;2;1396;2;false;1951061
2522665718;2634810;2016-07-23;2;1075;3;false;2414475
2654854045;2634810;2016-09-19;1;722;3;false;2626685
2654929584;2634810;2016-09-19;1;1330;3;true;2626685
2656925945;2634810;2016-09-20;1;1279;3;false;2640025
2656839144;2634810;2016-09-20;1;912;3;false;2640025
2658846855;2634810;2016-09-21;1;1580;4;false;2414095
2658764620;2634810;2016-09-21;1;1120;3;true;2414095
2660925933;2634810;2016-09-22;1;679;3;false;726228
2665017560;2634810;2016-09-24;1;875;3;false;3331948
2665144721;2634810;2016-09-24;1;1066;3;false;3331948
2670834129;2634810;2016-09-26;1;1061;3;true;2626685
2670963806;2634810;2016-09-26;1;1308;3;true;2860081
2670208637;2634810;2016-09-26;1;1079;3;true;3326126
2670530361;2634810;2016-09-26;1;1671;4;true;2860081
2670311866;2634810;2016-09-26;1;822;3;true;3326126
2670421547;2634810;2016-09-26;1;690;3;false;2626685
2672504386;2634810;2016-09-27;1;1403;3;true;15
2672067137;2634810;2016-09-27;1;1280;3;true;2208748
2672244389;2634810;2016-09-27;1;1073;3;false;1520578
2676722486;2634810;2016-09-29;1;1096;3;false;4
2676447420;2634810;2016-09-29;1;867;3;false;4
2676574577;2634810;2016-09-29;1;1703;3;true;4
2701010907;2634810;2016-10-10;1;1010;3;false;2208748
2700916444;2634810;2016-10-10;1;1107;3;false;2208748
2703019676;2634810;2016-10-11;1;1533;4;true;2414475
2702926612;2634810;2016-10-11;1;1211;4;true;2414475
2704594062;2634810;2016-10-12;1;1009;3;true;1951061
2704661192;2634810;2016-10-12;1;862;4;true;1951061
2715997946;2634810;2016-10-17;1;1021;3;false;1983234
2716078420;2634810;2016-10-17;1;1420;4;true;1983234
2718467209;2634810;2016-10-18;1;1060;3;true;3326126
2718337560;2634810;2016-10-18;1;1138;3;false;3326126
2716860875;2634810;2016-10-17;2;1028;3;false;3336725
2724160249;2634810;2016-10-21;2;1013;3;false;3331948
2724254108;2634810;2016-10-21;2;969;3;false;3331948
2746350720;3476337;2016-10-31;1;1503;0;false;2860081
2746249130;3476337;2016-10-31;1;998;0;false;2860081
2748723197;2634810;2016-11-01;1;1093;0;true;20
2748653651;2634810;2016-11-01;1;1487;0;true;20
2751192318;2634810;2016-11-02;2;1021;0;false;5
2751350523;2634810;2016-11-02;2;1396;0;false;5
2750797088;2634810;2016-11-02;2;973;0;false;2640025
2752765729;2634810;2016-11-03;2;1490;0;true;2776208
2752873895;2634810;2016-11-03;2;1229;0;false;2776208
2757163100;2634810;2016-11-05;2;1525;0;false;726228
2757288592;2634810;2016-11-05;2;381;0;false;726228
2757907171;2634810;2016-11-05;2;932;0;false;4
2758004354;2634810;2016-11-05;2;1388;0;true;4
2760051712;2634810;2016-11-06;2;615;0;false;1951061
2759916743;2634810;2016-11-06;2;1201;0;false;3258149
2759817095;2634810;2016-11-06;2;1068;0;false;3258149
2760150389;2634810;2016-11-06;2;931;0;false;1951061
2762301482;2634810;2016-11-07;1;963;Core;false;1983234
2762372676;2634810;2016-11-07;1;704;Support;false;1983234
2764647204;2634810;2016-11-08;1;943;Support;false;3326126
2764544846;2634810;2016-11-08;1;1246;Core;false;3326126
