2405240400;2780729;2016-06-01;3;1249;3;true;2581752
2405379940;2780729;2016-06-01;3;1272;3;true;2581752
2409375204;2780729;2016-06-03;3;858;3;true;2746885
2409573630;2780729;2016-06-03;3;893;3;true;2746885
2419158690;2780729;2016-06-07;3;1258;3;true;2789230
2419080892;2780729;2016-06-07;3;1417;3;true;2789230
2421632962;2780729;2016-06-08;3;1300;3;true;2828740
2421744792;2780729;2016-06-08;3;1030;3;true;2828740
2433092992;2780729;2016-06-13;2;1229;3;true;2746885
2433200897;2780729;2016-06-13;2;1249;3;true;2746885
2435307874;2780729;2016-06-14;2;945;3;true;1272244
2435821908;2780729;2016-06-14;3;1327;3;true;2822317
2435420669;2780729;2016-06-14;2;1016;3;true;1272244
2437565390;2780729;2016-06-15;2;1044;3;true;2789129
2437682290;2780729;2016-06-15;2;756;3;true;2789129
2440500452;2780729;2016-06-16;2;899;3;true;1272244
2440340319;2780729;2016-06-16;2;1052;3;false;1272244
2440634149;2780729;2016-06-16;2;1135;3;true;1272244
2442777662;2780729;2016-06-17;3;1452;3;true;1421914
2457675135;2780729;2016-06-24;1;640;3;false;1951061
2457849379;2780729;2016-06-24;1;874;3;false;1951061
2457754850;2780729;2016-06-24;1;1276;3;true;1951061
2457555774;2780729;2016-06-24;1;850;3;true;2785646
2494697067;2780729;2016-07-10;3;1009;3;true;2746885
2716173396;2414095;2016-10-17;1;868;3;false;3326126
2716254823;2414095;2016-10-17;1;571;3;false;3326126
2714140348;2414095;2016-10-16;2;1184;3;true;2860081
2713999086;2414095;2016-10-16;2;630;4;false;2860081
2718210341;2414095;2016-10-18;2;1080;3;false;1836806
2718126036;2414095;2016-10-18;2;1276;3;false;1836806
2722276413;2414095;2016-10-20;2;409;3;false;15
2722368057;2414095;2016-10-20;2;1125;3;false;15
2724423636;2414095;2016-10-21;2;671;3;false;3349045
2724321799;2414095;2016-10-21;2;765;3;false;3349045
2746924591;2414095;2016-10-31;2;1077;0;true;2854942
2747152098;2414095;2016-10-31;2;1198;0;true;2854942
2748583681;2414095;2016-11-01;2;1547;0;true;3326126
2748684665;2414095;2016-11-01;2;826;0;false;3326126
2752764055;2414095;2016-11-03;2;780;0;false;20
2752854184;2414095;2016-11-03;2;1084;0;false;20
2757464552;2414095;2016-11-05;2;589;0;false;1375614
2757356922;2414095;2016-11-05;2;858;0;false;1375614
2760539835;2414095;2016-11-06;2;1058;0;false;2208748
2760648250;2414095;2016-11-06;2;514;0;false;2208748
2770318252;2414095;2016-11-11;2;1008;Support;false;2626685
2770722314;2414095;2016-11-11;2;781;Support;false;2833354
2770427334;2414095;2016-11-11;2;1075;null;false;2626685
2770871423;2414095;2016-11-11;2;1254;Support;false;2833354
2772935614;2414095;2016-11-12;2;796;null;false;1520578
2772807899;2414095;2016-11-12;2;963;Support;false;1520578
