2410986712;2163;2016-06-04;1;1241;3;false;111474
2411196189;2163;2016-06-04;1;1110;3;true;350190
2411460113;2163;2016-06-04;1;1039;3;true;350190
2410892086;2163;2016-06-04;1;895;3;true;111474
2411342644;2163;2016-06-04;1;937;3;false;350190
2411081738;2163;2016-06-04;1;898;3;true;111474
2418319460;2163;2016-06-07;1;929;3;false;1148284
2418415538;2163;2016-06-07;1;808;5;false;1148284
2421317079;2163;2016-06-08;1;1002;3;true;3
2421177492;2163;2016-06-08;1;1127;3;true;3
2425267177;2163;2016-06-10;1;1119;4;true;36
2425188750;2163;2016-06-10;1;1268;3;true;36
2425850818;2163;2016-06-10;1;1028;3;true;350190
2426001580;2163;2016-06-10;1;1278;3;true;350190
2428563481;2163;2016-06-11;1;1531;3;true;15
2428372192;2163;2016-06-11;1;1126;3;true;15
2430618706;2163;2016-06-12;1;999;4;true;2586976
2430271395;2163;2016-06-12;1;1286;3;true;1375614
2430120102;2163;2016-06-12;1;940;3;false;1375614
2430738353;2163;2016-06-12;1;694;3;false;2586976
2430984806;2163;2016-06-12;1;684;3;false;2586976
2430186583;2163;2016-06-12;1;987;3;true;1375614
2430853227;2163;2016-06-12;1;794;3;false;2586976
2442244100;2163;2016-06-17;1;808;3;false;2006913
2444663195;2163;2016-06-18;1;1160;3;true;350190
2444509429;2163;2016-06-18;1;1106;3;true;350190
2445483404;2163;2016-06-18;1;1101;4;true;111474
2445668674;2163;2016-06-18;1;1031;5;true;111474
2447074169;2163;2016-06-19;1;1609;3;true;2586976
2442113000;2163;2016-06-17;1;1116;3;true;2006913
2442004818;2163;2016-06-17;1;802;3;false;2006913
2447365661;2163;2016-06-19;1;762;3;false;2586976
2447190474;2163;2016-06-19;1;1084;3;false;2586976
2479959008;2163;2016-07-03;2;1101;3;true;55
2480045573;2163;2016-07-03;2;1086;3;true;55
2479865783;2163;2016-07-03;2;746;3;false;55
2504180385;2163;2016-07-14;1;1665;3;true;2642171
2504081168;2163;2016-07-14;1;795;4;false;2642171
2504247299;2163;2016-07-14;1;945;3;true;2642171
2504584763;2163;2016-07-15;1;1241;3;true;1836806
2504645577;2163;2016-07-15;1;1128;3;false;1836806
2504746331;2163;2016-07-15;1;807;3;false;1836806
2508984462;2163;2016-07-16;1;1549;3;true;36
2508641831;2163;2016-07-16;1;1140;3;true;2512249
2508519627;2163;2016-07-16;1;1074;3;true;2512249
2509022908;2163;2016-07-17;1;1802;3;true;36
2510756612;2163;2016-07-17;1;1577;3;false;2586976
2510831821;2163;2016-07-17;1;1170;3;true;2586976
2510927175;2163;2016-07-17;1;1034;3;false;2586976
2547411769;2163;2016-08-04;1;1313;3;true;1375614
2547459841;2163;2016-08-04;1;607;3;false;1375614
2547593329;2163;2016-08-04;1;684;3;false;4
2547524050;2163;2016-08-04;1;1342;3;true;4
2549289998;2163;2016-08-04;1;1128;3;true;1148284
2549342148;2163;2016-08-04;1;821;3;false;1148284
2549644214;2163;2016-08-05;1;917;3;true;350190
2549469759;2163;2016-08-05;1;956;3;false;2777247
2549410407;2163;2016-08-05;1;973;3;false;2777247
2549584654;2163;2016-08-05;1;1548;4;true;350190
2551398734;2163;2016-08-05;1;813;3;false;2512249
2551542809;2163;2016-08-06;1;737;3;false;1838315
2551633824;2163;2016-08-06;1;676;3;false;1838315
2551474091;2163;2016-08-06;1;673;4;false;2512249
2558534849;2163;2016-08-09;1;1187;3;true;36
2562303634;2163;2016-08-10;1;717;3;false;1375614
2562388622;2163;2016-08-10;1;1129;3;true;1375614
2562425844;2163;2016-08-10;1;1068;3;true;1375614
2564485350;2163;2016-08-11;1;679;3;false;350190
2564547149;2163;2016-08-11;1;1335;3;false;350190
2674644594;2586976;2016-09-28;1;924;3;false;39
2674540208;2586976;2016-09-28;1;817;3;false;39
2673934091;2586976;2016-09-28;1;1367;3;true;2640025
2674016347;2586976;2016-09-28;1;915;3;true;2640025
2674424505;2586976;2016-09-28;1;1281;3;true;39
2676379849;2586976;2016-09-29;1;1111;3;true;2640025
2676457888;2586976;2016-09-29;1;1137;4;true;2640025
2677941169;2586976;2016-09-30;1;939;3;false;1375614
2677795728;2586976;2016-09-30;1;1156;3;true;1375614
2677868731;2586976;2016-09-30;1;868;3;false;1375614
2680048021;2586976;2016-10-01;1;750;3;true;726228
2680843902;2586976;2016-10-01;1;1084;3;true;1838315
2680978460;2586976;2016-10-01;1;968;3;true;1838315
2682879623;2586976;2016-10-02;1;1287;3;true;39
2682989099;2586976;2016-10-02;1;1156;3;false;39
2682745535;2586976;2016-10-02;1;846;3;false;39
2752216007;2586976;2016-11-02;3;1177;0;false;2783913
2752105396;2586976;2016-11-02;3;1468;0;true;2783913
2752301881;2586976;2016-11-02;3;1276;0;true;2783913
2754001919;2586976;2016-11-03;1;1571;0;true;2552670
2756460688;2586976;2016-11-04;3;1171;0;true;59
2756521987;2586976;2016-11-04;3;1550;0;true;59
2758509542;2586976;2016-11-05;1;1411;0;true;2538753
2758662234;2586976;2016-11-05;1;1536;0;true;2538753
2761136622;2586976;2016-11-06;1;1331;0;false;1883502
2761329697;2586976;2016-11-06;1;1099;null;true;1883502
2761247345;2586976;2016-11-06;1;832;Support;false;1883502
2761620508;2586976;2016-11-06;3;1041;Core;false;39
2761419323;2586976;2016-11-06;1;1179;null;true;1883502
2761684165;2586976;2016-11-06;3;615;null;false;39
2761501729;2586976;2016-11-06;1;698;null;false;1883502
2785114392;2586976;2016-11-17;1;1262;null;true;2512249
2784988882;2586976;2016-11-17;1;1108;null;true;2512249
2785402676;2586976;2016-11-18;1;1092;null;true;39
2785448115;2586976;2016-11-18;1;1087;Support;true;39
