2418090938;2447557;2016-06-06;3;1443;4;true;2622695
2418024487;2447557;2016-06-06;3;994;3;true;2622695
2441269873;2447557;2016-06-16;3;876;2;false;2764871
2441205636;2447557;2016-06-16;3;1356;4;true;2764871
2441311652;2447557;2016-06-16;3;1302;2;true;2764871
2459666907;2447557;2016-06-24;1;1314;4;true;2438049
2475269496;2447557;2016-07-01;3;1023;1;true;2622695
2477612698;2447557;2016-07-02;3;918;1;false;2672298
2477713010;2447557;2016-07-02;3;1027;1;false;2672298
2475387867;2447557;2016-07-02;3;961;1;true;2622695
2484712420;2447557;2016-07-05;3;605;1;false;1884355
2658392151;3333433;2016-09-21;2;897;4;false;3334608
2658259556;3333433;2016-09-21;2;894;4;false;3214108
2660336918;3333433;2016-09-22;2;1005;4;false;3333361
2660283010;3333433;2016-09-22;2;896;4;false;3333361
2664461721;3333433;2016-09-23;2;1263;2;true;2610270
2675691627;3333433;2016-09-29;2;1304;4;false;2677025
2675845030;3333433;2016-09-29;2;975;4;false;2677025
2675768938;3333433;2016-09-29;2;978;3;true;2677025
2708296618;3333433;2016-10-14;1;888;4;false;2677025
2710465212;3333433;2016-10-14;1;919;4;false;3
2730775296;3333433;2016-10-23;1;1203;4;true;2308619
2730849692;3333433;2016-10-24;1;1023;4;true;2767412
2734814205;3333433;2016-10-26;1;929;4;true;2578382
2736741164;3333433;2016-10-26;1;790;4;false;2762745
2736681324;3333433;2016-10-26;1;857;4;true;3415078
2767754717;3333433;2016-11-09;3;1259;Core;true;3321220
2767784570;3333433;2016-11-10;3;1302;null;true;3321220
2769956534;3333433;2016-11-11;3;910;Core;true;3477208
2769878710;3333433;2016-11-11;3;1652;null;true;3477208
2779257514;3333433;2016-11-15;3;670;null;false;3334608
2779205017;3333433;2016-11-15;3;1570;null;true;3334608
2781396214;3333433;2016-11-16;3;1437;null;true;2677025
2781350292;3333433;2016-11-16;3;1679;null;true;2677025
