2692615185;3325406;2016-10-06;3;1042;2;true;3316078
2695010359;3325406;2016-10-07;5;1245;2;true;3326679
2694765725;3325406;2016-10-07;5;1193;4;true;2831883
2694900569;3325406;2016-10-07;5;1089;2;false;3334209
2697030191;3325406;2016-10-08;3;993;4;true;3351387
2697223192;3325406;2016-10-08;2;878;2;false;3326680
2697491527;3325406;2016-10-08;2;1321;2;false;3326680
2696704860;3325406;2016-10-08;3;1213;4;false;3351387
2696902418;3325406;2016-10-08;3;1022;4;true;3351387
2697379124;3325406;2016-10-08;2;1058;4;true;3326680
2734747416;3326728;2016-10-25;5;1391;4;true;3437005
2765220175;3508243;2016-11-08;2;1289;Support;true;3332295
