2405046808;2581813;2016-06-01;3;994;4;true;2748441
2416740962;2581813;2016-06-06;3;1248;2;true;2108395
2439838859;2581813;2016-06-16;1;854;4;true;1148284
2439730874;2581813;2016-06-16;1;1550;4;true;1148284
2442262919;2581813;2016-06-17;1;701;2;false;2659468
2442165601;2581813;2016-06-17;1;1009;2;false;2659468
2442050367;2581813;2016-06-17;1;917;2;false;2659468
2453856100;2581813;2016-06-22;3;606;4;false;2659468
2460572757;2581813;2016-06-25;1;1021;4;true;350190
2459939274;2581813;2016-06-25;1;570;4;false;2659468
2460049490;2581813;2016-06-25;1;994;4;true;543897
2460428144;2581813;2016-06-25;1;1320;4;true;1276785
2462917508;2581813;2016-06-26;1;929;4;true;2776208
2462540843;2581813;2016-06-26;1;855;4;true;2767921
2463161660;2581813;2016-06-26;1;723;4;false;350190
2462617735;2581813;2016-06-26;1;777;4;true;2789395
2463492421;2581813;2016-06-26;1;906;4;false;2108395
2462247848;2581813;2016-06-26;1;1088;4;true;24
2464767697;2581813;2016-06-27;1;787;4;false;2659468
2464848079;2581813;2016-06-27;1;944;4;true;2776208
2464677668;2581813;2016-06-27;1;954;4;false;2659468
2464971377;2581813;2016-06-27;1;707;4;true;2776208
2467478609;2581813;2016-06-28;1;558;4;false;350190
2467731883;2581813;2016-06-28;1;708;3;false;350190
2467593841;2581813;2016-06-28;1;865;4;true;350190
2467241036;2581813;2016-06-28;1;880;4;true;2659468
2467373931;2581813;2016-06-28;1;610;4;false;350190
2467119481;2581813;2016-06-28;1;932;4;false;2659468
2467020229;2581813;2016-06-28;1;1169;4;true;2659468
2491965478;2581813;2016-07-09;3;950;4;false;543897
2497528742;2581813;2016-07-11;3;1080;3;true;543897
2497358993;2581813;2016-07-11;3;901;4;true;543897
2501342105;2581813;2016-07-13;3;1656;4;true;2767921
2501259591;2581813;2016-07-13;3;759;4;true;2767921
2503626896;2581813;2016-07-14;3;647;3;false;1276785
2503821179;2581813;2016-07-14;3;1344;4;true;1276785
2505613611;2581813;2016-07-15;3;1979;4;true;98301
2505484651;2581813;2016-07-15;3;715;4;true;98301
2520617412;2581813;2016-07-22;3;1274;4;true;2789395
2520486522;2581813;2016-07-22;3;1311;4;true;2789395
2531621610;2581813;2016-07-27;3;1301;3;true;543897
2531760761;2581813;2016-07-27;3;848;4;true;543897
2533570928;2581813;2016-07-28;3;525;4;false;24
2533712629;2581813;2016-07-28;3;729;4;false;24
2533661491;2581813;2016-07-28;3;760;4;true;24
2535552089;2581813;2016-07-29;3;1042;4;false;543897
2535674255;2581813;2016-07-29;3;789;4;false;543897
2545299883;2581813;2016-08-02;1;1104;4;true;3
2545034458;2581813;2016-08-02;1;718;4;false;4
2545114502;2581813;2016-08-02;1;566;4;false;4
2545251072;2581813;2016-08-02;1;1454;4;true;3
2544942608;2581813;2016-08-02;1;839;3;true;4
2545393745;2581813;2016-08-03;1;485;3;false;2783913
2631522412;543897;2016-09-09;3;917;4;true;3323378
2631762404;543897;2016-09-09;3;894;4;true;2659468
2633944516;543897;2016-09-10;3;853;4;false;1148284
2634046939;543897;2016-09-10;3;1314;4;true;1148284
2634166828;543897;2016-09-10;3;1183;3;true;1148284
2636317210;543897;2016-09-11;3;657;4;false;2581813
2636096325;543897;2016-09-11;3;1140;3;false;2581813
2636220638;543897;2016-09-11;3;931;4;true;2581813
2637143242;543897;2016-09-11;3;710;4;false;1148284
2637031654;543897;2016-09-11;3;1267;4;true;1148284
2636839455;543897;2016-09-11;3;784;4;false;1148284
2668552251;543897;2016-09-25;2;826;3;true;254140
2668721584;543897;2016-09-25;2;1106;4;true;3326875
2668905365;543897;2016-09-25;2;1056;4;true;1105664
2703116247;543897;2016-10-11;1;1154;4;true;2659468
2703000569;543897;2016-10-11;1;847;3;true;2659468
2707056835;543897;2016-10-13;1;889;4;true;98301
2707173188;543897;2016-10-13;1;864;4;false;98301
2708845194;543897;2016-10-14;1;784;4;false;2581813
2709050623;543897;2016-10-14;1;780;4;false;2581813
2708942061;543897;2016-10-14;1;1254;4;true;2581813
2737407729;543897;2016-10-27;1;1576;4;true;1276785
2737218263;543897;2016-10-27;1;1116;4;true;2108395
2737565757;543897;2016-10-27;1;1075;3;true;24
2739236684;543897;2016-10-28;1;1262;4;true;350190
2739662793;543897;2016-10-28;1;1832;2;true;1105664
2738927030;543897;2016-10-28;1;1337;4;true;2659468
2739471868;543897;2016-10-28;1;838;3;false;3326875
2739147075;543897;2016-10-28;1;1223;3;true;2880140
2741585092;543897;2016-10-29;1;1221;4;true;350190
2741389688;543897;2016-10-29;1;1102;3;true;350190
2744028658;543897;2016-10-30;1;901;3;false;3326875
2744259144;543897;2016-10-30;1;675;4;false;2659468
2743840559;543897;2016-10-30;1;592;3;false;3326875
2744362131;543897;2016-10-30;1;937;0;false;2659468
2755088742;543897;2016-11-04;1;1254;0;true;3326875
2755318201;543897;2016-11-04;1;1115;0;false;3326875
2755201565;543897;2016-11-04;1;897;0;false;3326875
2757338906;543897;2016-11-05;3;1131;0;false;3325891
2757679066;543897;2016-11-05;1;1459;0;true;2581813
2757476558;543897;2016-11-05;3;1158;0;false;3325891
2757828149;543897;2016-11-05;1;980;0;true;2581813
2757243157;543897;2016-11-05;3;1070;0;true;3325891
2760293554;543897;2016-11-06;1;1245;0;false;1148284
2760531171;543897;2016-11-06;1;923;0;false;1148284
2760419111;543897;2016-11-06;1;1503;0;true;1148284
2768185529;543897;2016-11-10;2;1773;null;true;2714312
2768254661;543897;2016-11-10;2;935;null;true;2714312
2770052021;543897;2016-11-11;2;1042;null;true;1272244
2770324551;543897;2016-11-11;2;1176;null;true;3259967
2769933753;543897;2016-11-11;2;845;null;false;1272244
2769992940;543897;2016-11-11;2;1625;null;true;1272244
2770225371;543897;2016-11-11;2;1331;null;true;3259967
2772990290;543897;2016-11-12;2;1002;null;true;1838315
2773321611;543897;2016-11-12;2;910;Core;false;1838315
2773141369;543897;2016-11-12;2;777;Core;false;1838315
2786467997;543897;2016-11-18;1;907;Core;true;1105664
2786328966;543897;2016-11-18;1;959;Core;true;1105664
