2515394312;2677025;2016-07-19;3;1026;3;true
2658392151;3333433;2016-09-21;2;965;3;false
2658259556;3333433;2016-09-21;2;884;3;false
2660336918;3333433;2016-09-22;2;1112;3;false
2660283010;3333433;2016-09-22;2;951;3;false
2664461721;3333433;2016-09-23;2;1176;3;true
2675691627;3333433;2016-09-29;2;1094;3;false
2675845030;3333433;2016-09-29;2;800;3;false
2675768938;3333433;2016-09-29;2;986;4;true
2710465212;3333433;2016-10-14;1;846;3;false
2730775296;3333433;2016-10-23;1;1141;3;true
2730849692;3333433;2016-10-24;1;1115;3;true
2734814205;3333433;2016-10-26;1;1113;3;true
2736741164;3333433;2016-10-26;1;983;3;false
2736681324;3333433;2016-10-26;1;1095;3;true
