2408596812;2586976;2016-06-03;1;1023;3;true;46
2409393490;2586976;2016-06-03;1;1347;2;true;46
2408737158;2586976;2016-06-03;1;662;2;false;1375614
2408658682;2586976;2016-06-03;1;1346;2;true;46
2408813096;2586976;2016-06-03;1;729;2;false;1375614
2409156577;2586976;2016-06-03;1;740;4;false;46
2409298043;2586976;2016-06-03;1;1554;2;true;46
2418580528;2586976;2016-06-07;1;825;2;true;36
2418664928;2586976;2016-06-07;1;1162;2;true;36
2423509445;2586976;2016-06-09;1;849;3;true;1148284
2423400514;2586976;2016-06-09;1;892;2;true;1148284
2428159350;2586976;2016-06-11;1;868;2;true;1375614
2427950507;2586976;2016-06-11;1;560;3;false;1375614
2428046296;2586976;2016-06-11;1;1063;2;true;1375614
2430618706;2586976;2016-06-12;1;955;2;false;2163
2430738353;2586976;2016-06-12;1;1107;3;true;2163
2430984806;2586976;2016-06-12;1;818;3;true;2163
2430853227;2586976;2016-06-12;1;946;4;true;2163
2442689934;2586976;2016-06-17;1;943;4;true;36
2443468488;2586976;2016-06-17;1;1035;2;true;3
2443378342;2586976;2016-06-17;1;1519;2;true;3
2447074169;2586976;2016-06-19;1;657;2;false;2163
2448201980;2586976;2016-06-19;1;1084;2;true;36
2448310164;2586976;2016-06-19;1;1279;2;true;36
2447365661;2586976;2016-06-19;1;907;4;true;2163
2447190474;2586976;2016-06-19;1;1082;2;true;2163
2448082522;2586976;2016-06-19;1;1090;4;true;36
2502387920;2586976;2016-07-13;1;977;4;true;350190
2502091915;2586976;2016-07-13;1;933;4;true;2677025
2501986398;2586976;2016-07-13;1;848;4;true;2677025
2502428208;2586976;2016-07-14;1;742;4;false;350190
2502478249;2586976;2016-07-14;1;1160;2;true;350190
2506690235;2586976;2016-07-15;1;1151;4;false;1836806
2506751633;2586976;2016-07-16;1;852;4;false;1836806
2510756612;2586976;2016-07-17;1;1198;2;true;2163
2511192816;2586976;2016-07-17;1;619;4;false;1836806
2510831821;2586976;2016-07-17;1;849;4;false;2163
2511147044;2586976;2016-07-17;1;687;4;false;1836806
2510927175;2586976;2016-07-17;1;1084;4;true;2163
2511239695;2586976;2016-07-18;1;720;3;false;1836806
2546940273;2586976;2016-08-03;1;926;4;false;15
2547040899;2586976;2016-08-03;1;1056;4;true;15
2547301927;2586976;2016-08-03;1;1187;4;true;39
2547208285;2586976;2016-08-03;1;1028;4;true;111474
2547154885;2586976;2016-08-03;1;1271;4;true;111474
2547354532;2586976;2016-08-03;1;1101;4;false;39
2548899546;2586976;2016-08-04;1;867;4;false;1836806
2549023865;2586976;2016-08-04;1;818;4;true;1836806
2549200733;2586976;2016-08-04;1;1005;4;true;2783913
2549139153;2586976;2016-08-04;1;964;4;true;2783913
2551241703;2586976;2016-08-05;1;1107;4;true;36
2550969678;2586976;2016-08-05;1;1076;3;true;2108395
2551170074;2586976;2016-08-05;1;1176;4;true;36
2551078113;2586976;2016-08-05;1;1155;3;true;2108395
2558033556;2586976;2016-08-08;1;1111;4;true;1148284
2557955371;2586976;2016-08-08;1;863;4;false;1148284
2558113366;2586976;2016-08-08;1;402;3;false;1148284
2560320998;2586976;2016-08-09;1;752;4;false;2108395
2560377671;2586976;2016-08-10;1;1104;4;false;2108395
2750214616;2512249;2016-11-02;3;964;0;false;3214108
2750160277;2512249;2016-11-02;3;867;0;false;3214108
2753757389;2512249;2016-11-03;3;944;0;false;3
2761698030;2512249;2016-11-06;3;1522;Core;true;59
2761639591;2512249;2016-11-06;3;990;Core;true;59
2785114392;2512249;2016-11-17;1;594;Core;false;2586976
2784988882;2512249;2016-11-17;1;1118;Core;false;2586976
