2410986712;111474;2016-06-04;1;876;3;true;2163
2411940567;111474;2016-06-04;1;901;3;false;350190
2411603661;111474;2016-06-04;1;775;3;true;2777247
2410892086;111474;2016-06-04;1;773;3;false;2163
2411780572;111474;2016-06-04;1;874;3;true;2777247
2412105328;111474;2016-06-04;1;1062;3;true;350190
2411081738;111474;2016-06-04;1;824;3;false;2163
2412232933;111474;2016-06-04;1;627;4;false;350190
2419012929;111474;2016-06-07;1;1197;3;true;543897
2421674092;111474;2016-06-08;1;852;3;false;36
2421505139;111474;2016-06-08;1;1043;3;true;36
2421874914;111474;2016-06-08;1;755;3;false;36
2442994449;111474;2016-06-17;1;1040;3;true;2006913
2443155396;111474;2016-06-17;1;948;3;false;2006913
2443279779;111474;2016-06-17;1;841;4;false;2006913
2442341011;111474;2016-06-17;1;1110;3;true;350190
2445483404;111474;2016-06-18;1;773;4;false;2163
2445668674;111474;2016-06-18;1;791;3;false;2163
2442204165;111474;2016-06-17;1;739;3;false;350190
2442011484;111474;2016-06-17;1;1079;3;true;350190
2460578558;111474;2016-06-25;1;823;3;false;1838315
2460847765;111474;2016-06-25;1;911;3;true;2783913
2461377243;111474;2016-06-25;1;1034;3;true;2790766
2460419598;111474;2016-06-25;1;849;3;false;2538753
2461203360;111474;2016-06-25;1;1231;3;true;1883502
2462821757;111474;2016-06-26;1;1103;3;true;2006913
2463214378;111474;2016-06-26;1;1135;3;false;46
2463407690;111474;2016-06-26;1;1130;3;false;2642171
2463703523;111474;2016-06-26;1;1238;3;true;55
2465270502;111474;2016-06-27;1;1019;3;true;2783913
2465024200;111474;2016-06-27;1;893;3;true;2783913
2465135350;111474;2016-06-27;1;1012;3;false;2783913
2468551031;111474;2016-06-28;1;1083;3;true;2783913
2468463759;111474;2016-06-28;1;1404;4;true;2783913
2467484798;111474;2016-06-28;1;1111;3;true;2642171
2467346817;111474;2016-06-28;1;1191;3;true;2642171
2468369993;111474;2016-06-28;1;1007;3;false;2783913
2481740292;111474;2016-07-04;2;1149;3;true;2790766
2481604075;111474;2016-07-04;2;1237;3;true;2790766
2497932825;111474;2016-07-11;2;908;3;true;2006913
2498036690;111474;2016-07-11;2;1423;3;true;2006913
2523645512;111474;2016-07-23;2;732;3;false;46
2523475375;111474;2016-07-23;2;981;3;true;46
2523359413;111474;2016-07-23;2;751;3;false;46
2528069381;111474;2016-07-25;2;982;3;false;2006913
2527926557;111474;2016-07-25;2;931;3;false;2006913
2547363773;111474;2016-08-03;1;995;3;true;15
2547208285;111474;2016-08-03;1;987;3;false;2586976
2547303225;111474;2016-08-03;1;657;3;false;15
2547014655;111474;2016-08-03;1;1461;3;true;2108395
2547154885;111474;2016-08-03;1;908;3;false;2586976
2546935618;111474;2016-08-03;1;1263;3;true;2108395
2549189874;111474;2016-08-04;1;1410;3;false;1836806
2549141737;111474;2016-08-04;1;934;3;false;1836806
2548968400;111474;2016-08-04;1;1885;3;true;36
2548903189;111474;2016-08-04;1;978;3;true;36
2551334799;111474;2016-08-05;1;917;3;true;39
2551125992;111474;2016-08-05;1;1348;3;true;2783913
2550971502;111474;2016-08-05;1;806;3;false;2783913
2551219428;111474;2016-08-05;1;941;3;true;39
2560069057;111474;2016-08-09;1;754;3;false;4
2559987699;111474;2016-08-09;1;785;3;false;4
2562207201;111474;2016-08-10;1;1140;3;false;350190
2562091541;111474;2016-08-10;1;641;3;false;350190
2595724093;111474;2016-08-24;2;446;3;false;2006913
2595911558;111474;2016-08-24;2;615;3;false;2006913
2598624228;111474;2016-08-25;2;1028;3;true;2759317
2598544849;111474;2016-08-25;2;1231;3;true;2759317
2673404240;111474;2016-09-27;2;1103;3;false;3332295
2692794991;111474;2016-10-06;1;1305;3;true;2533075
2692974314;111474;2016-10-06;1;766;3;false;2246141
2694579681;111474;2016-10-07;1;1271;3;true;3351387
2694292520;111474;2016-10-07;1;1132;3;true;3337522
2696343456;111474;2016-10-08;1;748;3;true;1964407
2696487511;111474;2016-10-08;1;1056;3;true;1964407
2698794126;111474;2016-10-09;1;1130;3;false;3326680
2699436897;111474;2016-10-09;1;1055;3;true;3334209
2699546318;111474;2016-10-09;1;1236;3;true;3334209
2699279165;111474;2016-10-09;1;743;3;false;3334209
2698663165;111474;2016-10-09;1;1248;3;false;3326680
2719079436;111474;2016-10-18;1;1147;3;true;2783913
2719177952;111474;2016-10-18;1;954;3;true;2783913
2719395739;111474;2016-10-18;1;1371;3;true;3214108
2719307715;111474;2016-10-18;1;1166;3;true;3214108
2723306714;111474;2016-10-20;1;957;3;false;2163
2723384574;111474;2016-10-20;1;1099;3;false;2163
2723059334;111474;2016-10-20;1;1300;3;true;2533075
2723167989;111474;2016-10-20;1;729;3;false;2533075
2734554256;111474;2016-10-25;1;1409;3;true;36
2734657183;111474;2016-10-25;1;662;3;false;36
2736296946;111474;2016-10-26;1;955;3;true;2006913
2736535496;111474;2016-10-26;1;685;3;false;1883502
2736611319;111474;2016-10-26;1;866;3;false;1883502
2736399954;111474;2016-10-26;1;812;3;false;2006913
2737326148;111474;2016-10-27;1;1139;3;true;2538753
2737871123;111474;2016-10-27;1;1000;3;false;2783913
2737734106;111474;2016-10-27;1;1013;3;true;36
2738365296;111474;2016-10-27;1;823;3;false;2163
2738542959;111474;2016-10-27;1;841;3;false;2642171
2739632750;111474;2016-10-28;1;943;3;false;2006913
2739469647;111474;2016-10-28;1;752;3;false;2533075
2739945449;111474;2016-10-28;1;910;3;false;1883502
2740335070;111474;2016-10-28;1;912;3;true;1838315
2771961229;111474;2016-11-11;2;1036;null;true;3
2771818655;111474;2016-11-11;2;939;null;false;39
2774076185;111474;2016-11-12;2;979;Support;false;3214108
