2576330803;2931505;2016-08-16;3;1265;4;true;2762745
2576239791;2931505;2016-08-16;3;1282;4;true;2762745
2586261501;2931505;2016-08-20;3;955;2;false;2413318
2586117814;2931505;2016-08-20;3;1267;4;false;2413318
2585972364;2931505;2016-08-20;3;1309;4;true;2413318
2590637901;2931505;2016-08-22;3;962;4;true;2486519
2595893889;2931505;2016-08-24;3;916;2;false;55
2673404240;111474;2016-09-27;2;1388;4;false;3332295
2692794991;111474;2016-10-06;1;1025;4;true;2533075
2692974314;111474;2016-10-06;1;797;4;false;2246141
2694579681;111474;2016-10-07;1;953;4;true;3351387
2694292520;111474;2016-10-07;1;1269;4;true;3337522
2696343456;111474;2016-10-08;1;1036;4;true;1964407
2696487511;111474;2016-10-08;1;984;4;true;1964407
2698794126;111474;2016-10-09;1;1082;4;false;3326680
2699436897;111474;2016-10-09;1;1433;2;true;3334209
2699546318;111474;2016-10-09;1;1264;4;true;3334209
2699279165;111474;2016-10-09;1;994;4;false;3334209
2698663165;111474;2016-10-09;1;1441;4;false;3326680
2719079436;111474;2016-10-18;1;1083;4;true;2783913
2719177952;111474;2016-10-18;1;1214;4;true;2783913
2719395739;111474;2016-10-18;1;1441;2;true;3214108
2719307715;111474;2016-10-18;1;807;4;true;3214108
2723306714;111474;2016-10-20;1;964;4;false;2163
2723384574;111474;2016-10-20;1;1020;4;false;2163
2723059334;111474;2016-10-20;1;1199;4;true;2533075
2723167989;111474;2016-10-20;1;517;4;false;2533075
2734554256;111474;2016-10-25;1;1070;2;true;36
2734657183;111474;2016-10-25;1;828;4;false;36
2736296946;111474;2016-10-26;1;944;4;true;2006913
2736535496;111474;2016-10-26;1;883;4;false;1883502
2736611319;111474;2016-10-26;1;844;2;false;1883502
2736399954;111474;2016-10-26;1;843;4;false;2006913
2737326148;111474;2016-10-27;1;1304;4;true;2538753
2737871123;111474;2016-10-27;1;1141;2;false;2783913
2737734106;111474;2016-10-27;1;1335;4;true;36
2738365296;111474;2016-10-27;1;1400;3;false;2163
2738542959;111474;2016-10-27;1;945;4;false;2642171
2739632750;111474;2016-10-28;1;917;4;false;2006913
2739469647;111474;2016-10-28;1;784;4;false;2533075
2739945449;111474;2016-10-28;1;1298;4;false;1883502
2740335070;111474;2016-10-28;1;1018;4;true;1838315
2771961229;111474;2016-11-11;2;1317;null;true;3
2771818655;111474;2016-11-11;2;573;null;false;39
2774076185;111474;2016-11-12;2;828;Core;false;3214108
