2441500230;2622695;2016-06-17;3;1426;3;true
2441425925;2622695;2016-06-17;3;1024;3;true
2459794479;2668330;2016-06-25;1;490;3;false
2475269496;2622695;2016-07-01;3;1046;3;false
2475387867;2622695;2016-07-02;3;1336;3;false
2478018015;2622695;2016-07-03;3;1035;3;false
2477918657;2622695;2016-07-03;3;1051;3;false
2480390289;2622695;2016-07-04;3;956;3;false
2480342667;2622695;2016-07-04;3;707;3;false
2637917322;59;2016-09-11;3;1423;3;true
2638022277;59;2016-09-11;3;1509;3;true
2637520870;59;2016-09-11;3;966;3;true
2637687793;59;2016-09-11;3;1269;3;true
2662072050;59;2016-09-22;1;1250;3;true
2662027296;59;2016-09-22;1;852;3;false
2673095597;59;2016-09-27;2;1006;3;true
2677197824;59;2016-09-29;2;550;3;false
2677090549;59;2016-09-29;2;1324;3;false
2705691231;59;2016-10-12;1;1143;3;true
2705565420;59;2016-10-12;1;729;3;false
2705910492;59;2016-10-12;3;923;3;false
2705979816;59;2016-10-12;3;1024;3;false
2705803957;59;2016-10-12;1;820;3;false
2715353113;59;2016-10-16;3;597;3;false
2715182460;59;2016-10-16;3;926;3;false
2715042389;59;2016-10-16;3;1133;3;true
2715290389;59;2016-10-16;3;1837;3;true
2718769964;59;2016-10-18;3;1390;3;true
2721046064;59;2016-10-19;3;1270;3;false
2720857009;59;2016-10-19;3;827;3;false
2717147367;59;2016-10-17;3;1024;3;false
2716955834;59;2016-10-17;3;644;3;false
2724699405;59;2016-10-21;3;761;3;false
2734867076;1245961;2016-10-26;1;1136;3;true
2736685463;1245961;2016-10-26;1;1593;3;true
2736741387;1245961;2016-10-26;1;1391;3;true
2737050929;59;2016-10-27;1;641;3;false
2736884283;1245961;2016-10-27;1;718;3;false
2736807013;1245961;2016-10-27;1;1090;3;true
2737247032;59;2016-10-27;1;720;3;false
2737140614;1245961;2016-10-27;1;1456;3;true
2736964735;1245961;2016-10-27;1;1454;3;true
