2449934679;2827243;2016-06-20;3;1239;1;true
2458393902;2827243;2016-06-24;1;1316;1;false
2465638938;2827243;2016-06-27;3;1035;1;true
2469889797;2827243;2016-06-29;3;668;1;false
2493083341;2827243;2016-07-09;3;2114;1;true
2503302080;2827243;2016-07-14;3;1209;1;true
2518831064;2827243;2016-07-21;3;1385;1;true
2521194379;2827243;2016-07-22;3;902;1;false
2537574496;2827243;2016-07-30;3;1103;1;true
2537758514;2827243;2016-07-30;3;946;1;false
2537381784;2827243;2016-07-30;3;965;1;false
2655212725;3322396;2016-09-19;3;1017;2;true
2655078602;3322396;2016-09-19;3;598;1;false
2656912753;3322396;2016-09-20;3;654;1;false
2656808297;3322396;2016-09-20;3;1354;1;true
2664996581;3322396;2016-09-24;3;901;1;false
2672981573;3322396;2016-09-27;3;536;1;false
2672825100;3322396;2016-09-27;3;710;1;false
2699284437;3322396;2016-10-09;2;1498;1;true
2698905699;3322396;2016-10-09;2;1408;1;true
2699046037;3322396;2016-10-09;2;1367;1;true
2709362445;3322396;2016-10-14;3;897;1;false
2709174420;3322396;2016-10-14;3;1007;1;false
2714605975;3322396;2016-10-16;3;1411;1;true
2714761176;3322396;2016-10-16;3;868;1;true
2724579408;3322396;2016-10-21;3;1134;1;false
2724485432;3322396;2016-10-21;3;859;1;false
2731489223;3322396;2016-10-24;1;1128;1;false
