2415286409;2246141;2016-06-05;3;1270;2;true;2759317
2415395924;2246141;2016-06-05;3;1181;2;true;2759317
2438350996;2246141;2016-06-15;3;1019;2;false;2533075
2438528893;2246141;2016-06-15;3;1576;2;true;2533075
2438220840;2246141;2016-06-15;3;1213;2;true;2533075
2450534146;2246141;2016-06-20;3;1166;2;true;55
2450210885;2246141;2016-06-20;3;868;4;true;55
2450017711;2246141;2016-06-20;3;995;4;true;55
2450441258;2246141;2016-06-20;3;1263;4;true;55
2459046751;2246141;2016-06-24;1;1096;2;false;2538753
2468020222;2246141;2016-06-28;3;1119;2;true;2789717
2467857302;2246141;2016-06-28;3;1364;2;true;2789717
2474391790;2246141;2016-07-01;3;877;2;false;2790766
2474599501;2246141;2016-07-01;3;898;2;false;2790766
2477291169;2246141;2016-07-02;3;939;2;false;2759317
2477111585;2246141;2016-07-02;3;1016;2;true;2759317
2476890937;2246141;2016-07-02;3;1212;4;false;2759317
2499697566;2246141;2016-07-12;3;1159;2;true;2790766
2499847091;2246141;2016-07-12;3;988;2;false;2790766
2499966236;2246141;2016-07-12;3;1063;2;true;2790766
2502039240;2246141;2016-07-13;3;1422;2;true;2789717
2501626678;2246141;2016-07-13;3;1023;2;false;2789717
2501910512;2246141;2016-07-13;3;982;2;false;2789717
2501789898;2246141;2016-07-13;3;967;2;true;2789717
2516775236;2246141;2016-07-20;3;885;2;false;59
2534231650;2246141;2016-07-28;2;882;2;false;2856589
2534358398;2246141;2016-07-28;2;1099;2;true;2856589
2534438961;2246141;2016-07-28;2;1398;2;true;2856589
2536261080;2246141;2016-07-29;3;1438;2;true;2790766
2536107888;2246141;2016-07-29;3;1072;2;false;2790766
2535960870;2246141;2016-07-29;3;1145;4;true;2790766
2538610003;2246141;2016-07-30;2;898;2;false;59
2538763520;2246141;2016-07-30;2;1006;2;true;59
2538849632;2246141;2016-07-30;2;575;2;false;59
2578295629;2246141;2016-08-17;3;847;2;false;2538753
2578168668;2246141;2016-08-17;3;641;2;false;2538753
2632637217;2246141;2016-09-09;3;1174;1;false;46
2661929547;2246141;2016-09-22;1;896;1;false;46
2661805196;2246141;2016-09-22;1;1690;1;true;46
2673327701;2246141;2016-09-27;2;1292;1;true;2849265
2692918404;2246141;2016-10-06;1;1282;1;true;3337522
2692974314;2246141;2016-10-06;1;1227;1;true;111474
2694580690;2246141;2016-10-07;1;1088;1;false;2533075
2694422410;2246141;2016-10-07;1;862;1;false;3351387
2707689229;2246141;2016-10-13;3;1269;1;true;2668269
2707573960;2246141;2016-10-13;3;1133;1;true;2668269
2722963150;2246141;2016-10-20;3;1119;2;true;2537636
2723055159;2246141;2016-10-20;3;1007;1;false;2537636
2723169236;2246141;2016-10-20;3;1206;1;false;2537636
2727374655;2246141;2016-10-22;3;1034;1;true;2538753
2736553047;2246141;2016-10-26;1;1240;1;true;2347280
2736672364;2246141;2016-10-26;1;895;1;false;2533075
2736724413;2246141;2016-10-26;1;893;1;false;2533075
2756250110;2246141;2016-11-04;3;698;0;false;46
2756151284;2246141;2016-11-04;3;754;0;false;46
2763371985;2246141;2016-11-07;3;1960;null;true;59
2763494438;2246141;2016-11-07;3;1128;Core;true;59
2763227337;2246141;2016-11-07;3;1041;null;false;59
2778759622;2246141;2016-11-14;3;877;Core;false;2533075
2778659971;2246141;2016-11-14;3;708;null;false;2533075
2784781573;2246141;2016-11-17;3;782;Core;false;3326680
2784892612;2246141;2016-11-17;3;749;null;false;3326680
