2405630794;59;2016-06-01;3;1109;5;true;2552670
2405526656;59;2016-06-01;3;1108;2;true;2552670
2415097881;59;2016-06-05;3;1602;2;true;2790766
2414962996;59;2016-06-05;3;1194;2;true;2790766
2419873195;59;2016-06-07;3;1160;4;false;2533075
2419750817;59;2016-06-07;3;1393;2;true;2533075
2461926251;39;2016-06-25;1;1855;3;true;2677025
2461742564;39;2016-06-25;1;1330;3;true;2791077
2461672415;39;2016-06-25;1;918;3;true;1884355
2464402989;39;2016-06-26;1;1179;3;true;2512249
2464041146;39;2016-06-26;1;1202;3;true;2310555
2464347560;39;2016-06-26;1;677;3;false;3
2464459513;39;2016-06-27;1;1152;3;true;3
2513423345;2788413;2016-07-19;3;967;4;false;2672298
2519727701;39;2016-07-22;1;1441;3;true;2635099
2519681958;39;2016-07-22;1;921;3;true;2635099
2524202291;39;2016-07-23;1;657;3;false;2970103
2524119811;39;2016-07-23;1;1036;3;true;2970103
2524031077;39;2016-07-23;1;847;2;false;2970103
2521929716;39;2016-07-23;1;997;3;false;36
2521888035;39;2016-07-23;1;780;3;false;36
2547115445;39;2016-08-03;1;1414;3;true;36
2547301927;39;2016-08-03;1;1310;4;false;2586976
2547012516;39;2016-08-03;1;1147;3;true;1836806
2546938575;39;2016-08-03;1;1258;3;false;1836806
2547165450;39;2016-08-03;1;1554;3;true;36
2547354532;39;2016-08-03;1;967;3;true;2586976
2549111670;39;2016-08-04;1;1323;4;true;2108395
2549222661;39;2016-08-04;1;1135;4;true;2108395
2548970550;39;2016-08-04;1;1028;3;true;2783913
2548908956;39;2016-08-04;1;1261;3;true;2783913
2551334799;39;2016-08-05;1;673;2;false;111474
2550972124;39;2016-08-05;1;1246;3;true;15
2551042502;39;2016-08-05;1;732;3;false;15
2551219428;39;2016-08-05;1;1038;3;false;111474
2560226228;39;2016-08-09;1;1228;4;true;1375614
2560158271;39;2016-08-09;1;1077;3;true;1375614
2562671370;39;2016-08-11;1;1078;3;true;4
2562582896;39;2016-08-11;1;1295;4;true;4
2566725198;39;2016-08-12;1;748;3;false;1836806
2566800064;39;2016-08-12;1;975;3;false;1836806
2569011425;39;2016-08-13;1;908;3;false;2512249
2569227952;39;2016-08-13;1;917;3;false;2512249
2569119771;39;2016-08-13;1;1101;3;true;2512249
2674644594;39;2016-09-28;1;1367;3;true;2586976
2674045536;39;2016-09-28;1;701;3;true;726228
2674540208;39;2016-09-28;1;1099;3;true;2586976
2674123837;39;2016-09-28;1;1075;3;true;726228
2674424505;39;2016-09-28;1;812;3;false;2586976
2673965642;39;2016-09-28;1;434;3;false;726228
2678250134;39;2016-09-30;1;1032;3;true;1838315
2678164166;39;2016-09-30;1;1100;3;false;1838315
2678048298;39;2016-09-30;1;970;3;true;1838315
2680540231;39;2016-10-01;1;865;3;false;1375614
2680673019;39;2016-10-01;1;1134;3;false;1375614
2682879623;39;2016-10-02;1;944;3;false;2586976
2682989099;39;2016-10-02;1;1238;4;true;2586976
2683682946;39;2016-10-02;1;1049;3;false;1375614
2683495393;39;2016-10-02;1;1025;3;true;1375614
2682745535;39;2016-10-02;1;842;4;true;2586976
2683309223;39;2016-10-02;1;1385;4;true;1375614
2683864078;39;2016-10-02;1;1472;3;true;1375614
2749973259;39;2016-11-01;3;1503;0;true;3
2750044073;39;2016-11-01;3;1273;0;true;3
2752288404;39;2016-11-02;1;1220;0;true;3
2752216887;39;2016-11-02;1;1675;0;false;3
2752323730;39;2016-11-02;1;1635;0;true;3
2756113153;39;2016-11-04;3;1115;0;false;3214108
2756349405;39;2016-11-04;3;1288;0;true;3214108
2754255029;39;2016-11-04;1;1050;0;true;3214108
2754297176;39;2016-11-04;1;494;0;false;3214108
2754333572;39;2016-11-04;1;1297;0;true;3214108
2761620508;39;2016-11-06;3;781;null;true;2586976
2761684165;39;2016-11-06;3;1048;Support;true;2586976
2763657161;39;2016-11-07;1;1133;null;false;3214108
2763727812;39;2016-11-07;1;1178;null;true;3214108
2763784293;39;2016-11-08;1;1204;Core;true;3214108
2771818655;39;2016-11-11;2;985;Core;true;111474
2772035803;39;2016-11-12;2;1127;null;false;4
2774602176;39;2016-11-12;2;521;Support;false;3214108
2773873863;39;2016-11-12;2;870;null;true;2642171
2785280169;39;2016-11-17;1;939;null;false;3326875
2785210504;39;2016-11-17;1;1099;Support;true;3326875
2785327828;39;2016-11-17;1;1380;null;true;3326875
2785402676;39;2016-11-18;1;970;Support;false;2586976
2785448115;39;2016-11-18;1;1393;null;false;2586976
