2407996315;55;2016-06-02;3;1292;4;false;2790766
2408217778;55;2016-06-02;3;831;3;false;2552670
2407750564;55;2016-06-02;3;1051;3;false;2790766
2408139337;55;2016-06-02;3;706;3;false;2552670
2417850634;55;2016-06-06;3;1154;3;true;2762745
2417703889;55;2016-06-06;3;865;4;false;2762745
2417931396;55;2016-06-06;3;1298;4;true;2762745
2442837594;55;2016-06-17;2;1071;4;false;2642171
2443155692;55;2016-06-17;3;780;4;false;2856589
2443318245;55;2016-06-17;3;1284;4;true;2856589
2443399427;55;2016-06-17;3;1404;3;true;2856589
2442971767;55;2016-06-17;2;651;3;false;2642171
2450534146;55;2016-06-20;3;609;3;false;2246141
2450210885;55;2016-06-20;3;699;3;false;2246141
2450017711;55;2016-06-20;3;815;3;false;2246141
2450441258;55;2016-06-20;3;904;3;false;2246141
2461369456;55;2016-06-25;1;929;3;true;2642171
2460402876;55;2016-06-25;1;721;3;false;1838315
2460688631;55;2016-06-25;1;852;3;false;1883502
2461014758;55;2016-06-25;1;665;3;false;2006913
2463147675;55;2016-06-26;1;1167;3;true;2790766
2462992113;55;2016-06-26;1;655;3;false;2783913
2462816076;55;2016-06-26;1;1189;3;true;2538753
2463541690;55;2016-06-26;1;813;3;false;46
2463703523;55;2016-06-26;1;640;3;false;111474
2472330520;55;2016-06-30;3;978;3;true;2533075
2472721956;55;2016-06-30;3;936;3;false;2759317
2472568790;55;2016-06-30;3;825;3;false;2759317
2474912312;55;2016-07-01;3;1358;3;true;2790766
2474798842;55;2016-07-01;3;1156;3;true;2790766
2477275657;55;2016-07-02;2;1275;3;true;2533075
2477608342;55;2016-07-02;2;1054;3;true;59
2477508297;55;2016-07-02;2;912;3;true;59
2477402399;55;2016-07-02;2;1235;3;true;2533075
2479959008;55;2016-07-03;2;691;3;false;2163
2480045573;55;2016-07-03;2;925;3;false;2163
2479865783;55;2016-07-03;2;1091;3;true;2163
2484196001;55;2016-07-05;2;974;3;false;2783913
2483923230;55;2016-07-05;2;807;3;true;2783913
2484073587;55;2016-07-05;2;871;3;false;2783913
2486578490;55;2016-07-06;3;519;3;false;2789717
2486469932;55;2016-07-06;3;818;3;false;2789717
2512752334;55;2016-07-18;3;1182;3;false;2538753
2512635763;55;2016-07-18;3;540;3;false;2538753
2515339437;55;2016-07-19;2;538;3;false;46
2515170516;55;2016-07-19;2;1483;3;true;46
2515261660;55;2016-07-19;2;747;3;false;46
2521160349;55;2016-07-22;2;1334;3;true;2642171
2521030247;55;2016-07-22;2;910;3;true;2642171
2525936759;55;2016-07-24;2;1008;3;false;2006913
2525810868;55;2016-07-24;2;886;3;false;2006913
2530403998;55;2016-07-26;2;686;3;false;2790766
2530284678;55;2016-07-26;2;680;3;false;2790766
2530154239;55;2016-07-26;2;1486;3;true;2790766
2534163455;55;2016-07-28;3;736;3;false;2538753
2534037418;55;2016-07-28;3;764;3;false;2538753
2583392091;55;2016-08-19;3;1431;3;true;2533075
2583294797;55;2016-08-19;3;1705;4;true;2533075
2588500108;55;2016-08-21;3;1196;3;true;2842794
2591226843;55;2016-08-22;3;1177;3;false;2790766
2591381241;55;2016-08-22;3;990;3;true;2790766
2591481065;55;2016-08-22;3;953;3;false;2790766
2595565813;55;2016-08-24;3;1211;3;true;2533075
2595893889;55;2016-08-24;3;995;3;true;2931505
2600674001;55;2016-08-26;3;574;3;false;1964407
2603164562;55;2016-08-27;3;718;3;false;2538753
2603440202;55;2016-08-27;3;1190;3;true;2537636
2603320248;55;2016-08-27;3;1105;3;true;2537636
2615246016;55;2016-09-01;3;1109;3;true;2790766
2615394486;55;2016-09-01;3;973;3;true;2790766
2617454276;55;2016-09-02;3;884;3;true;2246141
2617344449;55;2016-09-02;3;1438;3;true;2246141
2622676505;55;2016-09-04;3;1227;3;false;2533075
2622770336;55;2016-09-04;3;819;3;false;2533075
2630860400;55;2016-09-08;3;1072;3;false;2552670
2630705238;55;2016-09-08;3;1355;3;false;2552670
2630800116;55;2016-09-08;3;1339;3;true;2552670
2632946372;55;2016-09-09;3;1468;3;false;2552670
2632859902;55;2016-09-09;3;1451;3;true;2552670
2632767165;55;2016-09-09;3;942;3;false;2552670
2644301380;55;2016-09-14;3;708;3;false;2538753
2644154772;55;2016-09-14;3;958;3;true;2538753
2644420063;55;2016-09-14;3;966;3;true;2538753
2661674463;55;2016-09-22;3;1304;3;true;3330347
2666544559;55;2016-09-24;3;797;3;false;2533075
2666665527;55;2016-09-24;3;1019;3;false;2533075
2668928106;55;2016-09-25;3;865;3;false;3152713
2671348558;55;2016-09-26;2;1060;3;false;2533075
2703919320;55;2016-10-11;1;731;3;true;2537636
2703993074;55;2016-10-11;1;716;3;false;2537636
2703839903;55;2016-10-11;1;734;3;false;2537636
2710277838;55;2016-10-14;3;1022;3;true;3335901
2710180803;55;2016-10-14;3;1490;3;true;3335901
2719009069;55;2016-10-18;3;1055;3;true;2762745
2718893780;55;2016-10-18;3;1112;3;true;2762745
2723353736;55;2016-10-20;3;594;3;false;3332295
2723249268;55;2016-10-20;3;783;3;true;3332295
2723414813;55;2016-10-20;3;1005;3;false;3332295
2734736717;55;2016-10-25;1;1158;3;true;3356445
2734830948;55;2016-10-26;1;1925;3;true;296530
2736741729;55;2016-10-26;1;712;4;true;1294226
2736679782;55;2016-10-26;1;1348;3;true;3334608
2736884283;55;2016-10-27;1;931;3;true;1245961
2736807013;55;2016-10-27;1;1051;3;false;1245961
2736964735;55;2016-10-27;1;661;3;false;1245961
2755971501;55;2016-11-04;3;561;0;false;46
2765337049;55;2016-11-08;2;1081;Support;true;2202484
2767226637;55;2016-11-09;3;1157;Support;true;2552670
2767325164;55;2016-11-09;3;1240;Support;true;2552670
2769568166;55;2016-11-10;3;1282;null;true;3415078
2769193469;55;2016-11-10;2;1778;null;true;3508243
2769286670;55;2016-11-10;2;1599;Support;true;3508243
2769516846;55;2016-11-10;3;1274;Support;true;3415078
2771330871;55;2016-11-11;3;1166;null;false;2783913
2771474850;55;2016-11-11;3;845;Support;false;2783913
2778831103;2790766;2016-11-14;2;1251;Support;true;3508243
2778737518;2790766;2016-11-14;2;1170;null;true;3508243
2782565877;2790766;2016-11-16;3;1021;null;true;2775251
2782736003;2790766;2016-11-16;3;1057;Support;true;3326728
