2404141174;2677025;2016-06-01;3;1228;4;true;2640099
2403997603;2677025;2016-06-01;3;1058;4;true;2640099
2404059469;2677025;2016-06-01;3;881;2;false;2640099
2406229857;2677025;2016-06-02;3;1137;3;true;2701329
2406270807;2677025;2016-06-02;3;946;4;true;2701329
2461746185;2677025;2016-06-25;1;1369;4;true;3
2461926251;2677025;2016-06-25;1;791;4;false;39
2461552470;2677025;2016-06-25;1;987;4;true;2310555
2464239144;2677025;2016-06-26;1;775;4;false;1884355
2464111444;2677025;2016-06-26;1;879;4;false;2512249
2463943541;2677025;2016-06-26;1;1154;4;true;2791077
2466075858;2677025;2016-06-27;1;586;4;false;3
2466151858;2677025;2016-06-27;1;1041;4;false;3
2466394822;2677025;2016-06-27;1;1307;4;true;1884355
2466472513;2677025;2016-06-27;1;1317;4;true;1884355
2468608023;2677025;2016-06-28;1;941;4;false;3
2468559869;2677025;2016-06-28;1;609;4;false;3
2475317558;2677025;2016-07-02;3;797;4;false;1884355
2475398365;2677025;2016-07-02;3;941;4;false;1884355
2484657856;2677025;2016-07-05;3;1130;4;true;2527544
2484568995;2677025;2016-07-05;3;987;4;false;2527544
2486895704;2677025;2016-07-06;3;1010;4;true;2788413
2489052148;2677025;2016-07-07;3;1309;4;true;1633432
2489017951;2677025;2016-07-07;3;1023;4;true;1633432
2486953172;2677025;2016-07-07;3;1072;4;true;2788413
2493699256;2677025;2016-07-09;3;1087;4;true;2622695
2493647725;2677025;2016-07-09;3;1429;4;true;2622695
2502091915;2677025;2016-07-13;1;1173;2;false;2586976
2501986398;2677025;2016-07-13;1;711;3;false;2586976
2506261838;2677025;2016-07-15;1;706;4;false;2512249
2506349579;2677025;2016-07-15;1;1074;2;false;2512249
2515338113;2677025;2016-07-19;3;1186;4;true;2672298
2517474624;2677025;2016-07-20;3;763;4;false;1884355
2517543247;2677025;2016-07-20;3;1018;4;false;1884355
2524072750;2677025;2016-07-23;3;833;4;false;2672298
2524144375;2677025;2016-07-23;3;777;4;false;2672298
2656390711;2677025;2016-09-20;2;998;4;true;67
2662309172;2677025;2016-09-23;2;1506;2;true;3334608
2662428994;2677025;2016-09-23;2;1029;4;true;3334608
2662349068;2677025;2016-09-23;2;803;4;false;3334608
2667103957;2677025;2016-09-24;2;1356;4;true;3214108
2667057578;2677025;2016-09-24;2;648;4;false;3214108
2667169504;2677025;2016-09-25;2;792;4;false;3214108
2675691627;2677025;2016-09-29;2;1005;4;true;3333433
2675845030;2677025;2016-09-29;2;1295;4;true;3333433
2675768938;2677025;2016-09-29;2;804;4;false;3333433
2677591521;2677025;2016-09-29;2;1532;4;true;3333361
2677626358;2677025;2016-09-29;2;1022;4;true;3333361
2677775647;2677025;2016-09-30;2;773;4;true;2672298
2677718897;2677025;2016-09-30;2;1250;2;false;2672298
2677839586;2677025;2016-09-30;2;1408;4;true;2672298
2679837580;2677025;2016-09-30;2;654;4;false;3214108
2679987112;2677025;2016-10-01;2;611;4;false;3214108
2680122681;2677025;2016-10-01;2;1312;2;true;3214108
2708296618;2677025;2016-10-14;1;1141;4;true;3333433
2715490848;2677025;2016-10-16;1;899;4;true;3214108
2715554686;2677025;2016-10-16;1;1194;4;false;3214108
2715610842;2677025;2016-10-17;1;724;4;false;3214108
2715707364;2677025;2016-10-17;1;1252;4;false;3
2715663224;2677025;2016-10-17;1;628;4;false;3
2738755806;2677025;2016-10-27;1;1286;4;true;1061269
2738581695;2677025;2016-10-27;1;1167;4;true;2537636
2738872552;2677025;2016-10-28;1;1205;4;true;2672298
2740960816;2677025;2016-10-28;1;754;3;false;3214108
2740678805;2677025;2016-10-28;1;866;4;false;2701329
2741014942;2677025;2016-10-28;1;1074;3;false;3
2740778557;2677025;2016-10-28;1;1079;4;true;2552670
2743230633;2677025;2016-10-29;1;1079;4;false;3
2743298309;2677025;2016-10-29;1;604;4;false;3
2743414037;2677025;2016-10-30;1;925;2;false;2672298
2743352161;2677025;2016-10-30;1;1151;2;false;2672298
2763785468;2677025;2016-11-08;3;1347;Core;true;3477208
2769718687;2677025;2016-11-10;2;806;null;false;2642171
2769638088;2677025;2016-11-10;2;946;Core;false;1836806
2769580074;2677025;2016-11-10;2;700;Core;false;1836806
2781396214;2677025;2016-11-16;3;989;Core;false;3333433
2781350292;2677025;2016-11-16;3;758;Core;false;3333433
2783157556;2677025;2016-11-16;3;1210;Core;true;3321220
2783195690;2677025;2016-11-16;3;1563;null;true;3321220
2783394280;2677025;2016-11-17;3;1214;Core;true;3334608
2783464291;2677025;2016-11-17;3;1029;Core;true;3334608
