2408596949;2512249;2016-06-03;1;1048;3;true;1836806
2408934303;2512249;2016-06-03;1;761;4;false;36
2408739164;2512249;2016-06-03;1;1036;3;true;1836806
2409698555;2512249;2016-06-03;1;824;4;true;1836806
2408676984;2512249;2016-06-03;1;560;4;false;1836806
2409573458;2512249;2016-06-03;1;1165;4;true;1836806
2408862401;2512249;2016-06-03;1;925;2;false;36
2420586461;2512249;2016-06-08;1;1086;4;true;1375614
2420649625;2512249;2016-06-08;1;571;4;false;1375614
2420526669;2512249;2016-06-08;1;539;4;false;1375614
2422924793;2512249;2016-06-09;1;697;3;false;2777247
2422795457;2512249;2016-06-09;1;1500;2;true;2777247
2422858795;2512249;2016-06-09;1;720;3;false;2777247
2461673740;2512249;2016-06-25;1;1140;4;true;2310555
2461860027;2512249;2016-06-25;1;1073;4;true;2791077
2464402989;2512249;2016-06-26;1;626;4;false;39
2464237242;2512249;2016-06-26;1;700;4;false;3
2464111444;2512249;2016-06-26;1;1081;4;true;2677025
2466251464;2512249;2016-06-27;1;1296;4;true;1884355
2466329104;2512249;2016-06-27;1;1099;4;true;1884355
2468492567;2512249;2016-06-28;1;1120;4;true;3
2468440492;2512249;2016-06-28;1;1113;3;true;3
2468689041;2512249;2016-06-29;1;1176;4;true;3
2468766885;2512249;2016-06-29;1;760;3;false;3
2468728087;2512249;2016-06-29;1;927;2;true;3
2468922471;2512249;2016-06-29;1;906;3;true;3
2468846659;2512249;2016-06-29;1;1164;4;false;3
2473125373;2512249;2016-07-01;3;1077;4;true;1884355
2473082189;2512249;2016-07-01;3;1213;4;true;1884355
2477746257;2512249;2016-07-02;3;1029;3;true;1884355
2477800088;2512249;2016-07-02;3;1605;4;true;1884355
2477849405;2512249;2016-07-03;3;1092;2;true;1884355
2485030583;2512249;2016-07-06;1;664;3;false;2635099
2484943506;2512249;2016-07-06;1;726;3;false;2635099
2489260740;2512249;2016-07-08;1;723;4;false;46
2489425593;2512249;2016-07-08;1;808;3;true;46
2489350478;2512249;2016-07-08;1;1109;3;true;46
2491680573;2512249;2016-07-09;1;936;4;false;15
2491605871;2512249;2016-07-09;1;716;4;false;15
2502305932;2512249;2016-07-13;1;743;4;false;350190
2502229047;2512249;2016-07-13;1;718;4;false;350190
2506261838;2512249;2016-07-15;1;927;3;true;2677025
2506349579;2512249;2016-07-15;1;1113;2;true;2677025
2508641831;2512249;2016-07-16;1;1002;4;false;2163
2508519627;2512249;2016-07-16;1;1083;2;false;2163
2519578655;2512249;2016-07-21;1;971;4;true;2970103
2519500261;2512249;2016-07-21;1;878;4;true;2970103
2523925191;2512249;2016-07-23;1;534;2;false;350190
2522078549;2512249;2016-07-23;1;426;4;false;1838315
2523836370;2512249;2016-07-23;1;1153;4;true;350190
2521988223;2512249;2016-07-23;1;847;4;true;1838315
2523718598;2512249;2016-07-23;1;616;4;false;350190
2547592629;2512249;2016-08-04;1;1277;4;true;350190
2547541147;2512249;2016-08-04;1;947;4;true;350190
2547470370;2512249;2016-08-04;1;935;4;false;1148284
2549312032;2512249;2016-08-04;1;561;4;false;2777247
2549370824;2512249;2016-08-04;1;1116;4;true;2777247
2549658092;2512249;2016-08-05;1;902;4;true;1838315
2549589275;2512249;2016-08-05;1;1110;2;true;1838315
2547401914;2512249;2016-08-04;1;678;4;true;1148284
2551398734;2512249;2016-08-05;1;946;3;true;2163
2551608784;2512249;2016-08-06;1;701;3;false;4
2551474091;2512249;2016-08-06;1;1022;4;true;2163
2551542175;2512249;2016-08-06;1;769;3;true;4
2558190331;2512249;2016-08-08;1;863;4;false;1836806
2558290213;2512249;2016-08-08;1;770;4;false;1836806
2558255566;2512249;2016-08-08;1;852;4;true;1836806
2560502724;2512249;2016-08-10;1;931;2;true;15
2560446360;2512249;2016-08-10;1;643;3;true;15
2564408925;2512249;2016-08-11;1;1375;2;true;2108395
2564310434;2512249;2016-08-11;1;1111;4;true;2108395
2564211031;2512249;2016-08-11;1;1139;2;false;2108395
2566866066;2512249;2016-08-12;1;1028;4;true;350190
2564619977;2512249;2016-08-12;1;1221;2;true;4
2564666119;2512249;2016-08-12;1;870;2;true;4
2566934520;2512249;2016-08-13;1;1213;4;true;350190
2569011425;2512249;2016-08-13;1;1037;4;true;39
2569415435;2512249;2016-08-13;1;951;4;true;1836806
2569227952;2512249;2016-08-13;1;979;4;true;39
2569119771;2512249;2016-08-13;1;714;4;false;39
2569610900;2512249;2016-08-14;1;887;2;false;1836806
2569531910;2512249;2016-08-14;1;741;2;false;1836806
2569470828;2512249;2016-08-14;1;867;4;false;1836806
2708158481;3;2016-10-13;1;769;4;false;3214108
2710465212;3;2016-10-14;1;1029;4;true;3333433
2715707364;3;2016-10-17;1;1608;2;true;2677025
2715663224;3;2016-10-17;1;1248;2;true;2677025
2717502894;3;2016-10-17;1;1246;2;true;3214108
2717600898;3;2016-10-17;1;1099;4;true;3214108
2717560456;3;2016-10-17;1;972;2;false;3214108
2717653391;3;2016-10-18;1;921;2;false;3214108
2717713390;3;2016-10-18;1;719;4;false;3214108
2738678785;3;2016-10-27;1;1469;2;true;2672298
2738496608;3;2016-10-27;1;1225;4;true;1061269
2738810223;3;2016-10-28;1;1201;4;true;2701329
2740785367;3;2016-10-28;1;1019;4;false;3214108
2740485757;3;2016-10-28;1;1391;4;true;2552670
2740920284;3;2016-10-28;1;1200;2;false;2537636
2741014942;3;2016-10-28;1;924;4;true;2677025
2743230633;3;2016-10-29;1;1206;3;true;2677025
2743298309;3;2016-10-29;1;881;4;true;2677025
2745753559;3;2016-10-30;1;1050;0;false;3214108
2745684725;3;2016-10-30;1;877;0;false;3214108
2745864723;3;2016-10-31;1;1066;0;true;2672298
2745830432;3;2016-10-31;1;1212;0;false;2672298
2745911794;3;2016-10-31;1;912;0;true;2672298
2749973259;3;2016-11-01;3;1150;0;false;39
2750044073;3;2016-11-01;3;626;0;false;39
2752288404;3;2016-11-02;1;745;0;false;39
2752216887;3;2016-11-02;1;1187;0;true;39
2752323730;3;2016-11-02;1;1116;0;false;39
2753757389;3;2016-11-03;3;1093;0;true;2512249
2754084191;3;2016-11-03;1;1390;0;true;2701329
2754134032;3;2016-11-03;1;608;0;true;2701329
2758997011;3;2016-11-05;1;1295;0;true;2701329
2759074615;3;2016-11-05;1;1347;0;false;2701329
2759173545;3;2016-11-05;1;1650;0;true;2701329
2761567444;3;2016-11-06;1;1073;null;false;3214108
2761646567;3;2016-11-06;1;856;Core;false;3214108
2771646336;3;2016-11-11;2;1112;Core;false;4
2771517619;3;2016-11-11;2;1263;Core;true;4
2771388878;3;2016-11-11;2;1168;Core;false;4
2771961229;3;2016-11-11;2;1121;Core;false;111474
