2407115659;24;2016-06-02;3;851;3;true;2644737
2437839428;24;2016-06-15;3;667;3;false;2738555
2437948887;24;2016-06-15;3;751;3;false;2738555
2514575187;24;2016-07-19;3;875;3;false;1927365
2514756265;24;2016-07-19;3;1534;3;true;1927365
2516374201;24;2016-07-20;3;917;3;true;2789395
2516527499;24;2016-07-20;3;915;3;true;2789395
2522842914;24;2016-07-23;3;770;3;false;98301
2523032357;24;2016-07-23;3;912;3;true;98301
2522950527;24;2016-07-23;3;912;3;true;98301
2525447612;24;2016-07-24;3;1202;3;true;2659468
2525344944;24;2016-07-24;3;839;3;false;2659468
2525567742;24;2016-07-24;3;844;3;true;2659468
2533570928;24;2016-07-28;3;912;3;true;2581813
2533712629;24;2016-07-28;3;1466;3;true;2581813
2533661491;24;2016-07-28;3;808;3;false;2581813
2535897900;24;2016-07-29;3;805;3;false;543897
2536005907;24;2016-07-29;3;700;3;false;543897
2540139671;24;2016-07-31;3;1062;3;true;1276785
2540275204;24;2016-07-31;3;1267;3;false;1276785
2540424572;24;2016-07-31;3;1261;3;true;2521210
2540366603;24;2016-07-31;3;1173;3;true;2521210
2565907776;24;2016-08-12;3;734;3;false;2687313
2566107616;24;2016-08-12;3;913;3;true;2687313
2575620376;24;2016-08-16;3;1247;3;true;1927365
2575276783;24;2016-08-16;3;897;3;true;1927365
2575418706;24;2016-08-16;3;800;3;false;1927365
2578276735;24;2016-08-17;3;1180;3;false;2659468
2577865653;24;2016-08-17;3;1023;3;false;98301
2577763041;24;2016-08-17;3;830;3;false;98301
2578154611;24;2016-08-17;3;931;3;false;2659468
2577367735;24;2016-08-17;3;783;3;true;2738555
2584731376;24;2016-08-20;3;1133;3;true;2398232
2584894444;24;2016-08-20;3;845;3;true;2398232
2587981860;24;2016-08-21;3;957;4;true;2789395
2587477506;24;2016-08-21;3;1230;3;false;2581813
2587648563;24;2016-08-21;3;781;3;true;2789395
2587824792;24;2016-08-21;3;909;3;true;2789395
2587360035;24;2016-08-21;3;1307;3;true;2581813
2590368290;24;2016-08-22;3;1432;4;true;98301
2590220550;24;2016-08-22;3;1202;3;true;98301
2597591490;24;2016-08-25;3;957;3;false;2659468
2597699701;24;2016-08-25;3;1138;3;false;2659468
2602331109;24;2016-08-27;3;848;3;false;1105664
2605819642;24;2016-08-28;3;626;3;false;2789395
2605406862;24;2016-08-28;3;782;3;false;2789395
2631317733;24;2016-09-09;3;840;3;false;98301
2634540289;24;2016-09-10;3;967;3;false;2659468
2662932759;24;2016-09-23;3;787;3;false;3327985
2678331923;24;2016-09-30;3;447;3;false;2659468
2678238536;24;2016-09-30;3;520;3;false;2659468
2755505397;24;2016-11-04;3;1438;0;true;2644737
2755390857;24;2016-11-04;3;599;0;false;2644737
2760844625;24;2016-11-06;3;1175;0;false;98301
2761066583;24;2016-11-06;3;870;0;false;98301
2772227063;24;2016-11-12;1;869;Support;true;1148284
2772158707;24;2016-11-12;1;811;null;false;1148284
2772287243;24;2016-11-12;1;967;Support;true;1148284
2772829758;24;2016-11-12;1;733;null;false;3322300
2772953595;24;2016-11-12;1;841;Support;false;3322300
2772618888;24;2016-11-12;1;1076;Support;false;3334062
2772525976;24;2016-11-12;1;715;null;false;3334062
2784267527;24;2016-11-17;3;1067;Support;true;3444630
2784126560;24;2016-11-17;3;1026;null;true;3444630
