2408450860;67;2016-06-02;3;715;2;false
2408519318;67;2016-06-03;3;1488;2;true
2408583664;67;2016-06-03;3;1704;2;true
2457717691;67;2016-06-24;1;1547;2;true
2457641146;67;2016-06-24;1;1427;2;true
2459673425;67;2016-06-25;1;841;2;true
2473102611;67;2016-07-01;3;1241;2;true
2473057170;67;2016-07-01;3;741;2;true
2482319583;67;2016-07-04;3;1635;2;true
2482380261;67;2016-07-04;3;1058;2;false
2486821284;67;2016-07-06;3;981;2;false
2489150384;67;2016-07-08;3;707;2;false
2511160630;67;2016-07-17;3;1793;2;true
2511116836;67;2016-07-17;3;821;2;true
2519797903;67;2016-07-22;3;1327;2;false
2519721164;67;2016-07-22;3;455;2;false
2519656393;67;2016-07-22;3;1438;2;true
2611401482;67;2016-08-30;3;1101;2;false
2611491997;67;2016-08-31;3;1503;4;false
2611458034;67;2016-08-30;3;581;2;false
2656390711;67;2016-09-20;2;1092;2;false
2662179216;67;2016-09-22;2;732;1;false
2664559224;67;2016-09-24;2;1101;1;true
2664607109;67;2016-09-24;2;1241;1;true
2675568667;67;2016-09-28;2;1067;1;true
2725532988;1061269;2016-10-21;1;1103;1;true
2725650073;1061269;2016-10-21;1;1249;1;true
2725281449;1061269;2016-10-21;1;1515;1;true
2730230807;1061269;2016-10-23;1;986;1;true
2730074088;1061269;2016-10-23;1;1012;1;true
2730533456;1061269;2016-10-23;1;1601;1;false
2730432722;1061269;2016-10-23;1;1041;1;true
2730623327;1061269;2016-10-23;1;811;4;false
2738496608;1061269;2016-10-27;1;920;1;false
2738755806;1061269;2016-10-27;1;1103;1;false
2738863031;1061269;2016-10-28;1;928;1;false
2740880429;1061269;2016-10-28;1;1193;1;true
2741016896;1061269;2016-10-28;1;2654;4;false
2740663777;1061269;2016-10-28;1;1004;1;false
2741056485;1061269;2016-10-29;1;895;1;false
