2410461958;2621843;2016-06-03;3;1553;3;true;2831888
2438211781;2621843;2016-06-15;2;912;4;false;2789717
2438347973;2621843;2016-06-15;2;1265;4;true;2789717
2440508612;2621843;2016-06-16;3;1075;4;true;2538753
2450013945;2621843;2016-06-20;2;1472;3;true;2790766
2450233710;2621843;2016-06-20;2;889;3;false;2790766
2458949931;2621843;2016-06-24;1;1312;3;true;2537636
2515339437;55;2016-07-19;2;723;3;false;46
2515170516;55;2016-07-19;2;1630;4;true;46
2515261660;55;2016-07-19;2;994;3;false;46
2749782496;3411871;2016-11-01;3;1385;0;true;2850016
2749940898;3411871;2016-11-01;3;769;0;false;2850016
2750037058;3411871;2016-11-01;3;1516;0;true;2850016
2752002289;3411871;2016-11-02;3;792;0;false;1964407
2751851114;3411871;2016-11-02;3;1930;0;false;1964407
