2408631374;1838315;2016-06-03;1;729;2;false;36
2409398145;1838315;2016-06-03;1;986;2;false;1836806
2409258294;1838315;2016-06-03;1;1213;2;true;1836806
2409157187;1838315;2016-06-03;1;742;2;false;1836806
2408704984;1838315;2016-06-03;1;1066;3;false;36
2419483371;1838315;2016-06-07;1;678;2;false;46
2461514781;1838315;2016-06-25;1;1491;1;true;2642171
2460578558;1838315;2016-06-25;1;1214;1;true;111474
2461190427;1838315;2016-06-25;1;1036;1;true;2006913
2460402876;1838315;2016-06-25;1;1009;1;true;55
2460871765;1838315;2016-06-25;1;789;2;false;1883502
2463855212;1838315;2016-06-26;1;898;2;true;46
2464317937;1838315;2016-06-26;1;1052;1;true;2538753
2464172585;1838315;2016-06-26;1;1285;2;true;2783913
2462991375;1838315;2016-06-26;1;1297;1;false;2538753
2463351043;1838315;2016-06-26;1;963;1;false;2783913
2519876015;1838315;2016-07-22;1;1096;2;true;3
2519945146;1838315;2016-07-22;1;1016;1;true;3
2522078549;1838315;2016-07-23;1;966;1;true;2512249
2521988223;1838315;2016-07-23;1;724;1;false;2512249
2524350186;1838315;2016-07-24;1;1022;1;true;36
2524289078;1838315;2016-07-24;1;1135;1;true;36
2526571661;1838315;2016-07-24;1;1680;2;true;36
2526630868;1838315;2016-07-25;1;805;1;false;36
2526692434;1838315;2016-07-25;1;1276;1;false;36
2526759078;1838315;2016-07-25;1;634;1;false;36
2547405264;1838315;2016-08-04;1;1073;1;true;2777247
2547545013;1838315;2016-08-04;1;1141;2;true;1148284
2547598732;1838315;2016-08-04;1;586;1;false;1148284
2547448984;1838315;2016-08-04;1;1630;1;true;2777247
2549313529;1838315;2016-08-04;1;865;1;false;4
2549658092;1838315;2016-08-05;1;1335;2;false;2512249
2549424687;1838315;2016-08-05;1;955;2;false;350190
2549589275;1838315;2016-08-05;1;549;2;false;2512249
2549509878;1838315;2016-08-05;1;832;1;false;350190
2551419679;1838315;2016-08-05;1;755;1;false;1375614
2551353251;1838315;2016-08-05;1;828;2;false;1375614
2551542809;1838315;2016-08-06;1;1011;2;true;2163
2551633824;1838315;2016-08-06;1;1319;2;true;2163
2558387942;1838315;2016-08-09;1;987;1;false;15
2674644594;39;2016-09-28;1;1236;2;true;2586976
2674045536;39;2016-09-28;1;1097;2;true;726228
2674540208;39;2016-09-28;1;977;4;true;2586976
2674123837;39;2016-09-28;1;1076;2;true;726228
2674424505;39;2016-09-28;1;1022;2;false;2586976
2673965642;39;2016-09-28;1;845;2;false;726228
2678250134;39;2016-09-30;1;1015;2;true;1838315
2678164166;39;2016-09-30;1;688;1;false;1838315
2678048298;39;2016-09-30;1;1455;2;true;1838315
2680540231;39;2016-10-01;1;815;2;false;1375614
2680673019;39;2016-10-01;1;836;2;false;1375614
2682879623;39;2016-10-02;1;675;2;false;2586976
2682989099;39;2016-10-02;1;1283;2;true;2586976
2683682946;39;2016-10-02;1;941;2;false;1375614
2683495393;39;2016-10-02;1;1060;2;true;1375614
2682745535;39;2016-10-02;1;1020;2;true;2586976
2683309223;39;2016-10-02;1;1180;2;true;1375614
2683864078;39;2016-10-02;1;1276;2;true;1375614
2749973259;39;2016-11-01;3;1193;0;true;3
2750044073;39;2016-11-01;3;1598;0;true;3
2752288404;39;2016-11-02;1;1156;0;true;3
2752216887;39;2016-11-02;1;1068;0;false;3
2752323730;39;2016-11-02;1;1560;0;true;3
2756113153;39;2016-11-04;3;1652;0;false;3214108
2756349405;39;2016-11-04;3;1629;0;true;3214108
2754255029;39;2016-11-04;1;933;0;true;3214108
2754297176;39;2016-11-04;1;628;0;false;3214108
2754333572;39;2016-11-04;1;1077;0;true;3214108
2761620508;39;2016-11-06;3;1370;null;true;2586976
2761684165;39;2016-11-06;3;1082;Core;true;2586976
2763657161;39;2016-11-07;1;1438;null;false;3214108
2763727812;39;2016-11-07;1;1252;null;true;3214108
2763784293;39;2016-11-08;1;1053;Core;true;3214108
2771818655;39;2016-11-11;2;925;Core;true;111474
2772035803;39;2016-11-12;2;1707;null;false;4
2774602176;39;2016-11-12;2;662;Core;false;3214108
2773873863;39;2016-11-12;2;1037;null;true;2642171
2785280169;39;2016-11-17;1;559;null;false;3326875
2785210504;39;2016-11-17;1;1129;Core;true;3326875
2785327828;39;2016-11-17;1;1339;null;true;3326875
2785402676;39;2016-11-18;1;607;Core;false;2586976
2785448115;39;2016-11-18;1;992;null;false;2586976
