2405630794;2552670;2016-06-01;3;1040;2;false;59
2405526656;2552670;2016-06-01;3;774;2;false;59
2405896081;2552670;2016-06-01;3;824;2;false;2762745
2406005390;2552670;2016-06-01;3;772;2;false;2762745
2408217778;2552670;2016-06-02;3;937;2;true;55
2408139337;2552670;2016-06-02;3;936;2;true;55
2412622303;2552670;2016-06-04;3;781;2;false;2790766
2412797277;2552670;2016-06-04;3;938;2;false;2790766
2415461299;2552670;2016-06-05;3;1064;2;false;2790766
2415350631;2552670;2016-06-05;3;1135;2;true;2790766
2415540518;2552670;2016-06-05;3;1473;2;true;2790766
2424579230;2552670;2016-06-09;3;917;2;false;2789717
2424486649;2552670;2016-06-09;3;827;2;false;2789717
2438649653;2552670;2016-06-15;3;897;2;false;2537636
2472535656;2552670;2016-06-30;3;881;2;false;2831964
2486615848;2552670;2016-07-06;3;931;2;true;2788336
2486503887;2552670;2016-07-06;3;1582;2;true;2788336
2488487862;2552670;2016-07-07;3;1268;2;true;2413318
2488762719;2552670;2016-07-07;3;1221;1;false;2413318
2497962472;2552670;2016-07-11;3;1083;2;true;2831964
2498049507;2552670;2016-07-11;3;1001;2;true;2831964
2500053716;2552670;2016-07-12;3;1140;2;true;2901438
2500134528;2552670;2016-07-12;3;1205;2;true;2901438
2512999219;2552670;2016-07-18;3;1056;2;true;1964407
2512869691;2552670;2016-07-18;3;1218;2;true;1964407
2521452337;2552670;2016-07-22;3;1268;2;true;2537636
2521556894;2552670;2016-07-22;3;1272;2;true;2537636
2521342948;2552670;2016-07-22;3;686;2;false;2537636
2528359506;2552670;2016-07-25;3;741;2;false;2759317
2528436359;2552670;2016-07-25;3;1049;2;false;2759317
2578716868;2552670;2016-08-17;3;1380;2;false;2578382
2578590101;2552670;2016-08-17;3;908;2;false;2578382
2585308495;2552670;2016-08-20;3;948;2;true;2537636
2590859207;2552670;2016-08-22;3;1197;2;true;2578382
2595834652;2552670;2016-08-24;3;1176;2;true;2537636
2596033928;2552670;2016-08-24;3;1596;2;true;2842794
2598335261;2552670;2016-08-25;3;915;2;false;2533075
2598175115;2552670;2016-08-25;3;1608;2;true;2533075
2597982489;2552670;2016-08-25;3;1384;2;true;2413318
2598432678;2552670;2016-08-25;3;1363;2;true;2533075
2608197760;2552670;2016-08-29;3;1891;2;true;2790766
2608414821;2552670;2016-08-29;3;1252;2;true;2790766
2617230473;2552670;2016-09-02;3;1019;2;false;59
2617416275;2552670;2016-09-02;3;2194;2;true;59
2617677272;2552670;2016-09-02;3;1556;2;true;59
2617566978;2552670;2016-09-02;3;1253;2;true;59
2632946372;2552670;2016-09-09;3;1615;2;true;55
2632859902;2552670;2016-09-09;3;1013;2;false;55
2632767165;2552670;2016-09-09;3;957;2;true;55
2637917322;2552670;2016-09-11;3;1031;2;false;59
2638022277;2552670;2016-09-11;3;1036;2;false;59
2662107100;2552670;2016-09-22;1;1395;2;true;2538753
2661977503;2552670;2016-09-22;1;1383;2;false;2538753
2661885609;2552670;2016-09-22;1;1222;2;true;1883502
2661785371;2552670;2016-09-22;1;1114;2;false;1883502
2663851844;2552670;2016-09-23;3;660;2;false;2533075
2663696428;2552670;2016-09-23;3;854;2;false;2533075
2664338380;2552670;2016-09-23;3;1434;2;true;2533075
2664235177;2552670;2016-09-23;3;1166;2;true;2533075
2664133836;2552670;2016-09-23;3;717;2;false;2533075
2666268005;2552670;2016-09-24;1;727;2;false;2538753
2666539352;2552670;2016-09-24;1;946;2;false;1883502
2675028838;2552670;2016-09-28;2;923;1;true;2783913
2675287268;2552670;2016-09-28;3;756;2;false;2533075
2675150359;2552670;2016-09-28;2;950;2;true;2783913
2674850752;2552670;2016-09-28;2;947;2;false;2783913
2677097398;2552670;2016-09-29;3;670;2;false;2537636
2677192630;2552670;2016-09-29;3;972;2;true;2537636
2677281063;2552670;2016-09-29;3;1071;2;true;2537636
2679668417;2552670;2016-09-30;3;1296;2;true;3332295
2679393976;2552670;2016-09-30;3;1072;2;true;3332295
2679573209;2552670;2016-09-30;3;806;2;false;3332295
2705906457;2552670;2016-10-12;1;1180;2;true;2538753
2706086605;2552670;2016-10-12;1;903;1;false;2538753
2706004596;2552670;2016-10-12;1;1466;2;false;2538753
2712797760;2552670;2016-10-15;3;1157;2;false;3332295
2712697587;2552670;2016-10-15;3;1287;2;true;3332295
2712347649;2552670;2016-10-15;3;1001;2;false;3381675
2712559726;2552670;2016-10-15;3;1126;2;true;3381675
2721046064;2552670;2016-10-19;3;1270;1;true;59
2720857009;2552670;2016-10-19;3;1579;2;true;59
2725437104;2552670;2016-10-21;3;708;1;false;2533075
2725520520;2552670;2016-10-21;3;1439;2;true;2533075
2725237849;2552670;2016-10-21;3;1276;2;true;2533075
2738747491;2552670;2016-10-27;1;1093;2;false;2537636
2738348820;2552670;2016-10-27;1;1079;2;false;2672298
2738608159;2552670;2016-10-27;1;870;2;false;2701329
2738812191;2552670;2016-10-28;1;1017;2;true;3214108
2741016896;2552670;2016-10-28;1;1666;3;true;1061269
2740485757;2552670;2016-10-28;1;1134;2;false;3
2740778557;2552670;2016-10-28;1;816;2;false;2677025
2754001919;2552670;2016-11-03;1;1006;0;false;2586976
2767226637;2552670;2016-11-09;3;839;null;false;55
2767325164;2552670;2016-11-09;3;933;null;false;55
2769313950;2552670;2016-11-10;3;1178;null;false;2538753
2769208948;2552670;2016-11-10;3;2448;Core;true;2538753
2778773139;2552670;2016-11-14;3;1267;null;true;3332295
2778657378;2552670;2016-11-14;3;1048;Core;true;3332295
2785190477;2552670;2016-11-17;3;1176;Core;true;46
2785248829;2552670;2016-11-17;3;1077;null;false;46
2785121619;2552670;2016-11-17;3;866;Core;false;46
