2442994449;2006913;2016-06-17;1;778;2;false;111474
2443155396;2006913;2016-06-17;1;1005;4;true;111474
2442244100;2006913;2016-06-17;1;1019;4;true;2163
2443279779;2006913;2016-06-17;1;958;2;true;111474
2442113000;2006913;2016-06-17;1;960;4;false;2163
2442004818;2006913;2016-06-17;1;1277;4;true;2163
2447821556;2006913;2016-06-19;1;751;4;false;36
2447601447;2006913;2016-06-19;1;815;4;false;36
2460843202;2006913;2016-06-25;1;754;4;true;46
2460552348;2006913;2016-06-25;1;799;4;false;2790766
2461190427;2006913;2016-06-25;1;872;4;false;1838315
2461476971;2006913;2016-06-25;1;674;4;false;1883502
2461014758;2006913;2016-06-25;1;1033;4;true;55
2463866292;2006913;2016-06-26;1;1083;4;true;2783913
2462821757;2006913;2016-06-26;1;768;4;false;111474
2463564353;2006913;2016-06-26;1;1102;4;true;2538753
2463232208;2006913;2016-06-26;1;875;4;false;2642171
2482030715;2006913;2016-07-04;2;1117;4;true;2642171
2482142961;2006913;2016-07-04;2;835;4;true;2642171
2497932825;2006913;2016-07-11;2;745;4;false;111474
2498036690;2006913;2016-07-11;2;900;4;false;111474
2512752334;2538753;2016-07-18;3;1122;4;true;55
2512635763;2538753;2016-07-18;3;903;4;true;55
2514770548;2006913;2016-07-19;2;972;2;false;2783913
2514886654;2006913;2016-07-19;2;833;3;true;2783913
2515021916;2006913;2016-07-19;2;1251;4;true;2783913
2519003016;2538753;2016-07-21;3;1028;4;false;2533075
2518864618;2538753;2016-07-21;3;1087;2;false;2533075
2525936759;2006913;2016-07-24;2;1112;2;true;55
2525810868;2006913;2016-07-24;2;1392;4;true;55
2528069381;2006913;2016-07-25;2;1055;4;true;111474
2527926557;2006913;2016-07-25;2;1153;4;true;111474
2529648536;2538753;2016-07-26;2;1726;4;true;2849265
2529744998;2538753;2016-07-26;2;1282;4;true;2849265
2530479268;2006913;2016-07-26;2;1196;2;false;46
2530576649;2006913;2016-07-26;2;694;4;false;46
2532151432;2538753;2016-07-27;2;1032;4;true;2759317
2532327086;2538753;2016-07-27;2;1099;2;true;2759317
2595724093;2006913;2016-08-24;2;830;4;true;111474
2595911558;2006913;2016-08-24;2;1185;4;true;111474
2601070611;2006913;2016-08-26;2;879;2;false;59
2600989416;2006913;2016-08-26;2;979;3;false;59
2608464942;2006913;2016-08-29;2;1032;4;true;46
2608546737;2006913;2016-08-29;2;909;4;true;46
2613020700;2006913;2016-08-31;2;738;4;false;2783913
2613155285;2006913;2016-08-31;2;958;4;true;2783913
2613508430;2006913;2016-08-31;2;871;4;true;2783913
2613382574;2006913;2016-08-31;2;1002;4;true;2783913
2613291660;2006913;2016-08-31;2;855;4;false;2783913
2615275949;2006913;2016-09-01;2;606;3;false;59
2615138939;2006913;2016-09-01;2;1143;4;true;59
2615493185;2006913;2016-09-01;2;1008;4;true;59
2615378496;2006913;2016-09-01;2;968;4;false;59
2615577441;2006913;2016-09-01;2;826;4;false;59
2670566662;2006913;2016-09-26;1;1198;4;false;2537636
2670723455;2006913;2016-09-26;1;854;4;false;2537636
2703616243;2006913;2016-10-11;1;1020;4;true;46
2703494497;2006913;2016-10-11;1;772;4;false;46
2703697249;2006913;2016-10-11;1;773;4;true;46
2705730909;2006913;2016-10-12;1;742;4;false;2783913
2706026434;2006913;2016-10-12;1;885;2;false;1883502
2706112060;2006913;2016-10-12;1;1282;4;true;1883502
2710045006;2006913;2016-10-14;1;1257;4;true;2538753
2710256267;2006913;2016-10-14;1;914;4;false;3332295
2709731113;2006913;2016-10-14;1;893;4;false;2538753
2710191376;2006913;2016-10-14;1;593;4;false;3332295
2709915195;2006913;2016-10-14;1;967;4;true;2538753
2712507877;2006913;2016-10-15;1;928;3;false;1883502
2712341613;2006913;2016-10-15;1;996;4;false;1883502
2717268342;2006913;2016-10-17;1;916;4;true;46
2708121940;2006913;2016-10-13;1;683;4;false;2163
2707859015;2006913;2016-10-13;1;1305;3;true;3214108
2708009312;2006913;2016-10-13;1;1141;4;true;2163
2707751660;2006913;2016-10-13;1;855;4;false;3214108
2717347882;2006913;2016-10-17;1;1034;4;false;46
2717415283;2006913;2016-10-17;1;532;4;false;46
2736296946;2006913;2016-10-26;1;866;2;false;111474
2736399954;2006913;2016-10-26;1;1070;4;true;111474
2737524381;2006913;2016-10-27;1;1156;4;true;2783913
2737621578;2006913;2016-10-27;1;775;4;false;2538753
2738058122;2006913;2016-10-27;1;968;4;true;36
2738595659;2006913;2016-10-27;1;807;4;false;1883502
2738454486;2006913;2016-10-27;1;675;4;false;1838315
2739526620;2006913;2016-10-28;1;717;4;false;2163
2739632750;2006913;2016-10-28;1;1162;2;true;111474
2739907255;2006913;2016-10-28;1;980;4;true;2642171
2740681929;2006913;2016-10-28;1;998;3;true;2533075
2749847551;2006913;2016-11-01;1;1303;0;false;2538753
2749721703;2006913;2016-11-01;1;961;0;false;2538753
2749571296;2006913;2016-11-01;1;1301;0;true;2538753
2753763169;2006913;2016-11-03;1;1221;0;true;2642171
2753887338;2006913;2016-11-03;1;997;0;false;2642171
2763507065;2006913;2016-11-07;2;878;Core;false;3266312
2765691614;2006913;2016-11-08;1;921;null;false;2533075
2765606807;2006913;2016-11-08;1;1367;null;false;2533075
