2407996315;2790766;2016-06-02;3;1117;1;true;55
2407750564;2790766;2016-06-02;3;1081;2;true;55
2412622303;2790766;2016-06-04;3;1033;1;true;2552670
2412797277;2790766;2016-06-04;3;956;1;true;2552670
2415461299;2790766;2016-06-05;3;1078;2;true;2552670
2415350631;2790766;2016-06-05;3;785;1;false;2552670
2415097881;2790766;2016-06-05;3;918;2;false;59
2414962996;2790766;2016-06-05;3;906;1;false;59
2415540518;2790766;2016-06-05;3;771;2;false;2552670
2434345142;2790766;2016-06-13;3;1053;2;true;2759317
2434251918;2790766;2016-06-13;3;1321;4;true;2759317
2440469434;2790766;2016-06-16;2;895;1;false;2789717
2440967769;2790766;2016-06-16;3;1318;3;false;2788336
2441055078;2790766;2016-06-16;3;1027;1;false;2788336
2440849412;2790766;2016-06-16;3;1539;1;true;2788336
2442683776;2790766;2016-06-17;3;1122;1;true;2537636
2450013945;2790766;2016-06-20;2;1124;1;false;2621843
2450233710;2790766;2016-06-20;2;1223;1;true;2621843
2452793026;2790766;2016-06-21;2;772;1;false;2783913
2452882116;2790766;2016-06-21;2;637;1;false;2903794
2460737408;2790766;2016-06-25;1;784;1;false;2642171
2460552348;2790766;2016-06-25;1;1009;1;true;2006913
2461220252;2790766;2016-06-25;1;770;1;false;2783913
2461377243;2790766;2016-06-25;1;724;1;false;111474
2461015742;2790766;2016-06-25;1;764;1;false;2538753
2463147675;2790766;2016-06-26;1;1088;1;false;55
2463859768;2790766;2016-06-26;1;1356;1;true;1883502
2462822944;2790766;2016-06-26;1;878;1;false;46
2470450728;2790766;2016-06-29;3;1151;1;true;2788336
2474912312;2790766;2016-07-01;3;1085;1;false;55
2474391790;2790766;2016-07-01;3;1136;1;true;2246141
2474599501;2790766;2016-07-01;3;1060;1;true;2246141
2474798842;2790766;2016-07-01;3;902;1;false;55
2479384100;2790766;2016-07-03;3;1010;2;false;2789717
2479537399;2790766;2016-07-03;3;675;1;false;2789717
2481740292;2790766;2016-07-04;2;960;1;false;111474
2481604075;2790766;2016-07-04;2;1239;1;false;111474
2486469932;55;2016-07-06;3;763;1;false;2789717
2488753749;2790766;2016-07-07;2;690;1;false;2642171
2488684011;2790766;2016-07-07;2;685;1;false;2642171
2497715367;2790766;2016-07-11;3;603;1;false;2533075
2497555157;2790766;2016-07-11;3;1029;1;false;2533075
2499697566;2790766;2016-07-12;3;868;1;false;2246141
2499847091;2790766;2016-07-12;3;1367;1;true;2246141
2499966236;2790766;2016-07-12;3;738;1;false;2246141
2510880321;1964407;2016-07-17;3;1205;2;true;2856589
2510708924;1964407;2016-07-17;3;871;4;false;2856589
2510984142;1964407;2016-07-17;3;1098;1;true;2856589
2513157515;2790766;2016-07-18;3;1205;1;true;2413318
2513053122;2790766;2016-07-18;3;1190;1;true;2413318
2530403998;2790766;2016-07-26;2;989;1;true;55
2530284678;2790766;2016-07-26;2;958;1;true;55
2530154239;2790766;2016-07-26;2;1069;4;false;55
2532639921;2790766;2016-07-27;2;1040;1;false;2642171
2532548100;2790766;2016-07-27;2;941;1;false;2642171
2532467081;2790766;2016-07-27;2;1275;1;true;2642171
2536261080;2790766;2016-07-29;3;1087;1;false;2246141
2536107888;2790766;2016-07-29;3;1425;1;true;2246141
2536498621;2790766;2016-07-29;2;611;1;false;2842794
2536426800;2790766;2016-07-29;2;931;1;true;2842794
2536559265;2790766;2016-07-29;2;694;2;false;2842794
2535960870;2790766;2016-07-29;3;809;1;false;2246141
2573926684;2790766;2016-08-15;3;962;1;true;2699723
2574012035;2790766;2016-08-15;3;1022;1;true;2699723
2591226843;2790766;2016-08-22;3;895;1;true;55
2591381241;2790766;2016-08-22;3;889;1;false;55
2591481065;2790766;2016-08-22;3;924;1;true;55
2593615941;2790766;2016-08-23;3;1277;1;true;2413318
2593726467;2790766;2016-08-23;3;1488;1;true;2413318
2598577500;2790766;2016-08-25;3;730;1;false;59
2598441804;2790766;2016-08-25;3;764;1;false;59
2608197760;2790766;2016-08-29;3;857;1;false;2552670
2608414821;2790766;2016-08-29;3;873;1;false;2552670
2615246016;2790766;2016-09-01;3;1351;1;false;55
2615394486;2790766;2016-09-01;3;831;1;false;55
2617678095;2790766;2016-09-02;3;786;2;false;2533075
2617586467;2790766;2016-09-02;3;717;1;false;2533075
2661689012;2790766;2016-09-22;1;610;2;false;2783913
2671409178;2790766;2016-09-26;2;968;1;true;2538753
2675384369;2790766;2016-09-28;2;1143;1;true;3330347
2675444196;2790766;2016-09-28;2;1333;1;true;3330347
2709586711;2790766;2016-10-14;2;1741;1;true;3332295
2710035960;2790766;2016-10-14;2;1411;1;true;3332295
2709755448;2790766;2016-10-14;2;857;1;false;3332295
2709885980;2790766;2016-10-14;2;1370;1;true;3332295
2712275274;2790766;2016-10-15;3;1077;1;false;3332295
2712419419;2790766;2016-10-15;3;1249;1;false;3332295
2715301084;2790766;2016-10-16;3;1588;1;true;3334062
2721119493;2790766;2016-10-19;1;979;1;false;2163
2721005610;2790766;2016-10-19;1;1162;1;false;2163
2720732352;2790766;2016-10-19;3;967;1;false;2538753
2723373532;2790766;2016-10-20;1;1315;1;true;2642171
2723307851;2790766;2016-10-20;1;647;1;false;2642171
2723454781;2790766;2016-10-20;1;1177;1;true;2642171
2728188375;2790766;2016-10-22;1;925;1;false;1838315
2728261141;2790766;2016-10-22;1;1230;1;false;1838315
2727672233;2790766;2016-10-22;1;885;1;false;2163
2727977540;2790766;2016-10-22;1;1120;1;true;1838315
2727505966;2790766;2016-10-22;1;1608;1;true;2163
2727813625;2790766;2016-10-22;1;1190;1;true;2163
2728066629;2790766;2016-10-22;1;981;1;false;1838315
2734791453;2790766;2016-10-25;1;1187;1;true;2548365
2767607034;2790766;2016-11-09;2;1121;null;true;46
2767530416;2790766;2016-11-09;2;1278;Core;false;46
2767678900;2790766;2016-11-09;2;1240;Core;true;46
2774023686;2790766;2016-11-12;3;869;null;false;2537636
2773879272;2790766;2016-11-12;3;1239;Core;false;2537636
2776261661;2790766;2016-11-13;3;1625;Core;true;3332295
2778831103;2790766;2016-11-14;2;1782;Core;true;3508243
2778737518;2790766;2016-11-14;2;1981;null;true;3508243
