2475522442;2527544;2016-07-02;3;1030;3;false;2788413
2475610334;2527544;2016-07-02;3;1111;3;true;2788413
2484657856;2527544;2016-07-05;3;775;3;false;2677025
2484568995;2527544;2016-07-05;3;978;3;true;2677025
2484835754;2527544;2016-07-06;3;1062;3;true;1633432
2484900789;2527544;2016-07-06;3;786;3;false;1633432
2491254387;2527544;2016-07-08;3;610;3;false;1884355
2491306258;2527544;2016-07-08;3;709;3;false;1884355
2511160630;2527544;2016-07-17;3;718;3;false;67
2511116836;2527544;2016-07-17;3;669;3;false;67
2638511776;2527544;2016-09-12;3;1029;3;false;2600882
2638454276;2527544;2016-09-12;3;1426;4;false;2600882
2646992800;3321220;2016-09-16;3;1205;3;true;1199060
2647059880;2527544;2016-09-16;3;1349;3;true;1199060
2658261184;3321220;2016-09-21;3;811;3;false;2728038
2658298652;3321220;2016-09-21;3;1226;3;false;2728038
2728148271;3321220;2016-10-22;1;824;3;true;3414796
2727828902;3321220;2016-10-22;1;1078;3;true;2788415
2727976981;3321220;2016-10-22;1;1499;3;false;147
2727428126;3321220;2016-10-22;1;909;4;false;2672298
2728228878;3321220;2016-10-22;1;883;3;true;3414796
2729678939;3321220;2016-10-23;1;1335;3;true;2672298
2729801094;3321220;2016-10-23;1;1177;4;false;2672298
2729539874;3321220;2016-10-23;1;1019;3;false;2672298
2730685415;3321220;2016-10-23;1;1347;3;true;2859105
2730792638;3321220;2016-10-23;1;851;3;false;2859105
2730739136;3321220;2016-10-23;1;1192;3;false;2859105
2767754717;3321220;2016-11-09;3;681;null;false;3333433
2769692760;3321220;2016-11-10;3;1014;Support;false;3477208
2769635401;3321220;2016-11-10;3;711;null;false;3477208
2767784570;3321220;2016-11-10;3;681;Support;false;3333433
2781111393;3321220;2016-11-15;3;949;Support;false;3334608
2781178428;3321220;2016-11-15;3;950;null;false;3334608
2783157556;3321220;2016-11-16;3;487;null;false;2677025
2783195690;3321220;2016-11-16;3;1020;Support;false;2677025
