2408612651;1375614;2016-06-03;1;1295;4;true;3
2408737158;1375614;2016-06-03;1;1070;4;true;2586976
2408813096;1375614;2016-06-03;1;1002;4;true;2586976
2408659554;1375614;2016-06-03;1;1260;4;true;3
2420586461;1375614;2016-06-08;1;801;2;false;2512249
2420649625;1375614;2016-06-08;1;601;3;true;2512249
2420526669;1375614;2016-06-08;1;1062;2;true;2512249
2423773495;1375614;2016-06-09;1;963;2;true;350190
2423662664;1375614;2016-06-09;1;1101;2;true;350190
2428159350;1375614;2016-06-11;1;497;4;false;2586976
2427950507;1375614;2016-06-11;1;1112;4;true;2586976
2428046296;1375614;2016-06-11;1;534;4;false;2586976
2430271395;1375614;2016-06-12;1;726;2;false;2163
2430120102;1375614;2016-06-12;1;963;3;true;2163
2430186583;1375614;2016-06-12;1;1263;2;false;2163
2440072760;1375614;2016-06-16;1;559;4;false;2643401
2440169486;1375614;2016-06-16;1;528;1;false;2643401
2444713784;1375614;2016-06-18;1;1355;2;true;2626685
2444519922;1375614;2016-06-18;1;1122;2;true;2626685
2446884480;1375614;2016-06-19;1;936;2;true;2552118
2446794937;1375614;2016-06-19;1;1438;4;true;2552118
2442339414;1375614;2016-06-17;1;875;4;false;1951061
2442194191;1375614;2016-06-17;1;926;4;true;4
2442433381;1375614;2016-06-17;1;862;4;false;1951061
2442073165;1375614;2016-06-17;1;930;4;false;4
2447530129;1375614;2016-06-19;1;751;3;false;2635099
2447397655;1375614;2016-06-19;1;1099;4;false;2635099
2449505661;1375614;2016-06-20;2;742;2;false;726228
2449099273;1375614;2016-06-20;2;413;3;false;20
2449176594;1375614;2016-06-20;2;741;3;true;20
2449626045;1375614;2016-06-20;2;1080;4;true;726228
2454125403;1375614;2016-06-22;1;728;4;true;726228
2454216255;1375614;2016-06-22;1;794;3;true;726228
2471596465;1375614;2016-06-30;2;1075;4;true;2777247
2471515754;1375614;2016-06-30;2;946;4;false;2777247
2475704203;1375614;2016-07-02;1;1238;4;true;1951061
2475623174;1375614;2016-07-02;1;884;3;true;1951061
2478656233;1375614;2016-07-03;1;1150;4;false;5
2478862924;1375614;2016-07-03;1;1039;4;false;5
2487704143;1375614;2016-07-07;1;758;4;true;15
2487279084;1375614;2016-07-07;1;1254;4;true;2777247
2487117716;1375614;2016-07-07;1;1003;2;true;2777247
2487807177;1375614;2016-07-07;1;961;4;true;15
2490113541;1375614;2016-07-08;1;767;4;false;1836806
2489840815;1375614;2016-07-08;1;640;4;false;1836806
2489929269;1375614;2016-07-08;1;933;3;true;1836806
2494438298;1375614;2016-07-10;1;785;4;false;1836806
2494588246;1375614;2016-07-10;1;598;3;false;1836806
2494116647;1375614;2016-07-10;1;1144;2;true;15
2494920249;1375614;2016-07-10;1;686;4;true;1836806
2494287314;1375614;2016-07-10;1;841;4;true;1836806
2494743001;1375614;2016-07-10;1;1223;2;true;1836806
2494010365;1375614;2016-07-10;1;867;4;true;15
2499228298;1375614;2016-07-12;1;1368;1;true;1520578
2499168365;1375614;2016-07-12;1;901;4;true;1520578
2498763401;1375614;2016-07-12;1;1150;1;true;2414095
2498708290;1375614;2016-07-12;1;1155;4;true;2414095
2501237169;1375614;2016-07-13;1;1756;2;true;20
2501563722;1375614;2016-07-13;1;1182;4;true;2414475
2501294293;1375614;2016-07-13;1;1095;4;true;20
2500816344;1375614;2016-07-13;1;1125;2;true;2640025
2500881491;1375614;2016-07-13;1;1161;1;true;2640025
2501442165;1375614;2016-07-13;1;969;4;true;2414475
2503213342;1375614;2016-07-14;1;1003;3;true;726228
2503365698;1375614;2016-07-14;1;1095;3;true;1983234
2502908087;1375614;2016-07-14;2;1201;4;true;2635099
2502830849;1375614;2016-07-14;2;1062;1;true;2635099
2503091835;1375614;2016-07-14;1;548;3;false;726228
2503428644;1375614;2016-07-14;1;1317;4;true;1983234
2547411769;1375614;2016-08-04;1;502;2;false;2163
2547532940;1375614;2016-08-04;1;928;4;true;2777247
2547459841;1375614;2016-08-04;1;945;1;true;2163
2547614737;1375614;2016-08-04;1;1044;4;true;2777247
2549304968;1375614;2016-08-04;1;1183;2;true;350190
2549351943;1375614;2016-08-04;1;1372;2;true;350190
2549567377;1375614;2016-08-05;1;611;4;false;4
2549650330;1375614;2016-08-05;1;545;4;false;4
2551419679;1375614;2016-08-05;1;882;4;true;1838315
2551353251;1375614;2016-08-05;1;759;3;true;1838315
2551529539;1375614;2016-08-06;1;890;4;true;1148284
2551582637;1375614;2016-08-06;1;777;4;false;1148284
2560226228;1375614;2016-08-09;1;860;4;false;39
2560158271;1375614;2016-08-09;1;666;4;false;39
2562303634;1375614;2016-08-10;1;1195;1;true;2163
2562388622;1375614;2016-08-10;1;645;4;false;2163
2562425844;1375614;2016-08-10;1;557;3;false;2163
2656733100;1375614;2016-09-20;1;1070;4;true;5
2656658532;1375614;2016-09-20;1;824;4;true;5
2663040106;1375614;2016-09-23;1;666;4;false;1520578
2665852609;1375614;2016-09-24;1;916;4;false;15
2666056666;1375614;2016-09-24;1;688;4;true;15
2665530146;1375614;2016-09-24;1;830;3;true;20
2665635982;1375614;2016-09-24;1;1077;4;true;20
2667838287;1375614;2016-09-25;2;872;4;false;2640025
2667725054;1375614;2016-09-25;2;696;3;false;2640025
2673815580;1375614;2016-09-28;1;1413;4;true;1838315
2673871205;1375614;2016-09-28;1;654;3;true;1838315
2674314206;1375614;2016-09-28;1;1280;2;true;1148284
2674224152;1375614;2016-09-28;1;1005;4;true;1148284
2673749773;1375614;2016-09-28;1;1167;2;false;1838315
2677941169;1375614;2016-09-30;1;1193;3;true;2586976
2677795728;1375614;2016-09-30;1;739;4;false;2586976
2677868731;1375614;2016-09-30;1;838;4;true;2586976
2680540231;1375614;2016-10-01;1;997;4;true;39
2680673019;1375614;2016-10-01;1;1256;4;true;39
2683682946;1375614;2016-10-02;1;1162;4;true;39
2683495393;1375614;2016-10-02;1;896;4;false;39
2683309223;1375614;2016-10-02;1;846;4;false;39
2683864078;1375614;2016-10-02;1;732;4;false;39
2689794999;1375614;2016-10-05;1;1207;4;true;4
2689323632;1375614;2016-10-05;1;674;4;true;726228
2689694600;1375614;2016-10-05;1;985;4;false;4
2689625324;1375614;2016-10-05;1;1085;3;true;4
2689427827;1375614;2016-10-05;1;1038;3;true;726228
2692062872;1375614;2016-10-06;1;1018;4;false;1520578
2691924619;1375614;2016-10-06;1;1078;4;true;1520578
2692209839;1375614;2016-10-06;1;1139;4;true;1520578
2691362326;1375614;2016-10-06;1;1108;4;true;2626685
2691429903;1375614;2016-10-06;1;1038;4;true;2626685
2693547335;1375614;2016-10-07;1;863;4;false;15
2694301210;1375614;2016-10-07;1;926;4;true;1836806
2693447665;1375614;2016-10-07;1;563;4;false;15
2694152178;1375614;2016-10-07;1;1117;4;false;1836806
2696164591;1375614;2016-10-08;1;1460;4;true;1520578
2696371495;1375614;2016-10-08;1;810;3;true;1520578
2696262763;1375614;2016-10-08;1;655;4;false;1520578
2696605376;1375614;2016-10-08;1;1347;4;true;1520578
2698730571;1375614;2016-10-09;1;1202;4;true;3331948
2698859789;1375614;2016-10-09;1;674;4;true;3331948
2701595482;1375614;2016-10-10;1;792;4;false;15
2701440386;1375614;2016-10-10;1;684;3;false;15
2701256565;1375614;2016-10-10;1;991;3;true;15
2700603982;1375614;2016-10-10;1;1338;3;true;20
2700522662;1375614;2016-10-10;1;800;4;true;20
2702545276;1375614;2016-10-11;1;938;4;true;2640025
2702632119;1375614;2016-10-11;1;1137;2;false;2640025
2702881633;1375614;2016-10-11;1;1303;4;true;4
2702473251;1375614;2016-10-11;1;1434;4;false;2640025
2702986251;1375614;2016-10-11;1;1034;4;true;4
2727022170;1375614;2016-10-22;2;1031;4;true;3326126
2726439589;1375614;2016-10-22;2;1153;4;true;20
2727237969;1375614;2016-10-22;1;989;4;true;3335660
2726305857;1375614;2016-10-22;2;1159;4;true;20
2727145576;1375614;2016-10-22;1;1305;4;true;3335660
2726851753;1375614;2016-10-22;2;1013;4;false;3326126
2729627144;1375614;2016-10-23;2;1175;4;true;1836806
2729503911;1375614;2016-10-23;2;904;4;true;1836806
2731577856;1375614;2016-10-24;2;699;4;false;15
2731482080;1375614;2016-10-24;2;766;3;false;15
2746402998;1375614;2016-10-31;2;1228;0;true;2208748
2746486937;1375614;2016-10-31;2;1093;0;true;2208748
2748579663;1375614;2016-11-01;1;1027;0;true;726228
2748687311;1375614;2016-11-01;1;891;0;true;726228
2750426208;1375614;2016-11-02;1;899;0;true;5
2750526261;1375614;2016-11-02;1;1088;0;true;5
2753112411;1375614;2016-11-03;2;1040;0;true;2854942
2752968437;1375614;2016-11-03;2;1447;0;false;2854942
2752678641;1375614;2016-11-03;1;1433;0;true;5
2754888229;1375614;2016-11-04;2;895;0;true;1520578
2755142817;1375614;2016-11-04;1;1348;0;true;726228
2755262417;1375614;2016-11-04;1;1065;0;true;726228
2755005213;1375614;2016-11-04;2;1004;0;true;1520578
2757656889;1375614;2016-11-05;1;1062;0;true;2640025
2757464552;1375614;2016-11-05;2;1712;0;true;2414095
2757762156;1375614;2016-11-05;1;793;0;false;2640025
2757356922;1375614;2016-11-05;2;1026;0;true;2414095
2759892995;1375614;2016-11-06;1;989;0;true;4
2759802544;1375614;2016-11-06;1;1265;0;true;4
2762494590;1375614;2016-11-07;2;920;Core;true;2860081
2762571220;1375614;2016-11-07;2;1105;Core;true;2860081
2764957549;1375614;2016-11-08;2;1341;Core;true;2626685
2765074449;1375614;2016-11-08;2;860;Core;true;2626685
2766294726;1375614;2016-11-09;2;1423;null;true;3349045
2766357151;1375614;2016-11-09;2;984;Core;true;3349045
2768650646;1375614;2016-11-10;2;1528;Core;true;2833354
2768758122;1375614;2016-11-10;2;1075;Core;true;2833354
2772281193;1375614;2016-11-12;1;652;Core;false;15
2772197042;1375614;2016-11-12;1;837;null;true;15
2772353399;1375614;2016-11-12;1;1066;null;true;15
2776038642;1375614;2016-11-13;1;1257;Core;false;726228
2775440178;1375614;2016-11-13;1;1098;null;true;5
2776154168;1375614;2016-11-13;1;1233;Core;true;726228
2775552970;1375614;2016-11-13;1;1144;Core;false;5
2783779888;1375614;2016-11-17;1;809;null;false;726228
2783665567;1375614;2016-11-17;1;812;Core;true;726228
2783922783;1375614;2016-11-17;1;1117;Core;true;726228
2786442759;1375614;2016-11-18;1;827;Core;true;3331948
2786553478;1375614;2016-11-18;1;1490;null;true;3331948
