2410211227;2538753;2016-06-03;3;740;3;false;2533075
2410312824;2538753;2016-06-03;3;1078;4;false;2533075
2412553018;2538753;2016-06-04;3;1173;3;true;2759317
2412676290;2538753;2016-06-04;3;1281;2;true;2759317
2422315461;2538753;2016-06-08;3;789;3;false;2789717
2422100487;2538753;2016-06-08;3;1076;3;true;2789717
2422212802;2538753;2016-06-08;3;620;3;false;2789717
2433978917;2538753;2016-06-13;3;1496;3;true;2762745
2433864741;2538753;2016-06-13;3;1278;3;true;2762745
2440508612;2538753;2016-06-16;3;994;3;false;2621843
2459046751;2538753;2016-06-24;1;1140;3;true;2246141
2459675261;2538753;2016-06-24;1;1099;3;true;2413318
2459399803;2538753;2016-06-24;1;1662;3;true;2759317
2459216314;2538753;2016-06-24;1;984;3;true;2789717
2459583995;2538753;2016-06-24;1;914;3;true;2759317
2460720900;2538753;2016-06-25;1;685;3;false;2783913
2459741412;2538753;2016-06-25;1;1263;3;true;2413318
2461361885;2538753;2016-06-25;1;1029;3;true;46
2460419598;2538753;2016-06-25;1;873;3;true;111474
2461015742;2538753;2016-06-25;1;1109;3;true;2790766
2463391722;2538753;2016-06-26;1;1014;3;true;1883502
2463706598;2538753;2016-06-26;1;1661;3;true;2642171
2464317937;2538753;2016-06-26;1;806;3;false;1838315
2463564353;2538753;2016-06-26;1;838;3;false;2006913
2462816076;2538753;2016-06-26;1;836;3;false;55
2464043004;2538753;2016-06-26;1;733;3;false;2783913
2462991375;2538753;2016-06-26;1;812;3;true;1838315
2465524303;2538753;2016-06-27;1;555;3;false;2642171
2465954548;2538753;2016-06-27;1;831;3;false;2783913
2465379514;2538753;2016-06-27;1;1093;3;false;2642171
2465741210;2538753;2016-06-27;1;999;3;false;2783913
2465649035;2538753;2016-06-27;1;1150;3;true;2783913
2512752334;2538753;2016-07-18;3;1065;3;true;55
2512635763;2538753;2016-07-18;3;983;3;true;55
2519003016;2538753;2016-07-21;3;783;3;false;2533075
2518864618;2538753;2016-07-21;3;799;3;false;2533075
2529648536;2538753;2016-07-26;2;1395;3;true;2849265
2529744998;2538753;2016-07-26;2;1091;3;true;2849265
2532151432;2538753;2016-07-27;2;1120;3;true;2759317
2532327086;2538753;2016-07-27;2;1090;3;true;2759317
2534163455;2538753;2016-07-28;3;870;3;true;55
2534037418;2538753;2016-07-28;3;909;3;true;55
2578664531;2538753;2016-08-17;3;877;3;false;59
2578754563;2538753;2016-08-17;3;1141;3;true;59
2578295629;2538753;2016-08-17;3;1093;3;true;2246141
2578168668;2538753;2016-08-17;3;1314;3;true;2246141
2578541156;2538753;2016-08-17;3;847;3;true;59
2580859674;2538753;2016-08-18;3;884;3;false;2533075
2580759566;2538753;2016-08-18;3;739;3;false;2533075
2580636916;2538753;2016-08-18;3;868;3;false;2533075
2588317584;2538753;2016-08-21;3;867;3;false;2842794
2593429545;2538753;2016-08-23;2;1429;3;true;2642171
2593273196;2538753;2016-08-23;2;1244;3;true;2642171
2603164562;2538753;2016-08-27;3;985;3;true;55
2606273603;2538753;2016-08-28;2;702;3;false;46
2605749151;2538753;2016-08-28;2;906;3;false;2783913
2605960381;2538753;2016-08-28;2;934;3;false;2783913
2606154219;2538753;2016-08-28;2;919;3;false;46
2617208982;2538753;2016-09-02;3;920;3;false;2850016
2617343599;2538753;2016-09-02;3;1290;3;false;2850016
2626370554;2538753;2016-09-06;3;477;3;true;2842794
2626459274;2538753;2016-09-06;3;1921;3;true;2842794
2644301380;2538753;2016-09-14;3;1282;3;true;55
2644154772;2538753;2016-09-14;3;956;3;false;55
2644420063;2538753;2016-09-14;3;646;3;false;55
2662107100;2538753;2016-09-22;1;1165;4;false;2552670
2661977503;2538753;2016-09-22;1;1263;4;true;2552670
2661576001;2538753;2016-09-22;1;1100;3;false;1883502
2663854398;2538753;2016-09-23;1;1197;3;true;3330347
2663703123;2538753;2016-09-23;1;1221;3;true;3330347
2666268005;2538753;2016-09-24;1;1294;3;true;2552670
2666414264;2538753;2016-09-24;1;912;3;false;1883502
2671409178;2538753;2016-09-26;2;925;3;false;2790766
2691749029;2538753;2016-10-06;1;1144;3;true;2856814
2691465961;2538753;2016-10-06;1;915;3;true;3313149
2694127685;2538753;2016-10-07;1;1143;3;false;3326680
2693998716;2538753;2016-10-07;1;1203;3;true;3333047
2697484544;2538753;2016-10-08;1;427;3;false;3334209
2696864414;2538753;2016-10-08;1;424;3;true;1869482
2697268185;2538753;2016-10-08;1;1258;3;true;3334209
2697388470;2538753;2016-10-08;1;859;3;false;3334209
2696722540;2538753;2016-10-08;1;1428;3;true;1869482
2705906457;2538753;2016-10-12;1;1301;3;false;2552670
2706086605;2538753;2016-10-12;1;1106;3;true;2552670
2706004596;2538753;2016-10-12;1;1388;3;true;2552670
2710045006;2538753;2016-10-14;1;1185;3;false;2006913
2709731113;2538753;2016-10-14;1;1122;3;true;2006913
2709915195;2538753;2016-10-14;1;931;3;false;2006913
2712631211;2538753;2016-10-15;3;1310;3;true;3334062
2712728833;2538753;2016-10-15;3;1187;3;true;3334062
2719214280;2538753;2016-10-18;3;780;3;false;3332295
2719272863;2538753;2016-10-18;3;1323;3;true;3332295
2719345353;2538753;2016-10-18;3;759;3;false;3332295
2720732352;2538753;2016-10-19;3;1652;3;true;2790766
2725122243;2538753;2016-10-21;3;1164;3;true;3335901
2727374655;2538753;2016-10-22;3;818;3;false;2246141
2737426491;2538753;2016-10-27;1;726;3;false;2642171
2737621578;2538753;2016-10-27;1;1133;3;true;2006913
2737326148;2538753;2016-10-27;1;739;3;false;111474
2738512449;2538753;2016-10-27;1;650;3;false;1883502
2739740929;2538753;2016-10-28;1;670;3;false;2533075
2740120432;2538753;2016-10-28;1;669;3;false;36
2740725576;2538753;2016-10-28;1;569;3;false;2163
2740634318;2538753;2016-10-28;1;917;3;false;1838315
2740492401;2538753;2016-10-28;1;1287;3;true;2783913
2749847551;2538753;2016-11-01;1;1040;0;true;2006913
2749721703;2538753;2016-11-01;1;981;0;true;2006913
2749571296;2538753;2016-11-01;1;896;0;false;2006913
2751737021;2538753;2016-11-02;1;956;0;true;2533075
2751970210;2538753;2016-11-02;1;944;0;true;2533075
2751848581;2538753;2016-11-02;1;655;0;false;2533075
2758509542;2538753;2016-11-05;1;742;0;false;2586976
2758662234;2538753;2016-11-05;1;997;0;false;2586976
2763252119;2538753;2016-11-07;2;603;null;false;1964407
2769313950;2538753;2016-11-10;3;1778;Support;true;2552670
2769208948;2538753;2016-11-10;3;741;null;false;2552670
2771661866;2538753;2016-11-11;3;1034;Core;true;3415078
