2442832848;1883502;2016-06-17;1;1102;1;false;3
2442540306;1883502;2016-06-17;1;844;2;false;3
2442649169;1883502;2016-06-17;1;1294;1;true;3
2445056001;1883502;2016-06-18;1;1164;1;true;36
2444881470;1883502;2016-06-18;1;818;2;false;36
2445225082;1883502;2016-06-18;1;1336;1;false;36
2454922855;1883502;2016-06-22;2;1206;1;false;2642171
2455028459;1883502;2016-06-22;2;893;1;false;2642171
2460572040;1883502;2016-06-25;1;1028;1;true;46
2461203360;1883502;2016-06-25;1;656;1;false;111474
2460688631;1883502;2016-06-25;1;1173;2;true;55
2461476971;1883502;2016-06-25;1;1244;1;true;2006913
2460871765;1883502;2016-06-25;1;1076;1;true;1838315
2463391722;1883502;2016-06-26;1;974;1;false;2538753
2463859768;1883502;2016-06-26;1;819;2;false;2790766
2462978052;1883502;2016-06-26;1;949;1;false;2642171
2463711060;1883502;2016-06-26;1;769;1;false;2783913
2519578655;2970103;2016-07-21;1;746;1;false;2512249
2519500261;2970103;2016-07-21;1;808;1;false;2512249
2521669378;2970103;2016-07-22;1;1213;1;true;3
2521743304;2970103;2016-07-22;1;1019;1;false;3
2521806388;2970103;2016-07-22;1;1281;1;true;3
2524202291;2970103;2016-07-23;1;1065;1;true;39
2524119811;2970103;2016-07-23;1;811;2;false;39
2524031077;2970103;2016-07-23;1;1157;2;true;39
2524532644;2970103;2016-07-24;1;790;1;false;350190
2524443650;2970103;2016-07-24;1;1174;1;false;350190
2593125830;2413318;2016-08-23;3;1109;1;false;2537636
2593351350;2413318;2016-08-23;3;866;1;false;2537636
2593615941;2413318;2016-08-23;3;764;1;false;2790766
2593726467;2413318;2016-08-23;3;749;1;false;2790766
2601070611;2006913;2016-08-26;2;850;4;false;59
2600989416;2006913;2016-08-26;2;850;2;false;59
2632637217;46;2016-09-09;3;2826;1;true;2246141
2661929547;46;2016-09-22;1;1569;1;true;2246141
2661805196;46;2016-09-22;1;864;1;false;2246141
2703616243;46;2016-10-11;1;749;1;false;2006913
2703494497;46;2016-10-11;1;1156;1;true;2006913
2703697249;46;2016-10-11;1;1737;1;false;2006913
2705666524;46;2016-10-12;3;960;1;true;2827285
2705571558;46;2016-10-12;3;1403;1;true;2827285
2712845793;46;2016-10-15;1;1292;1;true;36
2712985060;46;2016-10-15;1;1112;1;false;36
2712739902;46;2016-10-15;1;922;1;false;36
2717268342;46;2016-10-17;1;676;1;false;2006913
2717347882;46;2016-10-17;1;880;1;true;2006913
2717415283;46;2016-10-17;1;1055;1;true;2006913
2721180302;46;2016-10-19;3;780;1;false;2537636
2721270640;46;2016-10-19;3;1039;1;false;2537636
2724699405;46;2016-10-21;3;830;1;true;59
2724843712;46;2016-10-21;3;1350;1;true;2134429
2730742034;46;2016-10-23;1;1170;1;true;36
2730775006;46;2016-10-23;1;1289;1;true;36
2730680469;46;2016-10-23;1;849;1;false;36
2734752494;46;2016-10-25;1;681;1;false;1883502
2734691591;46;2016-10-25;1;804;1;false;1883502
2734777605;46;2016-10-25;1;573;1;false;1883502
2756250110;46;2016-11-04;3;1438;0;true;2246141
2756151284;46;2016-11-04;3;1247;0;true;2246141
2755971501;46;2016-11-04;3;1020;0;true;55
2759026966;46;2016-11-05;3;1226;0;true;2537636
2758893203;46;2016-11-05;3;1402;0;true;2537636
2763318224;46;2016-11-07;3;1024;Core;true;3332295
2763224835;46;2016-11-07;3;775;null;false;3332295
2763425624;46;2016-11-07;3;1069;null;false;3332295
2765585741;46;2016-11-08;2;1855;Core;true;3335901
2767607034;46;2016-11-09;2;1315;Core;false;2790766
2767530416;46;2016-11-09;2;1329;null;true;2790766
2767678900;46;2016-11-09;2;1010;null;false;2790766
2767203496;46;2016-11-09;3;1340;Core;true;2850016
2767313441;46;2016-11-09;3;994;null;false;2850016
2767454289;46;2016-11-09;3;1155;null;true;2850016
