2405630794;59;2016-06-01;3;1037;1;true;2552670
2405526656;59;2016-06-01;3;1277;2;true;2552670
2415097881;59;2016-06-05;3;1607;2;true;2790766
2414962996;59;2016-06-05;3;974;2;true;2790766
2419873195;59;2016-06-07;3;752;2;false;2533075
2419750817;59;2016-06-07;3;1121;2;true;2533075
2419982182;59;2016-06-07;3;1059;2;true;2533075
2434286660;59;2016-06-13;3;1309;2;true;2533075
2434067917;59;2016-06-13;3;1075;2;true;2533075
2434177195;59;2016-06-13;3;1013;2;false;2533075
2433966081;59;2016-06-13;3;842;2;false;2533075
2433852301;59;2016-06-13;3;747;4;true;2533075
2450557369;59;2016-06-20;2;1242;2;false;2642171
2450449216;59;2016-06-20;2;779;2;false;2642171
2477608342;59;2016-07-02;2;720;2;false;55
2477508297;59;2016-07-02;2;785;4;false;55
2476919841;59;2016-07-02;2;1159;2;true;2533075
2477072702;59;2016-07-02;2;988;2;true;2533075
2503954156;59;2016-07-14;3;1067;2;true;2413318
2503743859;59;2016-07-14;3;1036;1;false;2413318
2504108182;59;2016-07-14;3;1266;2;true;2413318
2516775236;59;2016-07-20;3;890;2;true;2246141
2532026266;59;2016-07-27;3;1081;1;false;2533075
2532137026;59;2016-07-27;3;832;2;false;2533075
2536084521;59;2016-07-29;2;1091;2;true;2578382
2536188751;59;2016-07-29;2;1318;2;true;2578382
2538610003;59;2016-07-30;2;1178;2;true;2246141
2538763520;59;2016-07-30;2;1050;1;false;2246141
2538849632;59;2016-07-30;2;929;2;true;2246141
2578664531;59;2016-08-17;3;1103;2;true;2538753
2578149383;59;2016-08-17;3;1231;1;true;2537636
2578754563;59;2016-08-17;3;604;1;false;2538753
2578320449;59;2016-08-17;3;1269;1;true;2537636
2578541156;59;2016-08-17;3;1126;2;false;2538753
2588367147;59;2016-08-21;3;1187;1;true;2578382
2588241827;59;2016-08-21;3;945;2;true;2578382
2593310830;59;2016-08-23;3;1087;2;true;1964407
2593108528;59;2016-08-23;3;1081;2;true;1964407
2596144255;59;2016-08-24;2;1114;2;true;2759317
2596246859;59;2016-08-24;2;943;1;true;2759317
2598577500;59;2016-08-25;3;1443;2;true;2790766
2598441804;59;2016-08-25;3;968;2;true;2790766
2601070611;59;2016-08-26;2;912;4;true;2006913
2600989416;59;2016-08-26;2;983;1;true;2006913
2603314598;59;2016-08-27;3;1000;2;true;2842794
2603190632;59;2016-08-27;3;1201;2;true;2842794
2603001805;59;2016-08-27;3;1084;2;false;2842794
2610872425;59;2016-08-30;2;1100;2;true;2783913
2611012131;59;2016-08-30;2;1225;2;true;2783913
2611114319;59;2016-08-30;2;1311;1;true;2783913
2610707465;59;2016-08-30;2;874;1;false;2783913
2615275949;59;2016-09-01;2;1313;2;true;2006913
2615138939;59;2016-09-01;2;875;1;false;2006913
2615493185;59;2016-09-01;2;931;2;false;2006913
2615378496;59;2016-09-01;2;1462;2;true;2006913
2615577441;59;2016-09-01;2;1378;2;true;2006913
2617230473;59;2016-09-02;3;1113;4;true;2552670
2617416275;59;2016-09-02;3;1309;2;false;2552670
2617677272;59;2016-09-02;3;1053;2;false;2552670
2617566978;59;2016-09-02;3;940;1;false;2552670
2637917322;59;2016-09-11;3;1476;1;true;2552670
2638022277;59;2016-09-11;3;1613;2;true;2552670
2637520870;59;2016-09-11;3;830;2;true;2850016
2637687793;59;2016-09-11;3;1298;2;true;2850016
2662072050;59;2016-09-22;1;1348;2;true;2642171
2662027296;59;2016-09-22;1;843;2;false;2642171
2673095597;59;2016-09-27;2;1028;1;true;3152604
2677197824;59;2016-09-29;2;602;2;false;2533075
2677090549;59;2016-09-29;2;612;4;false;2533075
2692615185;3325406;2016-10-06;1;1331;4;true;3316078
2695010359;3325406;2016-10-07;1;934;4;true;3326679
2694765725;3325406;2016-10-07;1;1430;2;true;2831883
2694900569;3325406;2016-10-07;1;704;4;false;3334209
2697030191;3325406;2016-10-08;1;1557;2;true;3351387
2697223192;3325406;2016-10-08;1;939;1;false;3326680
2697491527;3325406;2016-10-08;1;2501;2;false;3326680
2696704860;3325406;2016-10-08;1;912;2;false;3351387
2696902418;3325406;2016-10-08;1;933;2;true;3351387
2697379124;3325406;2016-10-08;1;971;2;true;3326680
2705691231;59;2016-10-12;1;1153;2;true;3332295
2705565420;59;2016-10-12;1;712;2;false;3332295
2705910492;59;2016-10-12;3;643;2;false;2537636
2705979816;59;2016-10-12;3;722;2;false;2537636
2705803957;59;2016-10-12;1;1300;2;false;3332295
2715353113;59;2016-10-16;3;775;2;false;3381675
2715182460;59;2016-10-16;3;1012;2;false;3332295
2715042389;59;2016-10-16;3;1514;2;true;3332295
2715290389;59;2016-10-16;3;1305;2;true;3381675
2718769964;59;2016-10-18;3;880;4;true;2827285
2721046064;59;2016-10-19;3;685;2;false;2552670
2720857009;59;2016-10-19;3;1543;2;false;2552670
2717147367;59;2016-10-17;3;948;2;false;2533075
2716955834;59;2016-10-17;3;702;2;false;2533075
2724699405;59;2016-10-21;3;568;4;false;46
2734867076;1245961;2016-10-26;1;1130;2;true;2622695
2736685463;1245961;2016-10-26;1;1206;2;true;2728038
2736741387;1245961;2016-10-26;1;1253;2;true;3334621
2737050929;59;2016-10-27;1;568;2;false;2537636
2736884283;1245961;2016-10-27;1;764;4;false;55
2736807013;1245961;2016-10-27;1;1010;2;true;55
2737247032;59;2016-10-27;1;684;2;false;2537636
2737140614;1245961;2016-10-27;1;1134;2;true;2537636
2736964735;1245961;2016-10-27;1;1290;2;true;55
2752002464;59;2016-11-02;3;1187;0;true;2163
2751755320;59;2016-11-02;3;1167;0;false;2163
2751901110;59;2016-11-02;3;1365;0;true;2163
2756460688;59;2016-11-04;3;580;0;false;2586976
2756521987;59;2016-11-04;3;1358;0;false;2586976
2761698030;59;2016-11-06;3;732;null;false;2512249
2761639591;59;2016-11-06;3;847;null;false;2512249
2763371985;59;2016-11-07;3;1238;Core;false;2246141
2763494438;59;2016-11-07;3;821;null;false;2246141
2763227337;59;2016-11-07;3;1112;Core;true;2246141
2767226637;2552670;2016-11-09;3;758;null;false;55
2767325164;2552670;2016-11-09;3;557;null;false;55
2769313950;2552670;2016-11-10;3;801;null;false;2538753
2769208948;2552670;2016-11-10;3;1332;Core;true;2538753
2778773139;2552670;2016-11-14;3;1278;null;true;3332295
2778657378;2552670;2016-11-14;3;1116;Core;true;3332295
2785190477;2552670;2016-11-17;3;1276;Support;true;46
2785248829;2552670;2016-11-17;3;835;null;false;46
2785121619;2552670;2016-11-17;3;706;Core;false;46
