2459675261;2413318;2016-06-24;1;464;2;false
2459521437;2413318;2016-06-24;1;428;2;false
2459596920;2413318;2016-06-24;1;1419;2;true
2459407990;2413318;2016-06-24;1;1400;2;true
2459741412;2413318;2016-06-25;1;920;4;false
2482049776;2413318;2016-07-04;3;1352;2;true
2482159406;2413318;2016-07-04;3;922;2;false
2482280397;2413318;2016-07-04;3;1487;2;false
2488487862;2413318;2016-07-07;3;1546;2;false
2488362735;2413318;2016-07-07;3;1896;2;true
2488762719;2413318;2016-07-07;3;1195;2;true
2500153104;2413318;2016-07-12;3;1288;2;true
2500060774;2413318;2016-07-12;3;1022;2;false
2500246729;2413318;2016-07-12;3;1860;2;true
2503954156;2413318;2016-07-14;3;1178;2;false
2503743859;2413318;2016-07-14;3;1828;2;true
2586261501;2413318;2016-08-20;3;2519;2;true
2586117814;2413318;2016-08-20;3;1178;3;true
2585972364;2413318;2016-08-20;3;1350;4;false
2597982489;2413318;2016-08-25;3;844;2;false
2736143053;2413318;2016-10-26;1;1530;4;true
