2408934303;36;2016-06-03;1;830;4;true;2512249
2408631374;36;2016-06-03;1;1144;2;true;1838315
2408862401;36;2016-06-03;1;1128;2;true;2512249
2408704984;36;2016-06-03;1;988;4;true;1838315
2418580528;36;2016-06-07;1;652;2;false;2586976
2418664928;36;2016-06-07;1;1134;2;false;2586976
2421674092;36;2016-06-08;1;1490;2;true;111474
2421505139;36;2016-06-08;1;777;3;false;111474
2421874914;36;2016-06-08;1;1099;5;true;111474
2425267177;36;2016-06-10;1;892;2;false;2163
2425188750;36;2016-06-10;1;735;3;false;2163
2442689934;36;2016-06-17;1;952;2;false;2586976
2445056001;36;2016-06-18;1;929;2;false;1883502
2444881470;36;2016-06-18;1;1015;3;true;1883502
2445875942;36;2016-06-18;1;1010;4;true;3
2445996055;36;2016-06-18;1;1384;3;true;3
2445225082;36;2016-06-18;1;1170;2;true;1883502
2448201980;36;2016-06-19;1;932;4;false;2586976
2447821556;36;2016-06-19;1;975;3;true;2006913
2448310164;36;2016-06-19;1;1054;2;false;2586976
2447601447;36;2016-06-19;1;974;4;true;2006913
2448082522;36;2016-06-19;1;854;4;false;2586976
2504519631;36;2016-07-14;1;901;2;false;1836806
2504354745;36;2016-07-14;1;1160;4;true;1836806
2504438779;36;2016-07-14;1;892;3;false;1836806
2506602590;36;2016-07-15;1;1445;4;true;2642171
2506471754;36;2016-07-15;1;1075;4;true;2642171
2508984462;36;2016-07-16;1;661;4;false;2163
2508820859;36;2016-07-16;1;1018;2;false;350190
2508732666;36;2016-07-16;1;1019;3;true;350190
2508903361;36;2016-07-16;1;1587;2;true;350190
2509022908;36;2016-07-17;1;1005;2;false;2163
2519205206;36;2016-07-21;1;901;4;false;350190
2519304127;36;2016-07-21;1;1005;3;true;350190
2519381339;36;2016-07-21;1;1540;2;true;350190
2521929716;36;2016-07-23;1;1060;2;true;39
2521888035;36;2016-07-23;1;1138;2;true;39
2526429133;36;2016-07-24;1;1396;2;true;350190
2526354357;36;2016-07-24;1;1401;2;true;350190
2524350186;36;2016-07-24;1;1324;2;false;1838315
2524289078;36;2016-07-24;1;657;3;false;1838315
2526571661;36;2016-07-24;1;1070;3;false;1838315
2526630868;36;2016-07-25;1;1140;4;true;1838315
2526692434;36;2016-07-25;1;1181;2;true;1838315
2526759078;36;2016-07-25;1;1049;4;true;1838315
2547115445;36;2016-08-03;1;880;3;false;39
2547331853;36;2016-08-03;1;765;3;false;2108395
2546943823;36;2016-08-03;1;889;3;false;2783913
2547165450;36;2016-08-03;1;744;4;false;39
2547018705;36;2016-08-03;1;1072;4;true;2783913
2547286015;36;2016-08-03;1;1063;3;true;2108395
2549124641;36;2016-08-04;1;1263;4;true;15
2548968400;36;2016-08-04;1;930;2;false;111474
2548903189;36;2016-08-04;1;726;3;false;111474
2549211234;36;2016-08-04;1;995;3;true;15
2551241703;36;2016-08-05;1;935;4;false;2586976
2550962469;36;2016-08-05;1;1474;4;true;1836806
2551023876;36;2016-08-05;1;908;3;true;1836806
2551170074;36;2016-08-05;1;625;4;false;2586976
2558534849;36;2016-08-09;1;1045;2;false;2163
2661576001;2538753;2016-09-22;1;1362;4;false;1883502
2663984811;1883502;2016-09-23;1;1163;4;true;3330347
2664082722;1883502;2016-09-23;1;1758;2;true;3330347
2692361113;3334209;2016-10-06;1;1192;3;true;3326679
2695000584;3334209;2016-10-07;1;1296;4;true;2831883
2694900569;3334209;2016-10-07;1;952;3;true;3325406
2694746061;3334209;2016-10-07;1;1184;4;true;3316078
2697484544;3334209;2016-10-08;1;1372;4;true;2538753
2697268185;3334209;2016-10-08;1;731;4;false;2538753
2697388470;3334209;2016-10-08;1;1155;4;true;2538753
2699436897;3334209;2016-10-09;1;1186;2;false;111474
2699546318;3334209;2016-10-09;1;996;4;false;111474
2698876192;3334209;2016-10-09;1;836;4;false;2533075
2699014786;3334209;2016-10-09;1;835;4;false;2533075
2699279165;3334209;2016-10-09;1;1026;4;true;111474
2712845793;36;2016-10-15;1;1151;4;false;46
2712985060;36;2016-10-15;1;1336;4;true;46
2712739902;36;2016-10-15;1;1501;2;true;46
2730344894;36;2016-10-23;1;1026;2;false;1883502
2730231450;36;2016-10-23;1;1010;4;false;1883502
2730742034;36;2016-10-23;1;943;4;false;46
2730775006;36;2016-10-23;1;1746;2;false;46
2730680469;36;2016-10-23;1;1385;3;true;46
2734554256;36;2016-10-25;1;886;4;false;111474
2734657183;36;2016-10-25;1;1268;3;true;111474
2737422908;36;2016-10-27;1;997;4;false;1838315
2738163861;36;2016-10-27;1;721;4;false;2783913
2738058122;36;2016-10-27;1;694;2;false;2006913
2737734106;36;2016-10-27;1;814;4;false;111474
2739453952;36;2016-10-28;1;645;2;false;2642171
2739368825;36;2016-10-28;1;1495;2;true;2163
2740120432;36;2016-10-28;1;1143;3;true;2538753
2739706757;36;2016-10-28;1;943;4;false;1883502
2740549631;36;2016-10-28;1;1640;4;false;2533075
