2411397526;15;2016-06-04;1;728;3;true;39
2411277988;15;2016-06-04;1;1171;3;true;39
2411150532;15;2016-06-04;1;625;3;false;39
2410889717;15;2016-06-04;1;776;3;true;1148284
2410965721;15;2016-06-04;1;679;5;true;1148284
2420758956;15;2016-06-08;1;873;3;true;350190
2420842637;15;2016-06-08;1;706;5;false;350190
2420952614;15;2016-06-08;1;879;3;false;350190
2423085167;15;2016-06-09;1;1124;3;true;46
2423222858;15;2016-06-09;1;1406;4;true;46
2425518994;15;2016-06-10;1;693;3;false;2777247
2425393743;15;2016-06-10;1;952;3;true;2777247
2425646897;15;2016-06-10;1;783;3;true;2777247
2427652445;15;2016-06-11;1;994;3;true;1148284
2427792748;15;2016-06-11;1;1190;3;true;1148284
2428563481;15;2016-06-11;1;911;3;false;2163
2427720580;15;2016-06-11;1;638;3;false;1148284
2428372192;15;2016-06-11;1;609;3;false;2163
2453752380;15;2016-06-22;1;1227;3;false;1951061
2453854590;15;2016-06-22;1;2046;2;false;1951061
2469098993;15;2016-06-29;2;765;3;false;2640025
2469213040;15;2016-06-29;2;779;3;false;2640025
2473597971;15;2016-07-01;2;808;3;false;2635099
2473494084;15;2016-07-01;2;982;3;true;2635099
2485596509;15;2016-07-06;1;1168;3;true;2659468
2486012999;15;2016-07-06;1;732;3;true;1836806
2485483619;15;2016-07-06;1;947;3;true;2659468
2485282131;15;2016-07-06;1;1332;3;true;2414095
2486139997;15;2016-07-06;1;829;3;false;1836806
2487704143;15;2016-07-07;1;956;3;false;1375614
2487807177;15;2016-07-07;1;825;3;false;1375614
2492258690;15;2016-07-09;1;1024;3;true;2635099
2492154839;15;2016-07-09;1;1219;3;true;2635099
2491680573;15;2016-07-09;1;1057;3;true;2512249
2491605871;15;2016-07-09;1;931;3;true;2512249
2494116647;15;2016-07-10;1;870;3;false;1375614
2494010365;15;2016-07-10;1;579;3;false;1375614
2498829955;15;2016-07-12;1;1525;3;true;2860414
2498755746;15;2016-07-12;1;1627;3;true;2860414
2501502841;15;2016-07-13;1;801;3;true;2777247
2501373944;15;2016-07-13;1;1087;3;true;1951061
2501637055;15;2016-07-13;1;932;3;true;2777247
2501246411;15;2016-07-13;1;792;3;true;1951061
2502711579;15;2016-07-14;1;861;3;true;5
2502820698;15;2016-07-14;1;719;3;true;5
2659070743;1520578;2016-09-21;1;783;3;false;4
2658953057;1520578;2016-09-21;1;909;3;false;4
2661209558;1520578;2016-09-22;1;1397;3;false;5
2661036778;1520578;2016-09-22;1;964;3;true;2414475
2661344409;1520578;2016-09-22;1;1105;3;true;5
2663153838;1520578;2016-09-23;1;1080;3;true;1375614
2663040106;1520578;2016-09-23;1;982;3;true;1375614
2662895738;1520578;2016-09-23;1;996;3;false;3331948
2663278018;1520578;2016-09-23;1;1121;3;true;1375614
2663422895;1520578;2016-09-23;1;1034;3;true;1375614
2668397922;1520578;2016-09-25;1;887;3;false;3331948
2668243797;1520578;2016-09-25;1;987;3;true;3331948
2670669936;1520578;2016-09-26;1;903;3;true;3335660
2672554873;1520578;2016-09-27;1;1397;3;true;20
2672370565;1520578;2016-09-27;1;1046;3;true;15
2672665616;1520578;2016-09-27;1;1333;3;true;20
2672244389;1520578;2016-09-27;1;1249;3;true;2634810
2672135463;1520578;2016-09-27;1;854;3;true;2208748
2674178807;1520578;2016-09-28;1;1568;3;true;1272244
2674453935;1520578;2016-09-28;1;1039;3;true;1951061
2674597609;1520578;2016-09-28;1;645;3;false;1951061
2674731383;1520578;2016-09-28;1;706;3;false;1951061
2674275191;1520578;2016-09-28;1;1346;3;true;1272244
2687476423;1520578;2016-10-04;1;1080;3;true;2626685
2687663985;1520578;2016-10-04;1;1484;3;true;2626685
2690025308;1520578;2016-10-05;1;1260;3;true;3331948
2690117773;1520578;2016-10-05;1;1186;4;true;3331948
2692062872;1520578;2016-10-06;1;1311;3;true;1375614
2691924619;1520578;2016-10-06;1;1079;3;false;1375614
2692209839;1520578;2016-10-06;1;957;3;false;1375614
2693769277;1520578;2016-10-07;1;998;3;false;5
2693644106;1520578;2016-10-07;1;928;3;false;5
2695904828;1520578;2016-10-08;1;1247;1;false;4
2695820398;1520578;2016-10-08;1;848;3;true;4
2696164591;1520578;2016-10-08;1;920;3;false;1375614
2695998284;1520578;2016-10-08;1;1033;3;true;4
2696371495;1520578;2016-10-08;1;1034;3;false;1375614
2696262763;1520578;2016-10-08;1;1142;3;true;1375614
2696605376;1520578;2016-10-08;1;886;3;false;1375614
2698569659;1520578;2016-10-09;1;896;3;false;1836806
2698471166;1520578;2016-10-09;1;1149;3;false;1836806
2700960937;1520578;2016-10-10;1;1207;4;false;4
2701102486;1520578;2016-10-10;1;867;3;false;4
2702877924;1520578;2016-10-11;1;1110;3;true;726228
2702803805;1520578;2016-10-11;1;699;3;false;726228
2702746949;1520578;2016-10-11;1;1254;3;true;726228
2718111760;1520578;2016-10-18;1;751;3;false;3331948
2718033207;1520578;2016-10-18;1;1240;3;true;3331948
2717993300;1520578;2016-10-18;1;735;3;false;3331948
2718409982;1520578;2016-10-18;2;1002;3;true;3349045
2718294000;1520578;2016-10-18;2;1031;3;true;3349045
2724051464;1520578;2016-10-21;1;900;3;false;726228
2723964283;1520578;2016-10-21;1;847;3;true;726228
2724144429;1520578;2016-10-21;2;1003;3;true;2833354
2724230258;1520578;2016-10-21;2;856;3;false;2833354
2726515102;1520578;2016-10-22;1;1328;3;true;2640025
2726618460;1520578;2016-10-22;1;928;3;false;2640025
2734000781;1520578;2016-10-25;2;847;3;false;15
2733869671;1520578;2016-10-25;2;790;3;false;15
2739919221;1520578;2016-10-28;1;793;3;false;5
2739016157;1520578;2016-10-28;1;814;3;true;3326126
2739482966;1520578;2016-10-28;1;1112;3;false;15
2739356374;1520578;2016-10-28;1;869;3;false;3331948
2741307913;1520578;2016-10-29;1;1024;3;true;726228
2741147908;1520578;2016-10-29;1;637;3;false;2626685
2741632006;1520578;2016-10-29;1;982;3;true;2860081
2741887525;1520578;2016-10-29;1;960;3;false;2640025
2742135988;1520578;2016-10-29;1;1455;4;true;1272244
2749169932;1520578;2016-11-01;2;1163;0;true;2854942
2749050420;1520578;2016-11-01;2;965;0;true;2854942
2754888229;1520578;2016-11-04;2;879;0;false;1375614
2754784556;1520578;2016-11-04;2;1201;0;true;2208748
2754668834;1520578;2016-11-04;2;914;0;true;2208748
2755005213;1520578;2016-11-04;2;630;0;false;1375614
2757628868;1520578;2016-11-05;2;1265;0;true;2860081
2757141172;1520578;2016-11-05;1;1795;0;true;4
2757940240;1520578;2016-11-05;2;1099;0;true;2626685
2757203104;1520578;2016-11-05;1;750;0;false;4
2758081275;1520578;2016-11-05;2;1299;0;true;2626685
2760317690;1520578;2016-11-06;2;2266;0;true;20
2760664808;1520578;2016-11-06;1;1505;0;false;1836806
2760826760;1520578;2016-11-06;1;1028;0;true;1836806
2760395092;1520578;2016-11-06;2;949;0;true;20
2762373121;1520578;2016-11-07;2;1089;null;false;1836806
2762316102;1520578;2016-11-07;2;652;null;false;1836806
2764155681;1520578;2016-11-08;2;1780;null;true;3326126
2764246879;1520578;2016-11-08;2;622;Support;false;3326126
2772507608;1520578;2016-11-12;1;1687;null;true;3335660
2772634274;1520578;2016-11-12;1;1268;Support;true;3335660
2773345653;1520578;2016-11-12;1;1178;null;false;5
2772935614;1520578;2016-11-12;2;798;Support;true;2414095
2773498800;1520578;2016-11-12;1;1566;Support;true;5
2772807899;1520578;2016-11-12;2;1247;null;true;2414095
2775189009;1520578;2016-11-13;1;1236;Support;false;3331948
2775303508;1520578;2016-11-13;1;1119;Support;true;3331948
2784573239;1520578;2016-11-17;1;1117;Support;true;3335660
2784355671;1520578;2016-11-17;1;1417;null;false;3335660
2785670626;1520578;2016-11-18;2;995;null;false;5
2785756606;1520578;2016-11-18;2;904;Support;false;5
