2668721584;3326875;2016-09-25;2;791;3;false
2700957746;3326875;2016-10-10;1;1334;3;true
2704981789;3326875;2016-10-12;3;1364;3;true
2705090150;3326875;2016-10-12;3;1347;3;false
2706788034;3326875;2016-10-13;1;1242;4;true
2706886080;3326875;2016-10-13;1;1140;3;true
2708960090;3326875;2016-10-14;3;1639;4;true
2708862807;3326875;2016-10-14;3;1044;3;true
2711523914;3326875;2016-10-15;1;1307;4;true
2711290321;3326875;2016-10-15;1;1431;3;true
2711425953;3326875;2016-10-15;1;923;3;false
2714546861;3326875;2016-10-16;1;1843;3;true
2714235087;3326875;2016-10-16;1;1301;3;true
2714379865;3326875;2016-10-16;1;961;3;false
2714694526;3326875;2016-10-16;1;1954;3;true
2716807205;3326875;2016-10-17;3;1541;3;true
2716673369;3326875;2016-10-17;3;1105;3;true
2720305840;3326875;2016-10-19;3;1481;3;true
2720381672;3326875;2016-10-19;3;1132;3;true
2724579408;3326875;2016-10-21;3;1035;3;true
2724485432;3326875;2016-10-21;3;1729;3;true
2737492619;3326875;2016-10-27;1;1103;3;true
2737217746;3326875;2016-10-27;1;1467;3;true
2737001961;3326875;2016-10-27;1;1372;3;true
2736921333;3326875;2016-10-27;1;1283;3;true
2737401801;3326875;2016-10-27;1;1487;3;true
2739155707;3326875;2016-10-28;1;1243;3;true
2739471868;3326875;2016-10-28;1;1239;3;true
2738932967;3326875;2016-10-28;1;1511;3;true
2741219726;3326875;2016-10-29;1;2064;3;true
2741298287;3326875;2016-10-29;1;1440;3;true
2744028658;3326875;2016-10-30;1;1739;4;true
2743840559;3326875;2016-10-30;1;1643;3;true
