2410954215;543897;2016-06-04;1;1296;3;true;39
2410888512;543897;2016-06-04;1;595;3;false;39
2411796041;543897;2016-06-04;1;918;3;false;1148284
2411032753;543897;2016-06-04;1;652;3;false;39
2411686594;543897;2016-06-04;1;832;3;false;1148284
2411569279;543897;2016-06-04;1;707;3;true;1148284
2419012929;543897;2016-06-07;1;707;3;false;111474
2438183814;543897;2016-06-15;3;863;3;false;98301
2440173134;543897;2016-06-16;1;866;3;false;2659468
2440049330;543897;2016-06-16;1;956;3;false;2659468
2460717170;543897;2016-06-25;1;899;3;true;2776208
2460575010;543897;2016-06-25;1;713;3;false;2767921
2460049490;543897;2016-06-25;1;858;3;false;2581813
2459845477;543897;2016-06-25;1;988;3;true;1276785
2460305276;543897;2016-06-25;1;937;3;true;24
2462768739;543897;2016-06-26;1;741;3;false;2108395
2462476425;543897;2016-06-26;1;933;3;false;2659468
2463047834;543897;2016-06-26;1;569;3;false;350190
2462379425;543897;2016-06-26;1;773;3;false;2789395
2474033512;543897;2016-07-01;3;1085;3;true;2888615
2474146017;543897;2016-07-01;3;1272;3;true;2888615
2492644065;543897;2016-07-09;3;1117;3;true;2398232
2491965478;543897;2016-07-09;3;1052;3;true;2581813
2492776621;543897;2016-07-09;3;1155;3;true;2398232
2497528742;543897;2016-07-11;3;1437;3;false;2581813
2497358993;543897;2016-07-11;3;762;3;false;2581813
2497141517;543897;2016-07-11;3;879;3;false;2767921
2507706768;543897;2016-07-16;3;825;3;true;2687313
2507801793;543897;2016-07-16;3;1418;3;true;2687313
2508034556;543897;2016-07-16;3;1412;3;true;2687313
2507911163;543897;2016-07-16;3;714;3;false;2687313
2529567442;543897;2016-07-26;3;1074;3;false;1927365
2529706756;543897;2016-07-26;3;1031;3;true;1927365
2529840818;543897;2016-07-26;3;1239;3;true;1927365
2655367015;2108395;2016-09-19;3;770;3;false;3322300
2655509487;2108395;2016-09-19;3;1033;3;true;3322300
2657135047;2108395;2016-09-20;3;669;4;false;2659468
2657039842;2108395;2016-09-20;3;672;3;false;2659468
2737580331;2108395;2016-10-27;1;858;3;true;1276785
2737001961;2108395;2016-10-27;1;684;3;false;3326875
2737218263;2108395;2016-10-27;1;1373;4;false;543897
2739588641;2108395;2016-10-28;1;766;3;false;24
2739068804;2108395;2016-10-28;1;932;3;true;2659468
2739254368;2108395;2016-10-28;1;834;3;false;2880140
2738990808;2108395;2016-10-28;1;947;3;true;1105664
2739434764;2108395;2016-10-28;1;450;3;false;350190
2753350656;2108395;2016-11-03;3;1310;0;true;3477515
2753248807;2108395;2016-11-03;3;992;0;true;3477515
2768509410;2108395;2016-11-10;1;1078;null;true;3325891
2768601930;2108395;2016-11-10;1;1015;Support;false;3325891
2772296828;2108395;2016-11-12;1;1013;Support;false;3334062
2772199908;2108395;2016-11-12;1;910;null;false;3334062
2772513214;2108395;2016-11-12;1;828;null;false;1148284
2772705743;2108395;2016-11-12;1;1172;Support;true;1148284
2772593133;2108395;2016-11-12;1;1200;Support;true;1148284
