2407115659;24;2016-06-02;3;834;2;true;2644737
2437839428;24;2016-06-15;3;974;1;false;2738555
2437948887;24;2016-06-15;3;561;2;false;2738555
2460703211;24;2016-06-25;1;1583;2;false;1276785
2460543710;24;2016-06-25;1;1346;2;true;2108395
2459907895;24;2016-06-25;1;842;2;true;2789395
2460305276;24;2016-06-25;1;691;2;false;543897
2460102446;24;2016-06-25;1;816;2;false;2659468
2462844785;24;2016-06-26;1;1503;2;true;2767921
2462247848;24;2016-06-26;1;868;1;false;2581813
2462479057;24;2016-06-26;1;828;2;false;350190
2462606875;24;2016-06-26;1;622;2;false;2776208
2472041836;24;2016-06-30;3;1204;2;true;2659468
2474257339;24;2016-07-01;3;701;2;false;2767921
2510183651;24;2016-07-17;3;728;2;false;2659468
2510090215;24;2016-07-17;3;698;2;false;2659468
2510293806;24;2016-07-17;3;967;2;true;2738555
2510427102;24;2016-07-17;3;1584;2;true;2738555
2514575187;24;2016-07-19;3;889;2;false;1927365
2514756265;24;2016-07-19;3;1308;1;true;1927365
2516374201;24;2016-07-20;3;960;2;true;2789395
2516527499;24;2016-07-20;3;1037;2;true;2789395
2522842914;24;2016-07-23;3;884;2;false;98301
2523032357;24;2016-07-23;3;1128;2;true;98301
2522950527;24;2016-07-23;3;1562;2;true;98301
2525447612;24;2016-07-24;3;956;2;true;2659468
2525344944;24;2016-07-24;3;533;2;false;2659468
2525567742;24;2016-07-24;3;890;2;true;2659468
2533570928;24;2016-07-28;3;796;2;true;2581813
2533712629;24;2016-07-28;3;1229;2;true;2581813
2533661491;24;2016-07-28;3;682;2;false;2581813
2535897900;24;2016-07-29;3;741;2;false;543897
2536005907;24;2016-07-29;3;623;2;false;543897
2540139671;24;2016-07-31;3;1429;2;true;1276785
2540275204;24;2016-07-31;3;744;2;false;1276785
2540424572;24;2016-07-31;3;1245;2;true;2521210
2540366603;24;2016-07-31;3;968;2;true;2521210
2565907776;24;2016-08-12;3;943;2;false;2687313
2566107616;24;2016-08-12;3;912;2;true;2687313
2575620376;24;2016-08-16;3;1077;2;true;1927365
2575276783;24;2016-08-16;3;836;2;true;1927365
2575418706;24;2016-08-16;3;1155;2;false;1927365
2578276735;24;2016-08-17;3;818;2;false;2659468
2577865653;24;2016-08-17;3;546;4;false;98301
2577763041;24;2016-08-17;3;550;2;false;98301
2578154611;24;2016-08-17;3;818;2;false;2659468
2577367735;24;2016-08-17;3;907;2;true;2738555
2584731376;24;2016-08-20;3;902;2;true;2398232
2584894444;24;2016-08-20;3;1499;2;true;2398232
2587981860;24;2016-08-21;3;948;2;true;2789395
2587477506;24;2016-08-21;3;639;2;false;2581813
2587648563;24;2016-08-21;3;985;2;true;2789395
2587824792;24;2016-08-21;3;862;2;true;2789395
2587360035;24;2016-08-21;3;1417;2;true;2581813
2590368290;24;2016-08-22;3;1042;2;true;98301
2590220550;24;2016-08-22;3;879;2;true;98301
2597591490;24;2016-08-25;3;426;4;false;2659468
2597699701;24;2016-08-25;3;697;2;false;2659468
2605819642;24;2016-08-28;3;667;2;false;2789395
2605406862;24;2016-08-28;3;704;2;false;2789395
2631317733;24;2016-09-09;3;680;4;false;98301
2634540289;24;2016-09-10;3;1384;2;false;2659468
2645689286;24;2016-09-15;3;827;2;false;1276785
2645587025;24;2016-09-15;3;1040;2;true;1276785
2657348720;24;2016-09-20;3;1153;2;true;795543
2657494507;24;2016-09-20;3;970;2;false;795543
2662820869;24;2016-09-23;3;852;2;false;3327985
2670876368;24;2016-09-26;3;1361;2;true;1105664
2670991138;24;2016-09-26;3;717;4;true;1105664
2672292353;24;2016-09-27;3;1070;2;true;1276785
2672171681;24;2016-09-27;3;1488;2;true;1276785
2676164722;24;2016-09-29;3;1292;2;true;98301
2676661938;24;2016-09-29;3;1328;2;true;3327985
2676520507;24;2016-09-29;3;662;2;false;3327985
2676310529;24;2016-09-29;3;1485;2;true;98301
2678331923;24;2016-09-30;3;642;2;false;2659468
2678238536;24;2016-09-30;3;617;2;false;2659468
2700668641;24;2016-10-10;1;652;2;false;350190
2700779068;24;2016-10-10;1;1032;2;false;350190
2704880245;24;2016-10-12;1;1179;2;false;2581813
2704979325;24;2016-10-12;1;946;2;false;2581813
2707455434;24;2016-10-13;3;957;2;false;3322300
2707294087;24;2016-10-13;3;1384;2;false;3322300
2716158120;24;2016-10-17;3;919;2;true;2659468
2716259547;24;2016-10-17;3;605;2;false;2659468
2720305840;24;2016-10-19;3;691;2;false;3326875
2720381672;24;2016-10-19;3;807;2;false;3326875
2722465502;24;2016-10-20;3;753;2;false;98301
2722324990;24;2016-10-20;3;1428;2;true;98301
2737061217;24;2016-10-27;1;1274;2;true;2880140
2737401801;24;2016-10-27;1;696;2;false;3326875
2737565757;24;2016-10-27;1;766;2;false;543897
2737135197;24;2016-10-27;1;810;2;false;350190
2739588641;24;2016-10-28;1;1273;2;true;2108395
2739358610;24;2016-10-28;1;1120;2;true;1105664
2739497510;24;2016-10-28;1;732;2;false;2659468
2738999961;24;2016-10-28;1;1242;2;true;1276785
2755505397;24;2016-11-04;3;1920;0;true;2644737
2755390857;24;2016-11-04;3;542;0;false;2644737
2760844625;24;2016-11-06;3;1446;0;false;98301
2761066583;24;2016-11-06;3;668;0;false;98301
2772227063;24;2016-11-12;1;1085;Core;true;1148284
2772158707;24;2016-11-12;1;765;null;false;1148284
2772287243;24;2016-11-12;1;1665;Core;true;1148284
2772829758;24;2016-11-12;1;840;null;false;3322300
2772953595;24;2016-11-12;1;1365;Core;false;3322300
2772618888;24;2016-11-12;1;1147;Core;false;3334062
2772525976;24;2016-11-12;1;877;null;false;3334062
2784267527;24;2016-11-17;3;1340;Core;true;3444630
2784126560;24;2016-11-17;3;1896;null;true;3444630
2786109986;24;2016-11-18;1;1460;null;false;3327985
2786014565;24;2016-11-18;1;1018;Core;false;3327985
