2405046808;2581813;2016-06-01;3;1143;3;true;2748441
2416740962;2581813;2016-06-06;3;1115;4;true;2108395
2439838859;2581813;2016-06-16;1;1071;3;true;1148284
2439730874;2581813;2016-06-16;1;1476;3;true;1148284
2442262919;2581813;2016-06-17;1;1096;3;false;2659468
2442165601;2581813;2016-06-17;1;818;3;false;2659468
2442050367;2581813;2016-06-17;1;1047;4;false;2659468
2453856100;2581813;2016-06-22;3;666;3;false;2659468
2460572757;2581813;2016-06-25;1;1137;3;true;350190
2459939274;2581813;2016-06-25;1;782;3;false;2659468
2460049490;2581813;2016-06-25;1;1037;3;true;543897
2460428144;2581813;2016-06-25;1;935;3;true;1276785
2462917508;2581813;2016-06-26;1;786;3;true;2776208
2462540843;2581813;2016-06-26;1;1412;3;true;2767921
2463161660;2581813;2016-06-26;1;543;3;false;350190
2462617735;2581813;2016-06-26;1;1112;3;true;2789395
2463492421;2581813;2016-06-26;1;770;3;false;2108395
2462247848;2581813;2016-06-26;1;1014;3;true;24
2464767697;2581813;2016-06-27;1;572;3;false;2659468
2464848079;2581813;2016-06-27;1;862;3;true;2776208
2464677668;2581813;2016-06-27;1;784;3;false;2659468
2464971377;2581813;2016-06-27;1;880;3;true;2776208
2467478609;2581813;2016-06-28;1;681;3;false;350190
2467731883;2581813;2016-06-28;1;948;4;false;350190
2467593841;2581813;2016-06-28;1;1028;3;true;350190
2467241036;2581813;2016-06-28;1;1255;3;true;2659468
2467373931;2581813;2016-06-28;1;718;3;false;350190
2467119481;2581813;2016-06-28;1;1051;3;false;2659468
2467020229;2581813;2016-06-28;1;1157;3;true;2659468
2491965478;2581813;2016-07-09;3;898;3;false;543897
2497528742;2581813;2016-07-11;3;1468;4;true;543897
2497358993;2581813;2016-07-11;3;834;3;true;543897
2501342105;2581813;2016-07-13;3;973;3;true;2767921
2501259591;2581813;2016-07-13;3;1094;3;true;2767921
2503626896;2581813;2016-07-14;3;950;3;false;1276785
2503821179;2581813;2016-07-14;3;987;3;true;1276785
2505613611;2581813;2016-07-15;3;897;3;true;98301
2505484651;2581813;2016-07-15;3;889;3;true;98301
2520617412;2581813;2016-07-22;3;1400;3;true;2789395
2520486522;2581813;2016-07-22;3;1040;3;true;2789395
2531621610;2581813;2016-07-27;3;990;3;true;543897
2531760761;2581813;2016-07-27;3;1334;3;true;543897
2533570928;2581813;2016-07-28;3;549;3;false;24
2533712629;2581813;2016-07-28;3;1065;3;false;24
2533661491;2581813;2016-07-28;3;1092;3;true;24
2535552089;2581813;2016-07-29;3;825;3;false;543897
2535674255;2581813;2016-07-29;3;913;3;false;543897
2545299883;2581813;2016-08-02;1;1217;3;true;3
2545034458;2581813;2016-08-02;1;787;3;false;4
2545114502;2581813;2016-08-02;1;753;3;false;4
2545251072;2581813;2016-08-02;1;1434;3;true;3
2544942608;2581813;2016-08-02;1;837;4;true;4
2545393745;2581813;2016-08-03;1;619;3;false;2783913
2577895715;2581813;2016-08-17;3;1680;3;true;2398232
2580105667;2581813;2016-08-18;3;1339;3;true;98301
2579928658;2581813;2016-08-18;3;1263;4;false;98301
2580207155;2581813;2016-08-18;3;1019;3;true;98301
2582347765;2581813;2016-08-19;3;1105;3;true;543897
2582036063;2581813;2016-08-19;3;1017;3;true;795543
2582602097;2581813;2016-08-19;3;1006;3;false;543897
2582490617;2581813;2016-08-19;3;858;3;false;543897
2583051792;2581813;2016-08-19;3;852;4;true;543897
2582214236;2581813;2016-08-19;3;1600;3;true;795543
2582825505;2581813;2016-08-19;3;1138;3;true;543897
2584933975;2581813;2016-08-20;3;1517;3;true;2738555
2585097433;2581813;2016-08-20;3;1169;3;false;2738555
2588042488;2581813;2016-08-21;3;656;3;false;2659468
2587477506;2581813;2016-08-21;3;1163;3;true;24
2588153979;2581813;2016-08-21;3;963;3;false;2659468
2592901113;2581813;2016-08-23;3;1101;3;true;1105664
2595160589;2581813;2016-08-24;3;1362;3;true;1105664
2597290165;2581813;2016-08-25;3;1052;3;true;2789395
2597179283;2581813;2016-08-25;3;1233;3;true;2789395
2605030698;2581813;2016-08-28;3;1020;3;false;2659468
2604891443;2581813;2016-08-28;3;1064;3;true;2659468
2609980279;2581813;2016-08-30;3;686;3;false;2659468
2609874136;2581813;2016-08-30;3;1536;3;true;2659468
2616975502;2581813;2016-09-02;3;737;3;false;2659468
2616774839;2581813;2016-09-02;3;1239;3;false;2659468
2616654771;2581813;2016-09-02;3;929;3;false;2659468
2631622003;2581813;2016-09-09;3;1529;3;true;98301
2633603755;2581813;2016-09-10;3;1426;3;true;350190
2633497272;2581813;2016-09-10;3;904;3;false;350190
2633734776;2581813;2016-09-10;3;1507;3;true;350190
2636317210;2581813;2016-09-11;3;926;3;true;543897
2636096325;2581813;2016-09-11;3;1060;3;true;543897
2636220638;2581813;2016-09-11;3;648;3;false;543897
2637380751;2581813;2016-09-11;3;1256;3;true;1148284
2637503649;2581813;2016-09-11;3;1060;3;true;1148284
2660775262;2581813;2016-09-22;1;650;3;false;4
2660860004;2581813;2016-09-22;1;1000;3;false;4
2667934665;2581813;2016-09-25;2;1134;3;true;2662139
2668369305;2581813;2016-09-25;2;1064;3;false;2644737
2668156923;2581813;2016-09-25;2;1039;3;true;2922244
2670106443;2581813;2016-09-26;1;886;3;false;1983234
2670013584;2581813;2016-09-26;1;826;3;false;1983234
2672015477;2581813;2016-09-27;1;1262;3;true;2909240
2672073478;2581813;2016-09-27;1;1468;3;true;2909240
2674097781;2581813;2016-09-28;1;1486;3;true;1951061
2674015636;2581813;2016-09-28;1;1037;3;false;1951061
2700957746;2581813;2016-10-10;1;443;3;false;3326875
2704880245;2581813;2016-10-12;1;1224;3;true;24
2704979325;2581813;2016-10-12;1;1514;3;true;24
2708845194;2581813;2016-10-14;1;1596;3;true;543897
2709050623;2581813;2016-10-14;1;1302;3;true;543897
2708942061;2581813;2016-10-14;1;949;3;false;543897
2711930641;2581813;2016-10-15;1;839;3;false;350190
2711770146;2581813;2016-10-15;1;1435;3;true;350190
2711650212;2581813;2016-10-15;1;779;3;false;350190
2755701613;2581813;2016-11-04;1;819;0;false;1148284
2755059175;2581813;2016-11-04;3;2335;0;true;3317685
2755498183;2581813;2016-11-04;1;1187;0;false;1148284
2754971409;2581813;2016-11-04;3;1088;0;true;3317685
2757679066;2581813;2016-11-05;1;655;0;false;543897
2757828149;2581813;2016-11-05;1;757;0;false;543897
2762723869;2581813;2016-11-07;3;1234;Support;true;3444630
2762591598;2581813;2016-11-07;3;660;null;false;3444630
2762826162;2581813;2016-11-07;3;1311;null;true;3444630
2768245207;2581813;2016-11-10;2;914;Support;true;3325212
2770310694;2581813;2016-11-11;2;1395;null;true;3322396
2770059505;2581813;2016-11-11;2;1119;null;true;2151103
2770006311;2581813;2016-11-11;2;1694;null;true;2151103
2769936811;2581813;2016-11-11;2;979;null;false;2151103
2770214125;2581813;2016-11-11;2;1370;null;true;3322396
2773609715;2581813;2016-11-12;2;1210;null;true;1272244
2773824989;2581813;2016-11-12;2;1001;null;true;1272244
2775816795;2581813;2016-11-13;2;755;null;false;1838315
2775663298;2581813;2016-11-13;2;702;null;false;1838315
2775512649;2581813;2016-11-13;2;620;null;false;1838315
2782438518;2581813;2016-11-16;3;1298;Support;true;98301
2782560272;2581813;2016-11-16;3;1179;null;true;98301
