2412028250;1148284;2016-06-04;1;1067;1;true;39
2411796041;1148284;2016-06-04;1;1402;1;true;543897
2411686594;1148284;2016-06-04;1;1312;2;true;543897
2410889717;1148284;2016-06-04;1;881;1;false;15
2410965721;1148284;2016-06-04;1;1667;2;false;15
2411569279;1148284;2016-06-04;1;861;2;false;543897
2418319460;1148284;2016-06-07;1;1145;1;true;2163
2418415538;1148284;2016-06-07;1;1616;2;true;2163
2423509445;1148284;2016-06-09;1;782;2;false;2586976
2423400514;1148284;2016-06-09;1;684;2;false;2586976
2427652445;1148284;2016-06-11;1;686;1;false;15
2427792748;1148284;2016-06-11;1;1166;2;false;15
2427720580;1148284;2016-06-11;1;1187;2;true;15
2439838859;1148284;2016-06-16;1;1088;2;false;2581813
2439730874;1148284;2016-06-16;1;739;2;false;2581813
2522319724;1148284;2016-07-23;1;1183;1;false;2643401
2522730902;1148284;2016-07-23;1;1476;1;true;2640025
2523000065;1148284;2016-07-23;1;1109;1;true;2640025
2522889565;1148284;2016-07-23;1;604;1;false;2640025
2522019610;1148284;2016-07-23;1;1392;2;true;1520578
2525905872;1148284;2016-07-24;1;1048;1;true;1520578
2547545013;1148284;2016-08-04;1;725;1;false;1838315
2547598732;1148284;2016-08-04;1;1017;1;true;1838315
2547470370;1148284;2016-08-04;1;1209;1;true;2512249
2549289998;1148284;2016-08-04;1;833;1;false;2163
2549342148;1148284;2016-08-04;1;1299;1;true;2163
2549583869;1148284;2016-08-05;1;1316;1;true;2777247
2549498173;1148284;2016-08-05;1;1084;1;false;4
2549431849;1148284;2016-08-05;1;900;1;false;4
2549664835;1148284;2016-08-05;1;910;1;false;2777247
2547401914;1148284;2016-08-04;1;1042;1;false;2512249
2551458951;1148284;2016-08-05;1;550;1;false;350190
2551385390;1148284;2016-08-05;1;995;1;true;350190
2551529539;1148284;2016-08-06;1;794;2;false;1375614
2551582637;1148284;2016-08-06;1;1351;1;true;1375614
2558033556;1148284;2016-08-08;1;1071;2;false;2586976
2557955371;1148284;2016-08-08;1;1391;1;true;2586976
2558113366;1148284;2016-08-08;1;1439;2;true;2586976
2562482317;1148284;2016-08-11;1;950;2;false;1836806
2562521800;1148284;2016-08-11;1;897;1;false;1836806
2566482748;1148284;2016-08-12;1;1061;4;false;350190
2566594115;1148284;2016-08-12;1;1052;1;false;350190
2633944516;1148284;2016-09-10;3;1642;1;true;543897
2634046939;1148284;2016-09-10;3;1144;1;false;543897
2634166828;1148284;2016-09-10;3;1608;1;false;543897
2634788628;1148284;2016-09-10;3;1390;1;true;98301
2636600744;1148284;2016-09-11;3;1457;1;true;350190
2637380751;1148284;2016-09-11;3;1063;1;false;2581813
2637143242;1148284;2016-09-11;3;1377;1;true;543897
2637503649;1148284;2016-09-11;3;463;1;false;2581813
2637031654;1148284;2016-09-11;3;617;1;false;543897
2636839455;1148284;2016-09-11;3;1414;1;true;543897
2674314206;1148284;2016-09-28;1;1082;1;false;1375614
2673841826;1148284;2016-09-28;1;2113;1;true;3331948
2674224152;1148284;2016-09-28;1;860;1;false;1375614
2673796814;1148284;2016-09-28;1;787;1;false;3331948
2673748591;1148284;2016-09-28;1;1472;1;true;3331948
2676079441;1148284;2016-09-29;1;1348;1;true;1838315
2676276054;1148284;2016-09-29;1;1003;1;false;1838315
2676167491;1148284;2016-09-29;1;924;1;false;1838315
2678558089;1148284;2016-09-30;1;1183;1;false;726228
2678421549;1148284;2016-09-30;1;861;1;true;726228
2678664812;1148284;2016-09-30;1;916;1;false;726228
2704518260;1148284;2016-10-12;1;1069;1;false;98301
2705239678;1148284;2016-10-12;1;1720;1;false;2659468
2705107339;1148284;2016-10-12;1;1580;1;false;2659468
2704587400;1148284;2016-10-12;1;1112;1;false;98301
2755701613;1148284;2016-11-04;1;1230;0;true;2581813
2755498183;1148284;2016-11-04;1;1798;0;true;2581813
2758067850;1148284;2016-11-05;1;1123;0;false;3326875
2758278693;1148284;2016-11-05;1;940;0;false;3326875
2760293554;1148284;2016-11-06;1;1274;0;true;543897
2760531171;1148284;2016-11-06;1;2166;0;true;543897
2760745071;1148284;2016-11-06;1;977;0;false;3326875
2761034944;1148284;2016-11-06;1;1562;0;true;3326875
2760419111;1148284;2016-11-06;1;902;0;false;543897
2760899434;1148284;2016-11-06;1;803;0;false;3326875
2761162080;1148284;2016-11-06;1;1432;0;false;3326875
2772227063;1148284;2016-11-12;1;580;null;false;24
2772158707;1148284;2016-11-12;1;1164;Core;true;24
2772287243;1148284;2016-11-12;1;995;null;false;24
2772513214;1148284;2016-11-12;1;1186;Core;true;2108395
2772705743;1148284;2016-11-12;1;1174;null;false;2108395
2772593133;1148284;2016-11-12;1;884;null;false;2108395
