2410895838;350190;2016-06-04;1;1207;3;true;2777247
2411940567;350190;2016-06-04;1;1333;2;true;111474
2411196189;350190;2016-06-04;1;1067;2;false;2163
2411460113;350190;2016-06-04;1;863;3;false;2163
2411342644;350190;2016-06-04;1;1235;4;true;2163
2412105328;350190;2016-06-04;1;954;2;false;111474
2410966933;350190;2016-06-04;1;981;3;true;2777247
2412232933;350190;2016-06-04;1;1065;3;true;111474
2420758956;350190;2016-06-08;1;724;2;false;15
2420842637;350190;2016-06-08;1;1050;2;true;15
2420952614;350190;2016-06-08;1;899;3;true;15
2423773495;350190;2016-06-09;1;908;2;false;1375614
2423662664;350190;2016-06-09;1;748;2;false;1375614
2425850818;350190;2016-06-10;1;857;3;false;2163
2426001580;350190;2016-06-10;1;772;5;false;2163
2442341011;350190;2016-06-17;1;874;3;false;111474
2444663195;350190;2016-06-18;1;928;4;false;2163
2444509429;350190;2016-06-18;1;1127;4;false;2163
2442204165;350190;2016-06-17;1;804;4;true;111474
2442011484;350190;2016-06-17;1;664;3;false;111474
2460572757;350190;2016-06-25;1;1387;4;false;2581813
2459947585;350190;2016-06-25;1;1603;2;true;2776208
2460435158;350190;2016-06-25;1;870;4;true;2789395
2459839444;350190;2016-06-25;1;783;3;false;2108395
2460167956;350190;2016-06-25;1;955;4;true;1276785
2463047834;350190;2016-06-26;1;1195;3;true;543897
2463161660;350190;2016-06-26;1;1245;2;true;2581813
2462251386;350190;2016-06-26;1;796;4;true;2659468
2462735745;350190;2016-06-26;1;1019;4;true;2767921
2463296249;350190;2016-06-26;1;819;4;false;2108395
2462479057;350190;2016-06-26;1;627;3;true;24
2464572308;350190;2016-06-27;1;931;4;true;2776208
2467478609;350190;2016-06-28;1;1212;4;true;2581813
2467731883;350190;2016-06-28;1;1205;1;true;2581813
2467593841;350190;2016-06-28;1;889;4;false;2581813
2466903757;350190;2016-06-28;1;995;4;true;2659468
2467373931;350190;2016-06-28;1;739;3;true;2581813
2466812760;350190;2016-06-28;1;1250;4;true;2659468
2488249740;350190;2016-07-07;3;1201;3;true;2738555
2488113093;350190;2016-07-07;3;1012;4;true;2738555
2490453752;350190;2016-07-08;3;948;2;false;2789395
2490300202;350190;2016-07-08;3;1518;2;true;2789395
2490786972;350190;2016-07-08;3;1282;2;true;2789395
2490610417;350190;2016-07-08;3;1076;4;true;2789395
2502387920;350190;2016-07-13;1;811;4;false;2586976
2502305932;350190;2016-07-13;1;1049;2;true;2512249
2502229047;350190;2016-07-13;1;983;3;true;2512249
2502428208;350190;2016-07-14;1;1037;4;true;2586976
2502478249;350190;2016-07-14;1;1037;4;false;2586976
2508820859;350190;2016-07-16;1;1267;4;true;36
2508732666;350190;2016-07-16;1;1098;4;false;36
2508903361;350190;2016-07-16;1;715;3;false;36
2519205206;350190;2016-07-21;1;1396;4;true;36
2519304127;350190;2016-07-21;1;1162;2;false;36
2519381339;350190;2016-07-21;1;930;1;false;36
2521458298;350190;2016-07-22;1;1116;4;true;2635099
2521547512;350190;2016-07-22;1;991;4;true;2635099
2521344018;350190;2016-07-22;1;914;4;false;2635099
2523925191;350190;2016-07-23;1;1359;2;true;2512249
2523836370;350190;2016-07-23;1;913;4;false;2512249
2523718598;350190;2016-07-23;1;855;3;true;2512249
2526429133;350190;2016-07-24;1;923;2;false;36
2526354357;350190;2016-07-24;1;872;4;false;36
2524532644;350190;2016-07-24;1;1003;4;true;2970103
2524443650;350190;2016-07-24;1;1274;4;true;2970103
2547404209;350190;2016-08-04;1;811;3;false;4
2547592629;350190;2016-08-04;1;663;3;false;2512249
2547541147;350190;2016-08-04;1;895;2;false;2512249
2547438767;350190;2016-08-04;1;819;4;false;4
2549304968;350190;2016-08-04;1;720;4;false;1375614
2549351943;350190;2016-08-04;1;934;2;false;1375614
2549424687;350190;2016-08-05;1;764;4;true;1838315
2549644214;350190;2016-08-05;1;839;4;false;2163
2549509878;350190;2016-08-05;1;743;3;true;1838315
2549584654;350190;2016-08-05;1;835;4;false;2163
2551458951;350190;2016-08-05;1;1112;4;true;1148284
2551385390;350190;2016-08-05;1;845;4;false;1148284
2551558915;350190;2016-08-06;1;809;3;true;2777247
2551509577;350190;2016-08-06;1;980;4;true;2777247
2558473213;350190;2016-08-09;1;1007;4;true;2783913
2562207201;350190;2016-08-10;1;1093;3;true;111474
2562091541;350190;2016-08-10;1;1073;3;true;111474
2564485350;350190;2016-08-11;1;1263;3;true;2163
2564547149;350190;2016-08-11;1;1222;4;true;2163
2566482748;350190;2016-08-12;1;1175;4;true;1148284
2566866066;350190;2016-08-12;1;606;4;false;2512249
2566594115;350190;2016-08-12;1;961;4;true;1148284
2566934520;350190;2016-08-13;1;886;4;false;2512249
2633603755;350190;2016-09-10;3;1474;4;false;2581813
2633497272;350190;2016-09-10;3;1118;4;true;2581813
2633734776;350190;2016-09-10;3;1188;4;false;2581813
2634973789;350190;2016-09-10;3;1341;4;true;2659468
2636600744;350190;2016-09-11;3;1176;3;false;1148284
2700668641;350190;2016-10-10;1;926;3;true;24
2700779068;350190;2016-10-10;1;1325;4;true;24
2706788034;350190;2016-10-13;1;870;4;false;3326875
2706886080;350190;2016-10-13;1;679;4;false;3326875
2708676118;350190;2016-10-14;1;1358;4;true;2659468
2708604050;350190;2016-10-14;1;1378;4;true;2659468
2711930641;350190;2016-10-15;1;905;4;true;2581813
2711770146;350190;2016-10-15;1;1393;4;false;2581813
2711650212;350190;2016-10-15;1;1146;3;true;2581813
2714052908;350190;2016-10-16;1;768;4;false;98301
2713766674;350190;2016-10-16;1;821;4;false;98301
2713893418;350190;2016-10-16;1;957;3;true;98301
2736997513;350190;2016-10-27;1;1259;3;true;1276785
2736907451;350190;2016-10-27;1;1286;2;true;2880140
2737515540;350190;2016-10-27;1;900;4;false;2659468
2737325203;350190;2016-10-27;1;1002;4;true;1105664
2737135197;350190;2016-10-27;1;1595;4;true;24
2739155707;350190;2016-10-28;1;1134;4;false;3326875
2739236684;350190;2016-10-28;1;1310;2;false;543897
2739434764;350190;2016-10-28;1;1217;2;true;2108395
2741585092;350190;2016-10-29;1;1387;4;false;543897
2741389688;350190;2016-10-29;1;1471;4;false;543897
2743690402;350190;2016-10-30;1;916;2;false;2659468
2743495470;350190;2016-10-30;1;1118;4;true;2659468
2743564450;350190;2016-10-30;1;1264;2;false;2659468
2768190312;350190;2016-11-10;2;1067;null;true;3322396
2768279390;350190;2016-11-10;2;941;Core;true;3322396
2769934150;350190;2016-11-11;2;1123;null;true;3213075
2770211754;350190;2016-11-11;2;816;null;false;1272244
2769999991;350190;2016-11-11;2;1139;Core;true;3213075
2770300445;350190;2016-11-11;2;978;Core;false;1272244
