2442832848;1883502;2016-06-17;1;834;3;false;3
2442540306;1883502;2016-06-17;1;929;3;false;3
2442649169;1883502;2016-06-17;1;1391;3;true;3
2445056001;1883502;2016-06-18;1;1180;3;true;36
2444881470;1883502;2016-06-18;1;707;3;false;36
2445225082;1883502;2016-06-18;1;886;3;false;36
2454922855;1883502;2016-06-22;2;859;3;false;2642171
2455028459;1883502;2016-06-22;2;894;3;false;2642171
2460572040;1883502;2016-06-25;1;671;3;true;46
2461203360;1883502;2016-06-25;1;1010;3;false;111474
2460688631;1883502;2016-06-25;1;825;3;true;55
2461476971;1883502;2016-06-25;1;1534;3;true;2006913
2460871765;1883502;2016-06-25;1;1064;3;true;1838315
2463391722;1883502;2016-06-26;1;742;3;false;2538753
2463859768;1883502;2016-06-26;1;857;3;false;2790766
2462978052;1883502;2016-06-26;1;795;3;false;2642171
2463711060;1883502;2016-06-26;1;835;3;false;2783913
2530403998;55;2016-07-26;2;686;3;false;2790766
2530284678;55;2016-07-26;2;864;3;false;2790766
2530154239;55;2016-07-26;2;1485;4;true;2790766
2595724093;2006913;2016-08-24;2;935;3;true;111474
2595911558;2006913;2016-08-24;2;970;3;true;111474
2601070611;2006913;2016-08-26;2;817;3;false;59
2600989416;2006913;2016-08-26;2;1171;3;false;59
2608464942;2006913;2016-08-29;2;1248;3;true;46
2608546737;2006913;2016-08-29;2;764;3;true;46
2613020700;2006913;2016-08-31;2;434;3;false;2783913
2613155285;2006913;2016-08-31;2;736;3;true;2783913
2613508430;2006913;2016-08-31;2;1038;3;true;2783913
2613382574;2006913;2016-08-31;2;804;3;true;2783913
2613291660;2006913;2016-08-31;2;691;3;false;2783913
2615275949;2006913;2016-09-01;2;742;4;false;59
2615138939;2006913;2016-09-01;2;896;3;true;59
2615493185;2006913;2016-09-01;2;886;3;true;59
2615378496;2006913;2016-09-01;2;798;3;false;59
2615577441;2006913;2016-09-01;2;541;3;false;59
2670566662;2006913;2016-09-26;1;820;3;false;2537636
2670723455;2006913;2016-09-26;1;972;3;false;2537636
2703616243;2006913;2016-10-11;1;1281;3;true;46
2703494497;2006913;2016-10-11;1;754;3;false;46
2703697249;2006913;2016-10-11;1;1079;3;true;46
2705730909;2006913;2016-10-12;1;896;3;false;2783913
2706026434;2006913;2016-10-12;1;738;3;false;1883502
2706112060;2006913;2016-10-12;1;805;3;true;1883502
2710045006;2006913;2016-10-14;1;1212;3;true;2538753
2710256267;2006913;2016-10-14;1;757;3;false;3332295
2709731113;2006913;2016-10-14;1;1024;3;false;2538753
2710191376;2006913;2016-10-14;1;529;3;false;3332295
2709915195;2006913;2016-10-14;1;1186;3;true;2538753
2712507877;2006913;2016-10-15;1;1154;3;false;1883502
2712341613;2006913;2016-10-15;1;867;3;false;1883502
2717268342;2006913;2016-10-17;1;796;3;true;46
2708121940;2006913;2016-10-13;1;791;3;false;2163
2707859015;2006913;2016-10-13;1;1093;3;true;3214108
2708009312;2006913;2016-10-13;1;974;3;true;2163
2707751660;2006913;2016-10-13;1;684;3;false;3214108
2717347882;2006913;2016-10-17;1;1138;4;false;46
2717415283;2006913;2016-10-17;1;565;3;false;46
2736296946;2006913;2016-10-26;1;1013;3;false;111474
2736399954;2006913;2016-10-26;1;1397;3;true;111474
2737524381;2006913;2016-10-27;1;1028;3;true;2783913
2737621578;2006913;2016-10-27;1;802;3;false;2538753
2738058122;2006913;2016-10-27;1;967;3;true;36
2738595659;2006913;2016-10-27;1;970;3;false;1883502
2738454486;2006913;2016-10-27;1;289;3;false;1838315
2739526620;2006913;2016-10-28;1;694;3;false;2163
2739632750;2006913;2016-10-28;1;1212;3;true;111474
2739907255;2006913;2016-10-28;1;971;3;true;2642171
2740681929;2006913;2016-10-28;1;711;3;true;2533075
2749847551;2006913;2016-11-01;1;1093;0;false;2538753
2749721703;2006913;2016-11-01;1;658;0;false;2538753
2749571296;2006913;2016-11-01;1;918;0;true;2538753
2753763169;2006913;2016-11-03;1;857;0;true;2642171
2753887338;2006913;2016-11-03;1;703;0;false;2642171
2763507065;2006913;2016-11-07;2;716;Support;false;3266312
2765691614;2006913;2016-11-08;1;810;null;false;2533075
2765606807;2006913;2016-11-08;1;1073;null;false;2533075
2776261661;2790766;2016-11-13;3;1194;Support;true;3332295
