2408596812;2586976;2016-06-03;1;1202;4;true;46
2409393490;2586976;2016-06-03;1;1209;4;true;46
2408737158;2586976;2016-06-03;1;781;3;false;1375614
2408658682;2586976;2016-06-03;1;1200;3;true;46
2408813096;2586976;2016-06-03;1;630;3;false;1375614
2409156577;2586976;2016-06-03;1;778;3;false;46
2409298043;2586976;2016-06-03;1;1232;4;true;46
2418580528;2586976;2016-06-07;1;1069;3;true;36
2418664928;2586976;2016-06-07;1;1097;4;true;36
2423509445;2586976;2016-06-09;1;1174;3;true;1148284
2423400514;2586976;2016-06-09;1;1240;3;true;1148284
2428159350;2586976;2016-06-11;1;1032;3;true;1375614
2427950507;2586976;2016-06-11;1;820;3;false;1375614
2428046296;2586976;2016-06-11;1;1025;3;true;1375614
2430618706;2586976;2016-06-12;1;721;3;false;2163
2430738353;2586976;2016-06-12;1;1234;3;true;2163
2430984806;2586976;2016-06-12;1;867;4;true;2163
2430853227;2586976;2016-06-12;1;1190;3;true;2163
2442689934;2586976;2016-06-17;1;1273;3;true;36
2443468488;2586976;2016-06-17;1;1060;3;true;3
2443378342;2586976;2016-06-17;1;1413;3;true;3
2447074169;2586976;2016-06-19;1;862;3;false;2163
2448201980;2586976;2016-06-19;1;1438;3;true;36
2448310164;2586976;2016-06-19;1;1025;3;true;36
2447365661;2586976;2016-06-19;1;982;3;true;2163
2447190474;2586976;2016-06-19;1;1162;3;true;2163
2448082522;2586976;2016-06-19;1;1400;3;true;36
2502387920;2586976;2016-07-13;1;1155;3;true;350190
2502091915;2586976;2016-07-13;1;1093;3;true;2677025
2501986398;2586976;2016-07-13;1;934;3;true;2677025
2502428208;2586976;2016-07-14;1;814;3;false;350190
2502478249;2586976;2016-07-14;1;974;3;true;350190
2506690235;2586976;2016-07-15;1;687;3;false;1836806
2506751633;2586976;2016-07-16;1;900;3;false;1836806
2510756612;2586976;2016-07-17;1;1932;3;true;2163
2511192816;2586976;2016-07-17;1;747;3;false;1836806
2510831821;2586976;2016-07-17;1;771;3;false;2163
2511147044;2586976;2016-07-17;1;631;3;false;1836806
2510927175;2586976;2016-07-17;1;905;3;true;2163
2511239695;2586976;2016-07-18;1;834;3;false;1836806
2546940273;2586976;2016-08-03;1;1004;3;false;15
2547040899;2586976;2016-08-03;1;1073;3;true;15
2547301927;2586976;2016-08-03;1;1143;3;true;39
2547208285;2586976;2016-08-03;1;1030;3;true;111474
2547154885;2586976;2016-08-03;1;1274;3;true;111474
2547354532;2586976;2016-08-03;1;824;3;false;39
2548899546;2586976;2016-08-04;1;743;3;false;1836806
2549023865;2586976;2016-08-04;1;1231;3;true;1836806
2549200733;2586976;2016-08-04;1;1037;3;true;2783913
2549139153;2586976;2016-08-04;1;933;3;true;2783913
2551241703;2586976;2016-08-05;1;1222;3;true;36
2550969678;2586976;2016-08-05;1;1008;3;true;2108395
2551170074;2586976;2016-08-05;1;1157;3;true;36
2551078113;2586976;2016-08-05;1;1848;3;true;2108395
2558033556;2586976;2016-08-08;1;1741;3;true;1148284
2557955371;2586976;2016-08-08;1;810;3;false;1148284
2558113366;2586976;2016-08-08;1;854;4;false;1148284
2560320998;2586976;2016-08-09;1;604;3;false;2108395
2560377671;2586976;2016-08-10;1;872;3;false;2108395
2674644594;2586976;2016-09-28;1;918;3;false;39
2674540208;2586976;2016-09-28;1;700;3;false;39
2673934091;2586976;2016-09-28;1;793;3;true;2640025
2674016347;2586976;2016-09-28;1;1503;3;true;2640025
2674424505;2586976;2016-09-28;1;1143;3;true;39
2676379849;2586976;2016-09-29;1;1353;3;true;2640025
2676457888;2586976;2016-09-29;1;999;3;true;2640025
2677941169;2586976;2016-09-30;1;1460;4;false;1375614
2677795728;2586976;2016-09-30;1;1044;3;true;1375614
2677868731;2586976;2016-09-30;1;866;3;false;1375614
2680048021;2586976;2016-10-01;1;975;3;true;726228
2680843902;2586976;2016-10-01;1;1105;3;true;1838315
2680978460;2586976;2016-10-01;1;1065;3;true;1838315
2682879623;2586976;2016-10-02;1;698;3;true;39
2682989099;2586976;2016-10-02;1;850;3;false;39
2682745535;2586976;2016-10-02;1;739;3;false;39
2752216007;2586976;2016-11-02;3;1192;0;false;2783913
2752105396;2586976;2016-11-02;3;1043;0;true;2783913
2752301881;2586976;2016-11-02;3;1025;0;true;2783913
2754001919;2586976;2016-11-03;1;1041;0;true;2552670
2756460688;2586976;2016-11-04;3;1180;0;true;59
2756521987;2586976;2016-11-04;3;1266;0;true;59
2758509542;2586976;2016-11-05;1;1371;0;true;2538753
2758662234;2586976;2016-11-05;1;1398;0;true;2538753
2761136622;2586976;2016-11-06;1;942;0;false;1883502
2761329697;2586976;2016-11-06;1;903;null;true;1883502
2761247345;2586976;2016-11-06;1;923;Support;false;1883502
2761620508;2586976;2016-11-06;3;1169;Support;false;39
2761419323;2586976;2016-11-06;1;1494;null;true;1883502
2761684165;2586976;2016-11-06;3;993;null;false;39
2761501729;2586976;2016-11-06;1;867;null;false;1883502
2785114392;2586976;2016-11-17;1;898;null;true;2512249
2784988882;2586976;2016-11-17;1;1177;null;true;2512249
2785402676;2586976;2016-11-18;1;887;null;true;39
2785448115;2586976;2016-11-18;1;1401;Support;true;39
