2406229857;2701329;2016-06-02;3;723;2;false;2677025
2406270807;2701329;2016-06-02;3;677;2;false;2677025
2656346968;3333361;2016-09-20;2;1200;2;false;2672298
2660336918;3333361;2016-09-22;2;1390;2;true;3333433
2660283010;3333361;2016-09-22;2;1455;2;true;3333433
2667384586;3333361;2016-09-25;2;813;2;false;2672298
2667295362;3333361;2016-09-25;2;1159;2;false;2672298
2667251333;3333361;2016-09-25;2;1057;2;true;2672298
2675568667;3333361;2016-09-28;2;769;2;false;67
2677591521;3333361;2016-09-29;2;748;3;false;2677025
2677626358;3333361;2016-09-29;2;1004;4;false;2677025
2738608159;2701329;2016-10-27;1;884;4;true;2552670
2738673858;2701329;2016-10-27;1;844;3;false;3214108
2738810223;2701329;2016-10-28;1;760;2;false;3
2740880429;2701329;2016-10-28;1;1201;4;false;1061269
2740966265;2701329;2016-10-28;1;705;2;false;2672298
2740678805;2701329;2016-10-28;1;1114;2;true;2677025
