2617208982;2538753;2016-09-02;3;908;1;false;2850016
2617343599;2538753;2016-09-02;3;1536;1;false;2850016
2626370554;2538753;2016-09-06;3;1820;1;true;2842794
2626459274;2538753;2016-09-06;3;1657;2;true;2842794
2644301380;2538753;2016-09-14;3;1264;1;true;55
2644154772;2538753;2016-09-14;3;1273;2;false;55
2644420063;2538753;2016-09-14;3;989;1;false;55
2662107100;2538753;2016-09-22;2;989;2;false;2552670
2661977503;2538753;2016-09-22;2;1523;1;true;2552670
2661576001;2538753;2016-09-22;1;1098;1;false;1883502
2663854398;2538753;2016-09-23;3;1197;1;true;3330347
2663703123;2538753;2016-09-23;3;1558;1;true;3330347
2666268005;2538753;2016-09-24;2;1257;1;true;2552670
2666414264;2538753;2016-09-24;1;674;1;false;1883502
2671409178;2538753;2016-09-26;2;738;2;false;2790766
2691749029;2538753;2016-10-06;5;1371;1;true;2856814
2691465961;2538753;2016-10-06;5;1529;1;true;3313149
2694127685;2538753;2016-10-07;2;1175;1;false;3326680
2693998716;2538753;2016-10-07;5;1361;1;true;3333047
2697484544;2538753;2016-10-08;5;911;1;false;3334209
2696864414;2538753;2016-10-08;3;1105;1;true;1869482
2697268185;2538753;2016-10-08;5;1290;1;true;3334209
2697388470;2538753;2016-10-08;5;693;1;false;3334209
2696722540;2538753;2016-10-08;3;793;1;true;1869482
2705906457;2538753;2016-10-12;2;853;1;false;2552670
2706086605;2538753;2016-10-12;2;1133;1;true;2552670
2706004596;2538753;2016-10-12;2;1226;1;true;2552670
2710045006;2538753;2016-10-14;2;877;1;false;2006913
2709731113;2538753;2016-10-14;2;829;1;true;2006913
2709915195;2538753;2016-10-14;2;821;1;false;2006913
2712631211;2538753;2016-10-15;4;1433;1;true;3334062
2712728833;2538753;2016-10-15;4;1044;1;true;3334062
2719214280;2538753;2016-10-18;2;920;1;false;3332295
2719272863;2538753;2016-10-18;2;952;1;true;3332295
2719345353;2538753;2016-10-18;2;933;1;false;3332295
2720732352;2538753;2016-10-19;2;2045;1;true;2790766
2727374655;2538753;2016-10-22;3;1065;2;false;2246141
2737426491;2538753;2016-10-27;1;1039;1;false;2642171
2737621578;2538753;2016-10-27;2;920;1;true;2006913
2737326148;2538753;2016-10-27;2;699;1;false;111474
2738512449;2538753;2016-10-27;1;914;1;false;1883502
2739740929;2538753;2016-10-28;2;1006;2;false;2533075
2740120432;2538753;2016-10-28;2;1015;1;false;36
2740725576;2538753;2016-10-28;1;837;2;false;2163
2740634318;2538753;2016-10-28;1;858;1;false;1838315
2740492401;2538753;2016-10-28;2;1337;1;true;2783913
2749847551;2538753;2016-11-01;2;1297;0;true;2006913
2749721703;2538753;2016-11-01;2;1207;0;true;2006913
2749571296;2538753;2016-11-01;2;973;0;false;2006913
2751737021;2538753;2016-11-02;2;1099;0;true;2533075
2751970210;2538753;2016-11-02;2;1493;0;true;2533075
2751848581;2538753;2016-11-02;2;1059;0;false;2533075
2758509542;2538753;2016-11-05;1;1117;0;false;2586976
2758662234;2538753;2016-11-05;1;849;0;false;2586976
2763252119;2538753;2016-11-07;3;791;null;false;1964407
2769313950;2538753;2016-11-10;2;1658;Core;true;2552670
2769208948;2538753;2016-11-10;2;1204;null;false;2552670
2771661866;2538753;2016-11-11;5;1197;Core;true;3415078
2786796695;2538753;2016-11-18;3;1194;null;false;2246141
