2708158481;3;2016-10-13;1;558;2;false;3214108
2710465212;3;2016-10-14;3;1475;2;true;3333433
2715707364;3;2016-10-17;2;885;4;true;2677025
2715663224;3;2016-10-17;2;1279;2;true;2677025
2717502894;3;2016-10-17;1;1058;4;true;3214108
2717600898;3;2016-10-17;1;1049;2;true;3214108
2717560456;3;2016-10-17;1;753;2;false;3214108
2717653391;3;2016-10-18;1;787;4;false;3214108
2717713390;3;2016-10-18;1;804;2;false;3214108
2738678785;3;2016-10-27;3;1394;4;true;2672298
2738496608;3;2016-10-27;4;1096;2;true;1061269
2738810223;3;2016-10-28;4;1038;2;true;2701329
2740785367;3;2016-10-28;1;870;2;false;3214108
2740485757;3;2016-10-28;2;1759;2;true;2552670
2740920284;3;2016-10-28;3;532;3;false;2537636
2741014942;3;2016-10-28;2;1343;2;true;2677025
2743230633;3;2016-10-29;2;1313;2;true;2677025
2743298309;3;2016-10-29;2;1121;2;true;2677025
2745753559;3;2016-10-30;1;685;0;false;3214108
2745684725;3;2016-10-30;1;1002;0;false;3214108
2745864723;3;2016-10-31;3;1214;0;true;2672298
2745830432;3;2016-10-31;3;647;0;false;2672298
2745911794;3;2016-10-31;3;2025;0;true;2672298
2749973259;3;2016-11-01;1;1121;0;false;39
2750044073;3;2016-11-01;1;622;0;false;39
2752288404;3;2016-11-02;1;480;0;false;39
2752216887;3;2016-11-02;1;1398;0;true;39
2752323730;3;2016-11-02;1;923;0;false;39
2753757389;3;2016-11-03;1;1126;0;true;2512249
2754084191;3;2016-11-03;4;1301;0;true;2701329
2754134032;3;2016-11-03;4;969;0;true;2701329
2758997011;3;2016-11-05;4;1703;0;true;2701329
2759074615;3;2016-11-05;4;1194;0;false;2701329
2759173545;3;2016-11-05;4;1789;0;true;2701329
2761567444;3;2016-11-06;1;1129;null;false;3214108
2761646567;3;2016-11-06;1;794;Core;false;3214108
