2443619695;2672298;2016-06-17;3;1503;3;true;2832413
2443568380;2672298;2016-06-17;3;1366;4;false;2832413
2443665832;2672298;2016-06-18;3;1305;3;true;2832413
2457653900;2787107;2016-06-24;1;2241;3;true;2337404
2457734547;2787107;2016-06-24;1;1476;3;true;2842983
2459676921;2892819;2016-06-24;1;1355;3;true;2764871
2459830055;2787107;2016-06-25;1;1523;3;true;2767412
2459723205;2559227;2016-06-25;1;1160;3;true;2788413
2473102611;2672298;2016-07-01;3;912;3;false;67
2473057170;2672298;2016-07-01;3;1103;3;false;67
2477809112;2672298;2016-07-02;3;1356;3;true;2310555
2477612698;2672298;2016-07-02;3;860;3;true;2447557
2477713010;2672298;2016-07-02;3;832;3;true;2447557
2478018015;2672298;2016-07-03;3;938;3;true;2622695
2477859692;2672298;2016-07-03;3;825;3;false;2310555
2477918657;2672298;2016-07-03;3;1084;3;true;2622695
2486821284;2672298;2016-07-06;3;1028;3;true;67
2487017710;2672298;2016-07-07;3;718;3;false;1884355
2487085535;2672298;2016-07-07;3;950;3;false;1884355
2489125331;2672298;2016-07-08;3;1126;3;true;2728038
2489078181;2672298;2016-07-08;3;1482;3;true;2728038
2493848400;2672298;2016-07-10;3;1016;3;true;1633432
2496174420;2672298;2016-07-11;3;1101;3;true;2884142
2500255082;2672298;2016-07-12;3;1444;3;true;2890909
2500302264;2672298;2016-07-12;3;1021;3;true;2890909
2504642292;2672298;2016-07-15;3;980;3;true;1884355
2504710320;2672298;2016-07-15;3;796;3;false;1884355
2504779798;2672298;2016-07-15;3;1425;3;true;1884355
2506858239;2672298;2016-07-16;3;2054;4;true;2310555
2506922128;2672298;2016-07-16;3;1605;3;true;2310555
2515394312;2672298;2016-07-19;3;1062;3;false;2677025
2513531885;2672298;2016-07-19;3;1297;3;true;2788413
2515338113;2672298;2016-07-19;3;748;3;false;2677025
2513478472;2672298;2016-07-19;3;903;3;false;2788413
2513423345;2672298;2016-07-19;3;1180;3;true;2788413
2513597584;2672298;2016-07-19;3;1240;3;true;2788413
2519797903;2672298;2016-07-22;3;1220;3;true;67
2519721164;2672298;2016-07-22;3;1202;3;true;67
2519656393;2672298;2016-07-22;3;626;3;false;67
2524072750;2672298;2016-07-23;3;981;3;true;2677025
2524144375;2672298;2016-07-23;3;1396;3;true;2677025
2528674982;2672298;2016-07-25;3;1334;3;true;1884355
2528716832;2672298;2016-07-25;3;1057;3;true;1884355
2528758862;2672298;2016-07-26;3;984;3;true;1884355
2601469980;2672298;2016-08-27;3;1158;3;true;2634364
2601414544;2672298;2016-08-27;3;1326;3;true;2634364
2611401482;2672298;2016-08-30;3;1248;3;true;67
2611491997;2672298;2016-08-31;3;1213;3;true;67
2611458034;2672298;2016-08-30;3;1251;3;true;67
2656346968;2672298;2016-09-20;2;1372;3;true;3333361
2660153361;2672298;2016-09-21;2;975;3;false;2610270
2660227960;2672298;2016-09-22;2;1497;3;true;2610270
2667384586;2672298;2016-09-25;2;875;3;true;3333361
2667295362;2672298;2016-09-25;2;1398;4;true;3333361
2667251333;2672298;2016-09-25;2;722;3;false;3333361
2677624868;2672298;2016-09-29;2;605;3;false;3214108
2677586110;2672298;2016-09-29;2;967;3;true;3214108
2677775647;2672298;2016-09-30;2;727;3;false;2677025
2677718897;2672298;2016-09-30;2;1414;3;true;2677025
2677839586;2672298;2016-09-30;2;1174;3;false;2677025
2727610491;2672298;2016-10-22;1;1063;3;true;147
2727428126;2672298;2016-10-22;1;1475;3;true;3321220
2727005615;2672298;2016-10-22;1;1721;3;true;2788415
2729678939;2672298;2016-10-23;1;927;3;false;3321220
2729801094;2672298;2016-10-23;1;1136;3;true;3321220
2729539874;2672298;2016-10-23;1;1193;3;true;3321220
2730533456;2672298;2016-10-23;1;944;3;true;1061269
2730432722;2672298;2016-10-23;1;875;3;false;1061269
2730623327;2672298;2016-10-23;1;1133;3;true;1061269
2738480868;2672298;2016-10-27;1;707;3;false;3214108
2738678785;2672298;2016-10-27;1;1307;3;false;3
2738348820;2672298;2016-10-27;1;826;3;true;2552670
2738872552;2672298;2016-10-28;1;775;3;false;2677025
2740966265;2672298;2016-10-28;1;868;3;true;2701329
2740663777;2672298;2016-10-28;1;874;3;true;1061269
2740851412;2672298;2016-10-28;1;1648;3;true;2537636
2742937255;2672298;2016-10-29;1;770;3;true;3214108
2743037193;2672298;2016-10-29;1;772;3;false;3214108
2743155000;2672298;2016-10-29;1;994;3;false;3214108
2743414037;2672298;2016-10-30;1;1458;3;true;2677025
2743352161;2672298;2016-10-30;1;880;3;true;2677025
2745864723;2672298;2016-10-31;1;854;0;false;3
2745830432;2672298;2016-10-31;1;1245;0;true;3
2745911794;2672298;2016-10-31;1;1449;0;false;3
2763668231;2672298;2016-11-07;3;1120;null;true;3334621
2763724205;2672298;2016-11-07;3;719;Support;false;3334621
2763897966;2672298;2016-11-08;3;786;Support;false;571134
2763958954;2672298;2016-11-08;3;1115;null;true;39700
2781237599;2672298;2016-11-16;3;1137;Support;false;3513460
2781274033;2672298;2016-11-16;3;1283;Support;false;3513460
2785397865;2672298;2016-11-18;3;836;null;false;2701329
