2432892820;2640025;2016-06-13;2;1399;3;true
2432795898;2640025;2016-06-13;2;1509;3;true
2435259969;2640025;2016-06-14;3;1530;3;true
2435185724;2640025;2016-06-14;3;1584;3;true
2437184139;2640025;2016-06-15;3;1558;3;true
2438080347;2640025;2016-06-15;1;716;3;false
2437245892;2640025;2016-06-15;3;2031;3;true
2438197772;2640025;2016-06-15;1;1053;3;false
2439811503;2640025;2016-06-16;3;1682;3;true
2440497239;2640025;2016-06-16;1;1153;3;true
2440252878;2640025;2016-06-16;1;1139;3;true
2440376648;2640025;2016-06-16;1;1030;3;false
2439745493;2640025;2016-06-16;3;627;3;false
2440121708;2640025;2016-06-16;1;1259;3;true
2439946663;2640025;2016-06-16;3;1046;3;true
2441988389;2640025;2016-06-17;1;1533;3;true
2441750287;2640025;2016-06-17;3;1871;3;true
2441659625;2640025;2016-06-17;3;1854;3;true
2441902694;2640025;2016-06-17;1;1330;3;true
2444399524;2640025;2016-06-18;3;1262;3;true
2444840488;2640025;2016-06-18;1;1326;3;true
2444490247;2640025;2016-06-18;3;1588;3;true
2444980752;2640025;2016-06-18;1;1062;3;false
2447065491;2640025;2016-06-19;1;1403;3;true
2442565303;2640025;2016-06-17;1;1477;3;true
2442390070;2640025;2016-06-17;1;1233;3;true
2447182071;2640025;2016-06-19;1;1297;3;true
2449610686;2640025;2016-06-20;1;1074;3;true
2449723633;2640025;2016-06-20;1;1599;4;true
2449278805;2640025;2016-06-20;1;1557;3;true
2451274381;2640025;2016-06-21;1;1226;3;true
2451353878;2640025;2016-06-21;1;812;3;false
2451439716;2640025;2016-06-21;1;1060;3;false
2455734807;2640025;2016-06-23;1;1393;3;true
2462509279;2640025;2016-06-26;1;1563;3;true
2462948101;2640025;2016-06-26;1;554;3;false
2463084913;2640025;2016-06-26;1;1278;3;true
2462624643;2640025;2016-06-26;1;687;3;false
2465101901;2640025;2016-06-27;1;1060;3;false
2465299203;2640025;2016-06-27;1;1435;3;true
2465530478;2640025;2016-06-27;1;1219;3;false
2464857522;2640025;2016-06-27;1;905;3;true
2464572892;2640025;2016-06-27;1;1043;3;false
2464739613;2640025;2016-06-27;1;1176;3;true
2469098993;2640025;2016-06-29;2;1439;3;true
2469491045;2640025;2016-06-29;2;1021;3;false
2469608363;2640025;2016-06-29;2;1148;3;false
2469213040;2640025;2016-06-29;2;1571;3;true
2473693876;2640025;2016-07-01;1;857;3;false
2473583647;2640025;2016-07-01;1;947;4;false
2483387121;2640025;2016-07-05;1;1075;3;false
2485324437;2640025;2016-07-06;1;910;3;false
2485233256;2640025;2016-07-06;1;1364;3;true
2487714524;2640025;2016-07-07;1;1143;4;true
2487596245;2640025;2016-07-07;1;1827;3;true
2500816344;2640025;2016-07-13;1;790;3;false
2500881491;2640025;2016-07-13;1;729;3;false
2503496979;2640025;2016-07-14;2;1305;3;true
2503348969;2640025;2016-07-14;2;1538;3;true
2503085154;2640025;2016-07-14;1;801;3;false
2503195259;2640025;2016-07-14;1;1276;3;true
2515976901;2640025;2016-07-20;2;1640;3;true
2516322001;2640025;2016-07-20;2;1706;3;true
2518077827;2640025;2016-07-21;2;1317;3;true
2518310741;2640025;2016-07-21;2;1130;3;true
2518182762;2640025;2016-07-21;2;1576;3;true
2522469944;2640025;2016-07-23;1;1449;3;true
2522730902;2640025;2016-07-23;1;1019;3;false
2523000065;2640025;2016-07-23;1;995;3;false
2522889565;2640025;2016-07-23;1;1380;3;true
2525566002;2640025;2016-07-24;1;990;3;false
2524959542;2640025;2016-07-24;2;1207;3;true
2525745437;2640025;2016-07-24;1;1027;3;true
2525095455;2640025;2016-07-24;2;1495;3;true
2525452390;2640025;2016-07-24;1;1327;3;true
2529407904;2640025;2016-07-26;2;1297;3;true
2537286429;2640025;2016-07-30;2;1897;3;true
2537163589;2640025;2016-07-30;2;962;4;true
2539890484;2640025;2016-07-31;2;1631;3;true
2540132733;2640025;2016-07-31;2;1347;3;true
2540027204;2640025;2016-07-31;2;1629;3;true
2656925945;2640025;2016-09-20;1;1649;3;true
2656839144;2640025;2016-09-20;1;1729;3;true
2660695595;2640025;2016-09-22;1;1152;3;true
2660589253;2640025;2016-09-22;1;1521;3;true
2665415486;2640025;2016-09-24;1;1865;3;true
2665685154;2640025;2016-09-24;1;1439;3;true
2665567071;2640025;2016-09-24;1;1456;3;true
2665279316;2640025;2016-09-24;1;1030;3;false
2667838287;2640025;2016-09-25;2;1396;3;true
2667725054;2640025;2016-09-25;2;1479;3;true
2667940762;2640025;2016-09-25;1;1444;3;false
2668065777;2640025;2016-09-25;1;1721;3;true
2668683512;2640025;2016-09-25;1;1418;3;true
2668233373;2640025;2016-09-25;1;1309;3;true
2668365100;2640025;2016-09-25;1;1496;3;true
2668549684;2640025;2016-09-25;1;1073;3;false
2673934091;2640025;2016-09-28;1;1010;3;false
2674016347;2640025;2016-09-28;1;574;3;false
2675947244;2640025;2016-09-29;1;1835;3;true
2676379849;2640025;2016-09-29;1;756;3;false
2675996162;2640025;2016-09-29;1;1339;3;true
2675863393;2640025;2016-09-29;1;1066;3;false
2676457888;2640025;2016-09-29;1;983;3;false
2679071095;2640025;2016-09-30;1;1689;3;false
2678898609;2640025;2016-09-30;1;1177;3;false
2687929891;2640025;2016-10-04;1;1567;3;true
2687635219;2640025;2016-10-04;1;1698;3;true
2687506599;2640025;2016-10-04;1;1418;3;true
2687828538;2640025;2016-10-04;1;676;3;false
2689713440;2640025;2016-10-05;1;1319;3;true
2689614710;2640025;2016-10-05;1;1727;3;true
2691449871;2640025;2016-10-06;1;811;3;false
2691363375;2640025;2016-10-06;1;604;3;false
2696411088;2640025;2016-10-08;1;1274;3;true
2696260281;2640025;2016-10-08;1;883;3;true
2696184573;2640025;2016-10-08;1;1301;3;true
2696533597;2640025;2016-10-08;1;970;3;false
2700547808;2640025;2016-10-10;1;843;3;false
2700466185;2640025;2016-10-10;1;1027;3;false
2702545276;2640025;2016-10-11;1;1130;3;false
2702632119;2640025;2016-10-11;1;1300;3;true
2702473251;2640025;2016-10-11;1;2148;3;true
2716283869;2640025;2016-10-17;1;1275;4;true
2716214852;2640025;2016-10-17;1;1140;3;true
2720078346;2640025;2016-10-19;1;1338;3;true
2720006980;2640025;2016-10-19;1;908;3;false
2720150759;2640025;2016-10-19;1;761;3;false
2718592440;2640025;2016-10-18;2;1199;3;false
2724268094;2640025;2016-10-21;1;1035;4;false
2724508884;2640025;2016-10-21;2;914;3;false
2724390790;2640025;2016-10-21;2;1408;3;true
2724142742;2640025;2016-10-21;1;1251;3;false
2726515102;2640025;2016-10-22;1;1016;3;false
2726618460;2640025;2016-10-22;1;1022;3;true
2729329575;2640025;2016-10-23;2;699;3;false
2729158600;2640025;2016-10-23;2;1186;3;true
2731816086;2640025;2016-10-24;2;1044;3;false
2731707921;2640025;2016-10-24;2;938;3;false
2733572493;2640025;2016-10-25;2;790;3;false
2733465184;2640025;2016-10-25;2;727;3;false
2739447433;2640025;2016-10-28;1;2190;3;true
2739285942;2640025;2016-10-28;1;924;3;false
2739625496;2640025;2016-10-28;1;1916;3;true
2741791552;2640025;2016-10-29;1;1267;3;false
2741318410;2640025;2016-10-29;1;1644;3;true
2742337551;2640025;2016-10-29;1;1576;3;true
2741241696;2640025;2016-10-29;1;1347;3;true
2741887525;2640025;2016-10-29;1;1767;3;true
2742014780;2640025;2016-10-29;1;2148;3;true
2743671519;2640025;2016-10-30;1;1927;3;true
2743577586;2640025;2016-10-30;1;1694;3;true
