2424536913;1964407;2016-06-09;3;548;2;false
2424643650;1964407;2016-06-09;3;1069;1;false
2434101441;1964407;2016-06-13;3;1223;2;false
2481705481;1964407;2016-07-04;3;1938;1;true
2481612180;1964407;2016-07-04;3;1427;1;true
2491166293;1964407;2016-07-08;3;1214;1;true
2491070688;1964407;2016-07-08;3;1056;1;true
2510880321;1964407;2016-07-17;3;970;1;true
2510708924;1964407;2016-07-17;3;1009;1;false
2510984142;1964407;2016-07-17;3;1695;4;true
2512999219;1964407;2016-07-18;3;780;1;false
2512869691;1964407;2016-07-18;3;1116;1;false
2517347414;1964407;2016-07-20;3;1447;2;false
2517241649;1964407;2016-07-20;3;1011;2;false
2517145787;1964407;2016-07-20;3;906;1;true
2534046339;1964407;2016-07-28;2;548;2;false
2533964711;1964407;2016-07-28;2;1429;4;true
2534117760;1964407;2016-07-28;2;1082;1;false
2580648195;1964407;2016-08-18;3;883;1;true
2580484756;1964407;2016-08-18;3;1105;1;true
2588830075;1964407;2016-08-21;3;757;1;false
2588921360;1964407;2016-08-21;3;1300;1;true
2588681520;1964407;2016-08-21;3;850;1;true
2591064996;1964407;2016-08-22;3;1306;1;true
2591163076;1964407;2016-08-22;3;1053;1;true
2593310830;1964407;2016-08-23;3;940;1;false
2593108528;1964407;2016-08-23;3;1080;1;false
2600674001;1964407;2016-08-26;3;1039;1;true
2626606218;1964407;2016-09-06;3;1441;1;true
2626696552;1964407;2016-09-06;3;1443;2;true
2646049302;1964407;2016-09-15;3;1320;1;true
2693722208;1964407;2016-10-07;1;1529;1;true
2693489412;1964407;2016-10-07;1;1316;1;true
2695878207;1964407;2016-10-08;1;1171;1;true
2696343456;1964407;2016-10-08;1;998;1;false
2695984914;1964407;2016-10-08;1;1157;1;true
2696487511;1964407;2016-10-08;1;650;1;false
