2435194060;726228;2016-06-14;3;1953;3;true
2435298807;726228;2016-06-14;3;987;3;false
2434935621;726228;2016-06-14;3;1151;3;true
2435432286;726228;2016-06-14;3;1135;3;true
2435516850;726228;2016-06-14;3;551;4;false
2437814764;726228;2016-06-15;3;1229;3;true
2437428560;726228;2016-06-15;1;0;5;true
2437946108;726228;2016-06-15;3;1211;3;true
2437312815;726228;2016-06-15;1;667;4;false
2439579535;726228;2016-06-16;1;644;3;false
2439659337;726228;2016-06-16;1;638;4;false
2441601102;726228;2016-06-17;1;1726;3;true
2441665499;726228;2016-06-17;1;1280;3;true
2441879433;726228;2016-06-17;1;1828;3;true
2441976865;726228;2016-06-17;1;1637;3;true
2443977189;726228;2016-06-18;1;1585;3;true
2444476782;726228;2016-06-18;1;1418;3;false
2444070793;726228;2016-06-18;1;1478;3;true
2444612751;726228;2016-06-18;1;886;3;false
2447077729;726228;2016-06-19;1;1284;3;true
2447228956;726228;2016-06-19;1;1241;3;true
2447548927;726228;2016-06-19;1;1704;3;true
2447379758;726228;2016-06-19;1;1076;3;true
2449505661;726228;2016-06-20;2;1386;3;true
2449626045;726228;2016-06-20;2;982;3;false
2454125403;726228;2016-06-22;1;768;3;false
2454216255;726228;2016-06-22;1;813;3;false
2455632803;726228;2016-06-23;1;1349;3;true
2455734807;726228;2016-06-23;1;903;3;false
2463253508;726228;2016-06-26;1;862;3;false
2462525743;726228;2016-06-26;1;1147;3;true
2463084913;726228;2016-06-26;1;1030;4;false
2462652353;726228;2016-06-26;1;1093;3;false
2462295335;726228;2016-06-26;1;1041;3;true
2464980610;726228;2016-06-27;1;1618;3;true
2464765728;726228;2016-06-27;1;1382;3;true
2465530478;726228;2016-06-27;1;1169;3;true
2465129123;726228;2016-06-27;1;1036;3;true
2464672010;726228;2016-06-27;1;948;3;false
2467636453;726228;2016-06-28;1;1052;3;true
2466917982;726228;2016-06-28;1;990;3;false
2467763435;726228;2016-06-28;1;1283;3;true
2467030787;726228;2016-06-28;1;809;3;false
2469038175;726228;2016-06-29;1;823;3;false
2468957425;726228;2016-06-29;1;1230;3;true
2469153904;726228;2016-06-29;1;1037;3;false
2471781717;726228;2016-06-30;1;1084;1;true
2474243841;726228;2016-07-01;1;1272;3;false
2482738159;726228;2016-07-05;1;1552;4;true
2482681118;726228;2016-07-05;1;1557;4;true
2487714524;726228;2016-07-07;1;739;3;false
2487596245;726228;2016-07-07;1;1013;3;false
2487373654;726228;2016-07-07;1;1029;4;false
2487443779;726228;2016-07-07;1;1057;4;false
2500632973;726228;2016-07-13;1;1144;4;true
2500724300;726228;2016-07-13;1;1180;4;false
2502917620;726228;2016-07-14;1;1845;4;true
2503213342;726228;2016-07-14;1;997;4;false
2502994512;726228;2016-07-14;1;1547;4;false
2503091835;726228;2016-07-14;1;1761;4;true
2507512808;726228;2016-07-16;1;1041;4;true
2507668625;726228;2016-07-16;1;1386;4;true
2510229689;726228;2016-07-17;1;1345;3;false
2509430102;726228;2016-07-17;1;883;4;false
2509512975;726228;2016-07-17;1;1194;4;false
2510414939;726228;2016-07-17;1;911;4;false
2516422290;726228;2016-07-20;2;598;2;false
2520295162;726228;2016-07-22;2;964;4;false
2520179596;726228;2016-07-22;2;486;2;false
2522810774;726228;2016-07-23;2;1315;3;true
2522910647;726228;2016-07-23;2;1300;3;true
2525410961;726228;2016-07-24;2;1506;3;true
2655068220;3326126;2016-09-19;1;899;3;false
2655162963;3326126;2016-09-19;1;1303;3;true
2656784254;3326126;2016-09-20;1;1442;4;false
2656660495;3326126;2016-09-20;1;1487;3;true
2659133421;3326126;2016-09-21;1;1497;4;false
2658934424;3326126;2016-09-21;1;1336;3;true
2659046325;3326126;2016-09-21;1;1453;3;true
2658837692;3326126;2016-09-21;1;1160;3;false
2660839032;3326126;2016-09-22;1;1646;4;false
2660695595;3326126;2016-09-22;1;1088;3;false
2660589253;3326126;2016-09-22;1;1485;3;false
2660942998;3326126;2016-09-22;1;1193;3;false
2663104715;3326126;2016-09-23;1;1305;4;false
2663002354;3326126;2016-09-23;1;1497;3;true
2665415486;3326126;2016-09-24;1;1329;3;false
2665279316;3326126;2016-09-24;1;1792;3;true
2668240963;3326126;2016-09-25;1;688;3;false
2670208637;3326126;2016-09-26;1;932;3;false
2670311866;3326126;2016-09-26;1;617;3;false
2676008277;3326126;2016-09-29;1;1635;3;true
2676065116;3326126;2016-09-29;1;2194;3;true
2691730557;3326126;2016-10-06;1;1330;3;false
2691858168;3326126;2016-10-06;1;1032;3;false
2693908642;3326126;2016-10-07;1;1287;3;true
2694022188;3326126;2016-10-07;1;1282;3;true
2700859282;3326126;2016-10-10;1;1451;3;true
2701369873;3326126;2016-10-10;1;1594;3;true
2701159257;3326126;2016-10-10;1;1450;3;true
2701001981;3326126;2016-10-10;1;1136;3;true
2702537344;3326126;2016-10-11;1;1014;3;false
2702647195;3326126;2016-10-11;1;1337;3;false
2704975615;3326126;2016-10-12;1;1235;3;true
2705068081;3326126;2016-10-12;1;1445;3;true
2704709099;3326126;2016-10-12;1;1386;3;false
2704597606;3326126;2016-10-12;1;1179;3;false
2716173396;3326126;2016-10-17;1;1410;3;true
2716254823;3326126;2016-10-17;1;1524;3;true
2718467209;3326126;2016-10-18;1;937;3;false
2718337560;3326126;2016-10-18;1;1627;3;true
2720699522;3326126;2016-10-19;1;1231;3;true
2720549228;3326126;2016-10-19;1;1220;3;false
2713644866;3326126;2016-10-16;2;1534;3;true
2713795862;3326126;2016-10-16;2;1121;4;true
2720261185;3326126;2016-10-19;2;1839;4;true
2720376357;3326126;2016-10-19;2;1635;3;false
2722176489;3326126;2016-10-20;2;1146;4;true
2722087191;3326126;2016-10-20;2;1787;3;true
2724616088;3326126;2016-10-21;2;1124;3;true
2724750976;3326126;2016-10-21;2;1868;3;true
2727022170;3326126;2016-10-22;2;973;3;false
2726851753;3326126;2016-10-22;2;1425;3;true
2739447433;3326126;2016-10-28;1;775;3;false
2739185023;3326126;2016-10-28;1;1388;3;true
2739912560;3326126;2016-10-28;1;1687;3;true
2738938108;3326126;2016-10-28;1;1275;3;true
2739016157;3326126;2016-10-28;1;810;3;false
2741403542;3326126;2016-10-29;1;2166;3;true
2741216200;3326126;2016-10-29;1;1379;3;false
2741553470;3326126;2016-10-29;1;1238;3;false
2742011320;3326126;2016-10-29;1;1329;4;false
