2437531225;20;2016-06-15;1;1189;3;true
2437629424;20;2016-06-15;1;1333;3;true
2437920870;20;2016-06-15;3;1013;3;true
2437995937;20;2016-06-15;3;1633;3;true
2437184139;20;2016-06-15;3;950;3;false
2437245892;20;2016-06-15;3;1303;3;false
2437818927;20;2016-06-15;3;768;3;false
2440240941;20;2016-06-16;3;1411;3;true
2439805230;20;2016-06-16;1;1236;3;true
2439936076;20;2016-06-16;1;1545;3;true
2440098803;20;2016-06-16;3;1293;3;true
2441905752;20;2016-06-17;1;1141;3;true
2441767694;20;2016-06-17;1;1064;3;false
2444289147;20;2016-06-18;1;754;3;false
2444202401;20;2016-06-18;1;1239;3;false
2446610654;20;2016-06-19;1;959;3;false
2446534535;20;2016-06-19;1;1614;3;true
2447548927;20;2016-06-19;1;731;3;false
2447379758;20;2016-06-19;1;1030;3;false
2449099273;20;2016-06-20;2;1400;3;true
2449176594;20;2016-06-20;2;1284;3;false
2451737108;20;2016-06-21;1;1011;3;true
2451491062;20;2016-06-21;1;1477;3;false
2453646413;20;2016-06-22;1;1404;3;true
2463132755;20;2016-06-26;1;728;4;false
2463303682;20;2016-06-26;1;836;3;false
2462534343;20;2016-06-26;1;1370;3;true
2462666165;20;2016-06-26;1;695;4;false
2462287435;20;2016-06-26;1;637;3;false
2464973787;20;2016-06-27;1;990;4;false
2465299203;20;2016-06-27;1;825;3;false
2464847711;20;2016-06-27;1;728;3;false
2465129123;20;2016-06-27;1;1354;3;false
2467291841;20;2016-06-28;1;1287;3;true
2471297669;20;2016-06-30;2;1032;3;true
2471388138;20;2016-06-30;2;1602;3;true
2473307910;20;2016-07-01;1;836;3;false
2473489681;20;2016-07-01;1;926;3;false
2482975804;20;2016-07-05;1;770;3;false
2483046454;20;2016-07-05;1;1717;4;true
2483387121;20;2016-07-05;1;1725;3;true
2483246060;20;2016-07-05;1;1085;3;true
2485544657;20;2016-07-06;1;1304;3;true
2485475315;20;2016-07-06;1;1143;3;true
2487191672;20;2016-07-07;1;699;3;false
2487250513;20;2016-07-07;1;1331;3;true
2491829285;20;2016-07-09;3;973;4;false
2491693435;20;2016-07-09;3;1350;3;true
2491589352;20;2016-07-09;3;1017;3;false
2501237169;20;2016-07-13;1;887;3;false
2501294293;20;2016-07-13;1;960;3;false
2503496979;20;2016-07-14;2;941;3;false
2503348969;20;2016-07-14;2;1359;3;false
2505063600;20;2016-07-15;2;1052;2;false
2504983361;20;2016-07-15;2;1270;4;false
2508059262;20;2016-07-16;1;1216;3;false
2507952925;20;2016-07-16;1;743;3;false
2509781610;20;2016-07-17;1;1021;3;false
2509882514;20;2016-07-17;1;794;3;false
2518310741;20;2016-07-21;2;1322;3;false
2518204894;20;2016-07-21;2;1777;3;true
2522277294;20;2016-07-23;1;805;4;false
2525156136;20;2016-07-24;2;1376;3;true
2525295008;20;2016-07-24;2;1304;4;true
2527263527;20;2016-07-25;2;1368;4;true
2527350837;20;2016-07-25;2;1268;3;true
2527129302;20;2016-07-25;2;1050;3;true
2529247320;20;2016-07-26;2;1178;3;false
2529154603;20;2016-07-26;2;940;3;false
2531333316;20;2016-07-27;2;1090;4;false
2658598435;3331948;2016-09-21;1;1224;3;true
2658671456;3331948;2016-09-21;1;785;4;false
2658934424;3331948;2016-09-21;1;826;3;false
2659405702;3331948;2016-09-21;1;657;3;false
2659264957;3331948;2016-09-21;1;1228;3;true
2659546197;3331948;2016-09-21;1;1714;3;true
2658837692;3331948;2016-09-21;1;1782;3;true
2658752820;3331948;2016-09-21;1;1341;3;true
2660839032;3331948;2016-09-22;1;1509;3;true
2660942998;3331948;2016-09-22;1;1493;3;true
2662895738;3331948;2016-09-23;1;1204;3;true
2662809840;3331948;2016-09-23;1;1369;3;true
2665388881;3331948;2016-09-24;1;1149;3;false
2665685154;3331948;2016-09-24;1;1060;3;false
2665567071;3331948;2016-09-24;1;1143;3;false
2665017560;3331948;2016-09-24;1;1076;3;true
2665268372;3331948;2016-09-24;1;1164;3;true
2665144721;3331948;2016-09-24;1;1405;3;true
2665827474;3331948;2016-09-24;1;2096;3;true
2667940762;3331948;2016-09-25;1;1441;3;true
2668065777;3331948;2016-09-25;1;939;3;false
2668397922;3331948;2016-09-25;1;1321;3;true
2668603980;3331948;2016-09-25;1;1037;3;true
2668243797;3331948;2016-09-25;1;1043;3;false
2668528370;3331948;2016-09-25;1;1524;3;true
2673841826;3331948;2016-09-28;1;1440;3;false
2673796814;3331948;2016-09-28;1;967;3;true
2673748591;3331948;2016-09-28;1;1037;3;false
2675743100;3331948;2016-09-29;1;622;3;false
2675796143;3331948;2016-09-29;1;834;3;false
2679071095;3331948;2016-09-30;1;1502;3;true
2678898609;3331948;2016-09-30;1;1084;3;true
2680373276;3331948;2016-10-01;1;811;3;false
2687318626;3331948;2016-10-04;1;1077;3;true
2687244722;3331948;2016-10-04;1;1001;3;true
2687811707;3331948;2016-10-04;1;1122;3;true
2687994168;3331948;2016-10-04;1;864;3;false
2688112512;3331948;2016-10-04;1;708;3;false
2689840115;3331948;2016-10-05;1;1086;3;false
2689730932;3331948;2016-10-05;1;1403;3;true
2690025308;3331948;2016-10-05;1;950;3;false
2690117773;3331948;2016-10-05;1;816;3;false
2694340862;3331948;2016-10-07;1;990;3;false
2693897355;3331948;2016-10-07;1;1554;3;true
2694210702;3331948;2016-10-07;1;1297;3;true
2694476613;3331948;2016-10-07;1;797;3;false
2693787381;3331948;2016-10-07;1;1046;3;true
2696157417;3331948;2016-10-08;1;1064;3;false
2696293515;3331948;2016-10-08;1;1107;3;false
2698730571;3331948;2016-10-09;1;1139;3;false
2698859789;3331948;2016-10-09;1;681;3;false
2700859282;3331948;2016-10-10;1;647;3;false
2700547808;3331948;2016-10-10;1;1186;3;true
2700466185;3331948;2016-10-10;1;1407;3;true
2701001981;3331948;2016-10-10;1;875;3;false
2703061424;3331948;2016-10-11;1;982;3;false
2702976634;3331948;2016-10-11;1;687;3;false
2718111760;3331948;2016-10-18;1;1407;3;true
2718033207;3331948;2016-10-18;1;1313;3;false
2717993300;3331948;2016-10-18;1;1071;3;true
2720078346;3331948;2016-10-19;1;953;3;false
2720006980;3331948;2016-10-19;1;1182;4;true
2720150759;3331948;2016-10-19;1;1411;3;true
2720521410;3331948;2016-10-19;1;825;3;false
2720643874;3331948;2016-10-19;1;824;3;false
2720428562;3331948;2016-10-19;1;1057;3;true
2722481467;3331948;2016-10-20;2;901;3;true
2722568733;3331948;2016-10-20;2;1154;3;true
2724160249;3331948;2016-10-21;2;1239;3;true
2724254108;3331948;2016-10-21;2;1428;4;true
2726805463;3331948;2016-10-22;1;1072;3;false
2726374600;3331948;2016-10-22;1;1128;3;false
2726270976;3331948;2016-10-22;1;1349;3;true
2726933981;3331948;2016-10-22;1;943;3;true
2729836226;3331948;2016-10-23;2;1319;3;true
2729691186;3331948;2016-10-23;2;1314;3;true
2731959227;3331948;2016-10-24;2;1017;3;true
2732116113;3331948;2016-10-24;2;1071;3;true
2733572493;3331948;2016-10-25;2;1541;3;true
2733465184;3331948;2016-10-25;2;1028;3;true
2739185023;3331948;2016-10-28;1;1125;3;false
2739095086;3331948;2016-10-28;1;1222;3;true
2739356374;3331948;2016-10-28;1;1127;3;true
2739757784;3331948;2016-10-28;1;1342;3;true
2741791552;3331948;2016-10-29;1;1908;3;true
2742112250;3331948;2016-10-29;1;1554;3;false
2741548006;3331948;2016-10-29;1;1733;3;true
2742378319;3331948;2016-10-29;1;1567;3;true
2742259068;3331948;2016-10-29;1;1618;3;true
2743891515;3331948;2016-10-30;1;1533;3;true
2743805307;3331948;2016-10-30;1;1872;3;true
