2446371792;2728038;2016-06-19;3;1391;3;false
2446452104;2728038;2016-06-19;3;1951;3;true
2446293061;2728038;2016-06-19;3;1495;3;true
2457777239;2907596;2016-06-24;1;1515;3;true
2459675623;2908903;2016-06-24;1;622;3;false
2489125331;2728038;2016-07-08;3;1124;3;false
2489078181;2728038;2016-07-08;3;1153;3;false
2631194720;2728038;2016-09-09;3;764;2;true
2658261184;2728038;2016-09-21;3;1261;3;true
2658298652;2728038;2016-09-21;3;1516;3;true
2675801172;2728038;2016-09-29;3;966;3;false
2675961713;2728038;2016-09-29;3;1832;4;true
2675871272;2728038;2016-09-29;3;1388;3;true
2730804563;2728038;2016-10-23;1;2536;3;true
2736685463;2728038;2016-10-26;1;990;4;false
