2447379904;2859283;2016-06-19;2;1639;2;true
2473880183;2859283;2016-07-01;2;1180;2;true
2476354216;2859283;2016-07-02;2;212;2;false
2476445460;2859283;2016-07-02;2;1031;2;false
2713637707;3349045;2016-10-16;2;1519;4;false
2713762743;3349045;2016-10-16;2;715;1;false
2716578673;3349045;2016-10-17;2;1291;1;false
2716754010;3349045;2016-10-17;2;1077;1;true
2718409982;3349045;2016-10-18;2;828;1;false
2718294000;3349045;2016-10-18;2;848;1;false
2720068203;3349045;2016-10-19;2;1111;1;false
2722643515;3349045;2016-10-20;2;641;1;false
2722546341;3349045;2016-10-20;2;1343;1;true
2724423636;3349045;2016-10-21;2;1343;1;true
2724321799;3349045;2016-10-21;2;998;1;true
