2405240400;2780729;2016-06-01;3;1347;1;true
2405379940;2780729;2016-06-01;3;1392;2;true
2409375204;2780729;2016-06-03;3;883;1;true
2409573630;2780729;2016-06-03;3;943;1;true
2419158690;2780729;2016-06-07;3;1295;1;true
2419080892;2780729;2016-06-07;3;1767;2;true
2421632962;2780729;2016-06-08;3;1188;1;true
2421744792;2780729;2016-06-08;3;1196;2;true
2433092992;2780729;2016-06-13;2;653;2;true
2433200897;2780729;2016-06-13;2;1169;2;true
2435307874;2780729;2016-06-14;2;1177;2;true
2435821908;2780729;2016-06-14;3;926;1;true
2435420669;2780729;2016-06-14;2;1340;2;true
2437565390;2780729;2016-06-15;2;1976;2;true
2437682290;2780729;2016-06-15;2;1967;2;true
2440500452;2780729;2016-06-16;2;974;1;true
2440340319;2780729;2016-06-16;2;982;1;false
2440634149;2780729;2016-06-16;2;1647;2;true
2442777662;2780729;2016-06-17;3;1928;2;true
2457675135;2780729;2016-06-24;1;795;2;false
2457849379;2780729;2016-06-24;1;644;1;false
2457754850;2780729;2016-06-24;1;1240;1;true
2457555774;2780729;2016-06-24;1;1709;2;true
2494697067;2780729;2016-07-10;3;1144;1;true
2656918057;2414095;2016-09-20;1;1530;4;true
2656861720;2414095;2016-09-20;1;685;4;false
2658846855;2414095;2016-09-21;1;1049;2;true
2658764620;2414095;2016-09-21;1;1133;4;false
2660646701;2414095;2016-09-22;1;1014;4;true
2660735396;2414095;2016-09-22;1;1313;4;false
2660586214;2414095;2016-09-22;1;1034;4;false
2680533462;2828740;2016-10-01;1;1108;1;false
2680269151;2828740;2016-10-01;1;640;4;false
2680333068;2828740;2016-10-01;1;993;4;false
2681208900;2828740;2016-10-01;1;1203;4;false
2681078179;2828740;2016-10-01;1;575;3;true
2700732352;2414095;2016-10-10;1;886;2;false
2700831927;2414095;2016-10-10;1;1217;4;false
2702712371;2414095;2016-10-11;1;1135;4;false
2702831932;2414095;2016-10-11;1;1025;4;false
2704823566;2414095;2016-10-12;1;682;2;false
2704751332;2414095;2016-10-12;1;922;4;false
2714140348;2414095;2016-10-16;2;1132;4;true
2713999086;2414095;2016-10-16;2;1299;3;false
