2542379906;3095098;2016-08-01;3;538;2;false
2542153158;3095098;2016-08-01;3;1480;1;true
2542690642;3095098;2016-08-01;3;1272;2;false
2542539411;3095098;2016-08-01;3;1014;2;false
2582419453;2644737;2016-08-19;3;2713;2;false
2582284647;2644737;2016-08-19;3;1101;2;false
2593360179;2644737;2016-08-23;3;1548;2;true
2593192433;2644737;2016-08-23;3;2618;2;true
2592979329;2644737;2016-08-23;3;1284;2;true
2613071027;2644737;2016-08-31;3;1321;2;true
2612859443;2644737;2016-08-31;3;2046;2;true
2612711175;2644737;2016-08-31;3;448;2;false
2668369305;2644737;2016-09-25;2;1809;2;true
2735428111;2644737;2016-10-26;1;858;2;false
