2435626756;5;2016-06-14;3;1276;3;false
2435517124;5;2016-06-14;3;1890;3;true
2435752301;5;2016-06-14;3;822;3;false
2438080347;5;2016-06-15;1;1439;3;true
2438197772;5;2016-06-15;1;1587;3;true
2439955955;5;2016-06-16;3;1537;3;true
2439751520;5;2016-06-16;3;917;4;true
2439829291;5;2016-06-16;3;1033;3;false
2439643051;5;2016-06-16;3;598;3;false
2439460317;5;2016-06-16;3;1652;3;true
2439522909;5;2016-06-16;3;1164;3;false
2440451503;5;2016-06-16;1;1886;3;false
2440329883;5;2016-06-16;1;0;5;true
2444883863;5;2016-06-18;1;1461;3;true
2444777259;5;2016-06-18;1;1637;3;true
2446649001;5;2016-06-19;1;1403;3;true
2446552186;5;2016-06-19;1;1347;3;true
2442714305;5;2016-06-17;1;1137;3;true
2442576015;5;2016-06-17;1;1350;4;true
2449423270;5;2016-06-20;1;887;4;true
2449161366;5;2016-06-20;1;1056;3;false
2449282596;5;2016-06-20;1;1393;3;true
2462277891;5;2016-06-26;1;1196;3;true
2463333087;5;2016-06-26;1;1164;3;true
2462800117;5;2016-06-26;1;697;3;true
2463164128;5;2016-06-26;1;948;3;false
2462624643;5;2016-06-26;1;1539;4;true
2464765728;5;2016-06-27;1;703;3;false
2464575463;5;2016-06-27;1;1296;3;true
2464847711;5;2016-06-27;1;1525;3;true
2465280543;5;2016-06-27;1;830;3;false
2467636453;5;2016-06-28;1;1102;3;false
2466794237;5;2016-06-28;1;1193;3;false
2467763435;5;2016-06-28;1;1118;3;false
2466696661;5;2016-06-28;1;1074;3;false
2476609317;5;2016-07-02;1;1580;3;true
2477061868;5;2016-07-02;1;813;3;false
2477191251;5;2016-07-02;1;1067;3;false
2478656233;5;2016-07-03;1;1022;4;true
2478862924;5;2016-07-03;1;1497;3;true
2483331021;5;2016-07-05;1;1210;3;true
2483221439;5;2016-07-05;1;1591;3;true
2485836552;5;2016-07-06;1;1717;3;true
2485730343;5;2016-07-06;1;1164;3;false
2491829285;5;2016-07-09;3;1074;3;true
2491693435;5;2016-07-09;3;767;3;false
2491589352;5;2016-07-09;3;986;3;true
2499290486;5;2016-07-12;1;1422;3;true
2499461927;5;2016-07-12;1;1225;3;false
2499635875;5;2016-07-12;1;1266;3;true
2499171175;5;2016-07-12;1;1746;3;true
2502902045;5;2016-07-14;1;885;3;false
2502711579;5;2016-07-14;1;1270;3;false
2502972140;5;2016-07-14;1;901;3;false
2502820698;5;2016-07-14;1;1345;3;false
2656733100;5;2016-09-20;1;655;3;false
2656658532;5;2016-09-20;1;782;3;false
2658598435;5;2016-09-21;1;729;3;false
2658671456;5;2016-09-21;1;1096;3;true
2659452604;5;2016-09-21;1;988;3;false
2658752820;5;2016-09-21;1;1205;3;false
2659288432;5;2016-09-21;1;1519;3;true
2661209558;5;2016-09-22;1;1179;3;true
2661344409;5;2016-09-22;1;747;3;false
2665526451;5;2016-09-24;1;1070;3;true
2668072792;5;2016-09-25;1;955;3;true
2668240963;5;2016-09-25;1;1208;3;true
2668683512;5;2016-09-25;1;864;3;false
2668549684;5;2016-09-25;1;1600;3;true
2670715913;5;2016-09-26;1;1234;3;true
2670592575;5;2016-09-26;1;1514;3;true
2687811707;5;2016-10-04;1;926;3;false
2687994168;5;2016-10-04;1;1269;3;true
2688112512;5;2016-10-04;1;1222;3;true
2689840115;5;2016-10-05;1;1257;3;true
2689730932;5;2016-10-05;1;801;3;false
2690327155;5;2016-10-05;1;954;3;true
2690188265;5;2016-10-05;1;1331;3;true
2693908642;5;2016-10-07;1;637;3;false
2693769277;5;2016-10-07;1;1272;3;true
2693644106;5;2016-10-07;1;1241;3;true
2694022188;5;2016-10-07;1;673;3;false
2698895759;5;2016-10-09;1;1679;3;true
2699187650;5;2016-10-09;1;1094;3;true
2699030547;5;2016-10-09;1;1001;3;true
2698715386;5;2016-10-09;1;1587;3;true
2700673845;5;2016-10-10;1;944;3;true
2700781961;5;2016-10-10;1;1347;3;true
2703377370;5;2016-10-11;1;1318;3;false
2703499764;5;2016-10-11;1;1029;3;false
2716283869;5;2016-10-17;1;1095;3;false
2716214852;5;2016-10-17;1;894;3;false
2724379071;5;2016-10-21;1;1536;3;true
2724534978;5;2016-10-21;1;1309;3;true
2724057651;5;2016-10-21;2;1540;3;true
2723971993;5;2016-10-21;2;1039;3;false
2726805463;5;2016-10-22;1;1255;3;true
2726933981;5;2016-10-22;1;657;3;false
2729673896;5;2016-10-23;2;1559;3;true
2729157240;5;2016-10-23;2;1155;3;true
2729315310;5;2016-10-23;2;1022;3;true
2729542546;5;2016-10-23;2;1163;3;true
2731959227;5;2016-10-24;2;601;3;false
2731816086;5;2016-10-24;2;1131;3;true
2731707921;5;2016-10-24;2;935;3;true
2732116113;5;2016-10-24;2;999;3;false
2739919221;5;2016-10-28;1;1101;4;true
2739178354;5;2016-10-28;1;1512;3;true
2739382279;5;2016-10-28;1;1238;3;true
2741216200;5;2016-10-29;1;1865;3;true
2741318410;5;2016-10-29;1;1484;3;false
2742552149;5;2016-10-29;1;1038;3;false
2741903719;5;2016-10-29;1;1094;3;false
2741749359;5;2016-10-29;1;1384;3;false
2741642795;5;2016-10-29;1;1641;3;true
2742259068;5;2016-10-29;1;1815;3;false
