2442550112;2854942;2016-06-17;2;1109;2;true
2481086683;2854942;2016-07-04;2;1753;2;true
2483298255;2854942;2016-07-05;2;1603;2;true
2483474515;2854942;2016-07-05;2;1520;2;true
2485526884;2854942;2016-07-06;2;850;2;false
2485698198;2854942;2016-07-06;2;896;2;false
2716860875;3336725;2016-10-17;2;1749;2;true
2718564315;3336725;2016-10-18;2;1406;1;true
2718703515;3336725;2016-10-18;2;1144;1;false
2722481467;3336725;2016-10-20;2;655;1;false
2722568733;3336725;2016-10-20;2;782;1;false
2726575776;3336725;2016-10-22;2;1260;1;true
2727062769;3336725;2016-10-22;2;1059;1;false
2726698075;3336725;2016-10-22;2;1894;1;true
2727223021;3336725;2016-10-22;2;1969;2;true
