2410211227;2533075;2016-06-03;3;1328;3;true
2410312824;2533075;2016-06-03;3;2308;3;true
2419873195;2533075;2016-06-07;3;1916;3;true
2419750817;2533075;2016-06-07;3;1227;3;false
2419982182;2533075;2016-06-07;3;1154;4;false
2424536913;2533075;2016-06-09;3;1285;3;true
2424643650;2533075;2016-06-09;3;945;3;true
2427100190;2533075;2016-06-10;3;1756;3;true
2426945572;2533075;2016-06-10;3;1222;3;true
2434286660;2533075;2016-06-13;3;1331;3;false
2434067917;2533075;2016-06-13;3;961;3;false
2434177195;2533075;2016-06-13;3;1305;3;true
2433966081;2533075;2016-06-13;3;1268;3;true
2433852301;2533075;2016-06-13;3;859;3;false
2436214654;2533075;2016-06-14;3;751;3;false
2436368215;2533075;2016-06-14;3;524;3;false
2438350996;2533075;2016-06-15;3;1422;3;true
2438528893;2533075;2016-06-15;3;1360;3;false
2438220840;2533075;2016-06-15;3;508;3;false
2440709576;2533075;2016-06-16;3;1375;3;true
2461550936;2533075;2016-06-25;3;1507;3;true
2470449876;2533075;2016-06-29;3;1314;3;true
2470349461;2533075;2016-06-29;3;1304;3;true
2472330520;2533075;2016-06-30;3;1026;3;false
2477275657;2533075;2016-07-02;2;628;3;false
2476919841;2533075;2016-07-02;2;1184;3;false
2477402399;2533075;2016-07-02;2;652;3;false
2477072702;2533075;2016-07-02;2;1173;3;false
2479545631;2533075;2016-07-03;3;1278;3;true
2479696649;2533075;2016-07-03;3;978;3;false
2479399715;2533075;2016-07-03;3;1002;3;false
2481896186;2533075;2016-07-04;3;1018;3;true
2481749964;2533075;2016-07-04;3;925;3;false
2482037472;2533075;2016-07-04;3;1197;4;true
2492857938;2533075;2016-07-09;3;845;3;false
2497715367;2533075;2016-07-11;3;1176;3;true
2497555157;2533075;2016-07-11;3;1222;3;true
2497918879;2533075;2016-07-11;3;1341;3;true
2498017728;2533075;2016-07-11;3;2020;3;true
2499567054;2533075;2016-07-12;3;1317;3;false
2499708032;2533075;2016-07-12;3;658;3;false
2499818639;2533075;2016-07-12;3;1290;3;false
2519003016;2533075;2016-07-21;3;1099;3;true
2518864618;2533075;2016-07-21;3;1849;3;true
2530490207;2533075;2016-07-26;2;805;3;false
2530566335;2533075;2016-07-26;2;1135;3;true
2530669102;2533075;2016-07-26;2;914;3;false
2532026266;2533075;2016-07-27;3;1100;3;true
2532137026;2533075;2016-07-27;3;1203;3;true
2580859674;2533075;2016-08-18;3;1511;3;true
2580759566;2533075;2016-08-18;3;1768;3;true
2580636916;2533075;2016-08-18;3;1378;3;true
2583392091;2533075;2016-08-19;3;1055;3;false
2583294797;2533075;2016-08-19;3;753;3;false
2590460386;2533075;2016-08-22;3;1484;3;true
2595565813;2533075;2016-08-24;3;1430;3;false
2598335261;2533075;2016-08-25;3;1093;3;true
2598175115;2533075;2016-08-25;3;731;3;false
2598432678;2533075;2016-08-25;3;1038;3;false
2617678095;2533075;2016-09-02;3;1601;3;true
2617586467;2533075;2016-09-02;3;1745;3;true
2622676505;2533075;2016-09-04;3;1396;3;true
2622770336;2533075;2016-09-04;3;1283;3;true
2628377292;2533075;2016-09-07;3;1379;3;true
2628530178;2533075;2016-09-07;3;946;3;true
2639764510;2533075;2016-09-12;3;1643;3;true
2639882870;2533075;2016-09-12;3;1298;3;true
2663851844;2533075;2016-09-23;3;982;3;true
2663696428;2533075;2016-09-23;3;1720;3;true
2664338380;2533075;2016-09-23;3;716;3;false
2664235177;2533075;2016-09-23;3;901;3;false
2664133836;2533075;2016-09-23;3;1406;3;true
2666544559;2533075;2016-09-24;3;1179;3;true
2666665527;2533075;2016-09-24;3;1288;3;true
2671348558;2533075;2016-09-26;2;1005;3;true
2673074764;2533075;2016-09-27;3;1093;3;true
2674947871;2533075;2016-09-28;3;1081;3;true
2675287268;2533075;2016-09-28;3;1386;3;true
2674823725;2533075;2016-09-28;3;1186;3;true
2677197824;2533075;2016-09-29;2;1023;3;true
2677090549;2533075;2016-09-29;2;1445;3;true
2681599767;2533075;2016-10-01;3;1310;3;true
2681729841;2533075;2016-10-01;3;1305;3;true
2692794991;2533075;2016-10-06;1;726;3;false
2692910644;2533075;2016-10-06;1;1604;3;true
2692974404;2533075;2016-10-06;1;1654;3;true
2694580690;2533075;2016-10-07;1;1284;3;true
2696245381;2533075;2016-10-08;1;1412;3;true
2695866686;2533075;2016-10-08;1;1693;3;true
2696098958;2533075;2016-10-08;1;1106;3;true
2695958805;2533075;2016-10-08;1;1083;3;false
2696357059;2533075;2016-10-08;1;742;3;false
2696464492;2533075;2016-10-08;1;1122;3;true
2699840571;2533075;2016-10-09;1;1695;3;true
2698876192;2533075;2016-10-09;1;1467;3;true
2699014786;2533075;2016-10-09;1;1542;3;true
2699691501;2533075;2016-10-09;1;1216;3;true
2703929484;2533075;2016-10-11;2;1020;3;false
2703849095;2533075;2016-10-11;2;1081;3;false
2721116910;2533075;2016-10-19;1;937;3;false
2721020383;2533075;2016-10-19;1;1644;3;true
2717147367;2533075;2016-10-17;3;1362;3;true
2716955834;2533075;2016-10-17;3;1088;3;true
2723059334;2533075;2016-10-20;1;754;3;false
2723167989;2533075;2016-10-20;1;1214;3;true
2725437104;2533075;2016-10-21;3;1173;3;true
2725520520;2533075;2016-10-21;3;964;3;false
2725237849;2533075;2016-10-21;3;929;3;false
2736462887;2533075;2016-10-26;1;1210;3;true
2736144964;2533075;2016-10-26;1;1466;3;true
2736672364;2533075;2016-10-26;1;1343;3;true
2736386793;2533075;2016-10-26;1;1321;3;true
2736260415;2533075;2016-10-26;1;1528;3;true
2736724413;2533075;2016-10-26;1;2163;3;true
2737329857;2533075;2016-10-27;1;1184;3;false
2737507041;2533075;2016-10-27;1;1068;3;false
2737968257;2533075;2016-10-27;1;911;3;true
2738315436;2533075;2016-10-27;1;965;3;true
2737765606;2533075;2016-10-27;1;1076;3;false
2739740929;2533075;2016-10-28;1;796;3;true
2739469647;2533075;2016-10-28;1;1072;3;true
2740549631;2533075;2016-10-28;1;2245;3;true
2740681929;2533075;2016-10-28;1;1117;3;false
