2408596812;2586976;2016-06-03;1;1329;3;true
2409393490;2586976;2016-06-03;1;1114;3;true
2408737158;2586976;2016-06-03;1;752;3;false
2408658682;2586976;2016-06-03;1;971;4;true
2408813096;2586976;2016-06-03;1;732;3;false
2409156577;2586976;2016-06-03;1;604;3;false
2409298043;2586976;2016-06-03;1;1738;3;true
2418580528;2586976;2016-06-07;1;1487;3;true
2418664928;2586976;2016-06-07;1;1201;3;true
2423509445;2586976;2016-06-09;1;1497;3;true
2423400514;2586976;2016-06-09;1;1143;3;true
2428159350;2586976;2016-06-11;1;1218;4;true
2427950507;2586976;2016-06-11;1;1434;3;false
2428046296;2586976;2016-06-11;1;1423;3;true
2430618706;2586976;2016-06-12;1;703;4;false
2430738353;2586976;2016-06-12;1;1553;3;true
2430984806;2586976;2016-06-12;1;1064;3;true
2430853227;2586976;2016-06-12;1;958;4;true
2442689934;2586976;2016-06-17;1;925;4;true
2443468488;2586976;2016-06-17;1;1562;3;true
2443378342;2586976;2016-06-17;1;1759;3;true
2447074169;2586976;2016-06-19;1;994;3;false
2448201980;2586976;2016-06-19;1;1440;3;true
2448310164;2586976;2016-06-19;1;1437;4;true
2447365661;2586976;2016-06-19;1;1210;3;true
2447190474;2586976;2016-06-19;1;1297;3;true
2448082522;2586976;2016-06-19;1;1727;3;true
2502387920;2586976;2016-07-13;1;1212;3;true
2502091915;2586976;2016-07-13;1;1185;3;true
2501986398;2586976;2016-07-13;1;1239;3;true
2502428208;2586976;2016-07-14;1;1316;3;false
2502478249;2586976;2016-07-14;1;1731;3;true
2506690235;2586976;2016-07-15;1;964;3;false
2506751633;2586976;2016-07-16;1;1335;3;false
2510756612;2586976;2016-07-17;1;1465;3;true
2511192816;2586976;2016-07-17;1;1011;3;false
2510831821;2586976;2016-07-17;1;1067;3;false
2511147044;2586976;2016-07-17;1;632;3;false
2510927175;2586976;2016-07-17;1;1312;3;true
2511239695;2586976;2016-07-18;1;949;4;false
2546940273;2586976;2016-08-03;1;1162;3;false
2547040899;2586976;2016-08-03;1;1553;3;true
2547301927;2586976;2016-08-03;1;1699;3;true
2547208285;2586976;2016-08-03;1;1361;3;true
2547154885;2586976;2016-08-03;1;1178;3;true
2547354532;2586976;2016-08-03;1;1006;3;false
2548899546;2586976;2016-08-04;1;993;3;false
2549023865;2586976;2016-08-04;1;1393;3;true
2549200733;2586976;2016-08-04;1;1327;3;true
2549139153;2586976;2016-08-04;1;1374;3;true
2551241703;2586976;2016-08-05;1;1227;3;true
2550969678;2586976;2016-08-05;1;1631;4;true
2551170074;2586976;2016-08-05;1;1501;3;true
2551078113;2586976;2016-08-05;1;1678;4;true
2558033556;2586976;2016-08-08;1;1320;3;true
2557955371;2586976;2016-08-08;1;1105;3;false
2558113366;2586976;2016-08-08;1;614;3;false
2560320998;2586976;2016-08-09;1;871;3;false
2560377671;2586976;2016-08-10;1;956;3;false
2674644594;39;2016-09-28;1;1300;3;true
2674045536;39;2016-09-28;1;1016;3;true
2674540208;39;2016-09-28;1;889;3;true
2674123837;39;2016-09-28;1;823;3;true
2674424505;39;2016-09-28;1;641;3;false
2673965642;39;2016-09-28;1;1011;3;false
2678250134;39;2016-09-30;1;1163;3;true
2678164166;39;2016-09-30;1;969;3;false
2678048298;39;2016-09-30;1;1433;3;true
2680540231;39;2016-10-01;1;674;3;false
2680673019;39;2016-10-01;1;1050;3;false
2682879623;39;2016-10-02;1;1158;3;false
2682989099;39;2016-10-02;1;1188;3;true
2683682946;39;2016-10-02;1;691;3;false
2683495393;39;2016-10-02;1;1090;3;true
2682745535;39;2016-10-02;1;1227;3;true
2683309223;39;2016-10-02;1;893;3;true
2683864078;39;2016-10-02;1;1468;3;true
