2410954215;39;2016-06-04;1;1028;4;false
2412028250;39;2016-06-04;1;1058;4;false
2411397526;39;2016-06-04;1;705;2;false
2410888512;39;2016-06-04;1;1284;4;true
2411277988;39;2016-06-04;1;1193;4;false
2411032753;39;2016-06-04;1;1951;3;true
2411150532;39;2016-06-04;1;1206;4;true
2419236363;39;2016-06-07;1;1472;3;false
2461514781;1838315;2016-06-25;1;1789;3;true
2460578558;1838315;2016-06-25;1;1567;3;true
2461190427;1838315;2016-06-25;1;1164;3;true
2460402876;1838315;2016-06-25;1;1196;4;true
2460871765;1838315;2016-06-25;1;1107;3;false
2463855212;1838315;2016-06-26;1;1390;3;true
2464317937;1838315;2016-06-26;1;1312;4;true
2464172585;1838315;2016-06-26;1;1196;4;true
2462991375;1838315;2016-06-26;1;1243;4;false
2463351043;1838315;2016-06-26;1;762;4;false
2519876015;1838315;2016-07-22;1;1716;3;true
2519945146;1838315;2016-07-22;1;1293;4;true
2522078549;1838315;2016-07-23;1;1045;4;true
2521988223;1838315;2016-07-23;1;696;3;false
2524350186;1838315;2016-07-24;1;1500;4;true
2524289078;1838315;2016-07-24;1;1404;3;true
2526571661;1838315;2016-07-24;1;1715;3;true
2526630868;1838315;2016-07-25;1;612;2;false
2526692434;1838315;2016-07-25;1;1292;4;false
2526759078;1838315;2016-07-25;1;863;4;false
2547405264;1838315;2016-08-04;1;868;2;true
2547545013;1838315;2016-08-04;1;1719;4;true
2547598732;1838315;2016-08-04;1;1315;4;false
2547448984;1838315;2016-08-04;1;1325;2;true
2549313529;1838315;2016-08-04;1;934;3;false
2549658092;1838315;2016-08-05;1;1314;3;false
2549424687;1838315;2016-08-05;1;1329;3;false
2549589275;1838315;2016-08-05;1;994;4;false
2549509878;1838315;2016-08-05;1;1056;4;false
2551419679;1838315;2016-08-05;1;938;3;false
2551353251;1838315;2016-08-05;1;1022;4;false
2551542809;1838315;2016-08-06;1;1099;4;true
2551633824;1838315;2016-08-06;1;1336;4;true
2558387942;1838315;2016-08-09;1;951;3;false
2704004787;2163;2016-10-11;1;972;4;false
2703926104;2163;2016-10-11;1;799;3;false
2715383801;2163;2016-10-16;1;1271;3;true
2715277069;2163;2016-10-16;1;1473;3;true
2717267408;2163;2016-10-17;1;532;3;false
2708121940;2163;2016-10-13;1;1401;4;true
2708009312;2163;2016-10-13;1;879;3;false
2717363456;2163;2016-10-17;1;1617;3;true
2717444292;2163;2016-10-17;1;1253;3;false
2718785428;2163;2016-10-18;1;1224;3;false
2718918129;2163;2016-10-18;1;1325;3;false
2721319658;2163;2016-10-19;1;793;3;false
2721261967;2163;2016-10-19;1;1213;3;true
2721119493;2163;2016-10-19;1;2396;3;true
2721005610;2163;2016-10-19;1;1685;3;true
2723014224;2163;2016-10-20;1;786;3;false
2723306714;2163;2016-10-20;1;1276;3;true
2723384574;2163;2016-10-20;1;1512;3;true
2723133668;2163;2016-10-20;1;762;3;false
2727672233;2163;2016-10-22;1;1374;4;true
2727505966;2163;2016-10-22;1;1071;3;false
2727813625;2163;2016-10-22;1;857;3;false
2734452096;2163;2016-10-25;1;701;3;false
2734318994;2163;2016-10-25;1;970;3;false
2737968257;2163;2016-10-27;1;1407;3;false
2738242665;2163;2016-10-27;1;1717;3;true
2738365296;2163;2016-10-27;1;1093;3;true
2739822782;2163;2016-10-28;1;1490;3;true
2739526620;2163;2016-10-28;1;1057;3;true
2739368825;2163;2016-10-28;1;889;3;false
2740725576;2163;2016-10-28;1;1352;3;true
2740818402;2163;2016-10-28;1;1414;3;false
2740429436;2163;2016-10-28;1;1272;3;false
2741787963;2163;2016-10-29;1;1760;3;true
2741865248;2163;2016-10-29;1;1231;3;true
