2478314200;2839755;2016-07-03;3;1272;3;true
2478203401;2839755;2016-07-03;3;1143;3;true
2478793244;2839755;2016-07-03;3;939;3;false
2478548593;2839755;2016-07-03;3;1032;3;false
2639377909;2557977;2016-09-12;3;1219;3;true
2639492468;2557977;2016-09-12;3;1735;3;true
2645715146;2557977;2016-09-15;3;1114;3;true
2645620299;2557977;2016-09-15;3;1257;3;true
2670335517;2557977;2016-09-26;3;651;3;false
2683229309;2557977;2016-10-02;3;772;3;false
2683337192;2557977;2016-10-02;3;1234;3;false
2691607075;2557977;2016-10-06;3;663;1;false
2691694345;2557977;2016-10-06;3;645;1;false
