2406229857;2701329;2016-06-02;3;1230;4;false
2406270807;2701329;2016-06-02;3;426;2;false
2656346968;3333361;2016-09-20;2;1325;4;false
2660336918;3333361;2016-09-22;2;1284;2;true
2660283010;3333361;2016-09-22;2;1642;3;true
2667384586;3333361;2016-09-25;2;1079;4;false
2667295362;3333361;2016-09-25;2;1496;4;false
2667251333;3333361;2016-09-25;2;1167;4;true
2675568667;3333361;2016-09-28;2;858;4;false
2677591521;3333361;2016-09-29;2;1106;4;false
2677626358;3333361;2016-09-29;2;428;2;false
2738608159;2701329;2016-10-27;1;958;2;true
2738673858;2701329;2016-10-27;1;1004;4;false
2738810223;2701329;2016-10-28;1;995;4;false
2740880429;2701329;2016-10-28;1;1152;2;false
2740966265;2701329;2016-10-28;1;1830;4;false
2740678805;2701329;2016-10-28;1;2546;4;true
