2435022259;1520578;2016-06-14;3;592;2;false
2434908548;1520578;2016-06-14;3;939;1;false
2437336042;1520578;2016-06-15;3;1245;1;true
2437244405;1520578;2016-06-15;3;1103;1;true
2437453250;1520578;2016-06-15;3;1111;1;true
2437627906;1520578;2016-06-15;3;1126;1;true
2437175005;1520578;2016-06-15;3;1110;1;false
2440497239;1520578;2016-06-16;1;823;1;false
2439559952;1520578;2016-06-16;3;1158;2;true
2440376648;1520578;2016-06-16;1;835;2;true
2439476312;1520578;2016-06-16;3;1303;2;true
2444476782;1520578;2016-06-18;1;1282;2;true
2445082246;1520578;2016-06-18;1;1042;1;true
2444612751;1520578;2016-06-18;1;1570;2;true
2442813913;1520578;2016-06-17;1;1190;1;true
2442687053;1520578;2016-06-17;1;1321;1;true
2445206790;1520578;2016-06-18;1;681;1;false
2447647640;1520578;2016-06-19;1;1295;1;true
2447758189;1520578;2016-06-19;1;1400;1;true
2449815127;1520578;2016-06-20;1;977;1;true
2449278805;1520578;2016-06-20;1;842;1;false
2449625206;1520578;2016-06-20;1;1094;1;true
2451274381;1520578;2016-06-21;1;789;1;false
2451835794;1520578;2016-06-21;1;885;1;true
2451943733;1520578;2016-06-21;1;1466;1;true
2451353878;1520578;2016-06-21;1;1141;1;true
2451439716;1520578;2016-06-21;1;1083;1;true
2453884457;1520578;2016-06-22;1;817;1;false
2455632803;1520578;2016-06-23;1;818;1;false
2456140655;1520578;2016-06-23;1;911;1;false
2456256658;1520578;2016-06-23;1;1269;1;true
2456357568;1520578;2016-06-23;1;630;1;false
2462948101;1520578;2016-06-26;1;1072;1;true
2462525743;1520578;2016-06-26;1;851;1;false
2462389587;1520578;2016-06-26;1;825;1;false
2462287435;1520578;2016-06-26;1;1193;1;true
2462789056;1520578;2016-06-26;1;941;1;false
2464869280;1520578;2016-06-27;1;1123;1;true
2464657058;1520578;2016-06-27;1;1114;1;false
2464575463;1520578;2016-06-27;1;589;1;false
2464759509;1520578;2016-06-27;1;872;1;false
2469295282;1520578;2016-06-29;1;932;1;false
2476609317;1520578;2016-07-02;1;1011;1;false
2478320310;1520578;2016-07-03;1;2024;4;true
2478168551;1520578;2016-07-03;1;1176;1;true
2483595682;1520578;2016-07-05;1;989;1;true
2483481263;1520578;2016-07-05;1;1005;4;false
2485714147;1520578;2016-07-06;1;1112;1;false
2485846278;1520578;2016-07-06;1;870;1;false
2487843241;1520578;2016-07-07;1;624;2;false
2487457459;1520578;2016-07-07;1;920;1;true
2487931572;1520578;2016-07-07;1;684;1;false
2487388596;1520578;2016-07-07;1;985;1;true
2489656950;1520578;2016-07-08;1;1205;1;true
2489547363;1520578;2016-07-08;1;1092;1;true
2498926519;1520578;2016-07-12;1;1213;1;false
2499228298;1520578;2016-07-12;1;1258;1;false
2499168365;1520578;2016-07-12;1;724;1;false
2499021327;1520578;2016-07-12;1;1069;3;false
2516422290;1520578;2016-07-20;2;1413;1;true
2516159062;1520578;2016-07-20;2;934;1;true
2518557831;1520578;2016-07-21;2;701;1;false
2518471287;1520578;2016-07-21;2;766;1;false
2522130935;1520578;2016-07-23;1;1334;1;true
2522019610;1520578;2016-07-23;1;887;1;false
2522713248;1520578;2016-07-23;1;971;1;true
2522277294;1520578;2016-07-23;1;1101;1;true
2525905872;1520578;2016-07-24;1;943;1;false
2527614412;1520578;2016-07-25;2;1158;1;false
2527506479;1520578;2016-07-25;2;994;1;true
2529781268;1520578;2016-07-26;2;929;3;false
2658598435;3331948;2016-09-21;1;1143;1;true
2658671456;3331948;2016-09-21;1;757;1;false
2658934424;3331948;2016-09-21;1;709;1;false
2659405702;3331948;2016-09-21;1;696;1;false
2659264957;3331948;2016-09-21;1;1171;1;true
2659546197;3331948;2016-09-21;1;814;1;true
2658837692;3331948;2016-09-21;1;1322;1;true
2658752820;3331948;2016-09-21;1;1233;1;true
2660839032;3331948;2016-09-22;1;1214;1;true
2660942998;3331948;2016-09-22;1;1136;1;true
2662895738;3331948;2016-09-23;1;1289;1;true
2662809840;3331948;2016-09-23;1;2200;2;true
2665388881;3331948;2016-09-24;1;1091;1;false
2665685154;3331948;2016-09-24;1;1014;1;false
2665567071;3331948;2016-09-24;1;1199;1;false
2665017560;3331948;2016-09-24;1;1121;1;true
2665268372;3331948;2016-09-24;1;1387;1;true
2665144721;3331948;2016-09-24;1;1210;1;true
2665827474;3331948;2016-09-24;1;1358;1;true
2667940762;3331948;2016-09-25;1;1014;2;true
2668065777;3331948;2016-09-25;1;949;1;false
2668397922;3331948;2016-09-25;1;1394;1;true
2668603980;3331948;2016-09-25;1;1201;1;true
2668243797;3331948;2016-09-25;1;1061;1;false
2668528370;3331948;2016-09-25;1;1572;1;true
2673841826;3331948;2016-09-28;1;1074;1;false
2673796814;3331948;2016-09-28;1;1252;1;true
2673748591;3331948;2016-09-28;1;727;1;false
2675743100;3331948;2016-09-29;1;942;1;false
2675796143;3331948;2016-09-29;1;692;2;false
2679071095;3331948;2016-09-30;1;1303;1;true
2678898609;3331948;2016-09-30;1;1794;1;true
2680373276;3331948;2016-10-01;1;834;1;false
2687318626;3331948;2016-10-04;1;1142;1;true
2687244722;3331948;2016-10-04;1;918;1;true
2687811707;3331948;2016-10-04;1;1145;1;true
2687994168;3331948;2016-10-04;1;649;1;false
2688112512;3331948;2016-10-04;1;801;1;false
2689840115;3331948;2016-10-05;1;1031;1;false
2689730932;3331948;2016-10-05;1;1303;1;true
2690025308;3331948;2016-10-05;1;793;1;false
2690117773;3331948;2016-10-05;1;733;1;false
2694340862;3331948;2016-10-07;1;1087;1;false
2693897355;3331948;2016-10-07;1;1036;1;true
2694210702;3331948;2016-10-07;1;1292;1;true
2694476613;3331948;2016-10-07;1;860;1;false
2693787381;3331948;2016-10-07;1;1124;1;true
2696157417;3331948;2016-10-08;1;609;1;false
2696293515;3331948;2016-10-08;1;916;1;false
2698730571;3331948;2016-10-09;1;993;1;false
2698859789;3331948;2016-10-09;1;689;1;false
2700859282;3331948;2016-10-10;1;963;1;false
2700547808;3331948;2016-10-10;1;1243;1;true
2700466185;3331948;2016-10-10;1;1176;1;true
2701001981;3331948;2016-10-10;1;791;1;false
2703061424;3331948;2016-10-11;1;544;1;false
2702976634;3331948;2016-10-11;1;572;1;false
2718111760;3331948;2016-10-18;1;1229;1;true
2718033207;3331948;2016-10-18;1;877;1;false
2717993300;3331948;2016-10-18;1;1354;1;true
2720078346;3331948;2016-10-19;1;895;1;false
2720006980;3331948;2016-10-19;1;1520;1;true
2720150759;3331948;2016-10-19;1;1527;1;true
2720521410;3331948;2016-10-19;1;-37;2;false
2720643874;3331948;2016-10-19;1;951;1;false
2720428562;3331948;2016-10-19;1;1964;2;true
2722481467;3331948;2016-10-20;2;1221;1;true
2722568733;3331948;2016-10-20;2;1616;3;true
2724160249;3331948;2016-10-21;2;772;1;true
2724254108;3331948;2016-10-21;2;1210;1;true
2726805463;3331948;2016-10-22;1;736;1;false
2726374600;3331948;2016-10-22;1;1060;1;false
2726270976;3331948;2016-10-22;1;981;1;true
2726933981;3331948;2016-10-22;1;1105;1;true
2729836226;3331948;2016-10-23;2;1405;1;true
2729691186;3331948;2016-10-23;2;1338;1;true
2731959227;3331948;2016-10-24;2;886;1;true
2732116113;3331948;2016-10-24;2;1163;1;true
2733572493;3331948;2016-10-25;2;1067;2;true
2733465184;3331948;2016-10-25;2;1218;1;true
2739185023;3331948;2016-10-28;1;946;1;false
2739095086;3331948;2016-10-28;1;1192;1;true
2739356374;3331948;2016-10-28;1;1046;1;true
2739757784;3331948;2016-10-28;1;1027;1;true
2741791552;3331948;2016-10-29;1;1585;1;true
2742112250;3331948;2016-10-29;1;365;2;false
2741548006;3331948;2016-10-29;1;1636;1;true
2742378319;3331948;2016-10-29;1;2192;1;true
2742259068;3331948;2016-10-29;1;1417;1;true
2743891515;3331948;2016-10-30;1;1101;1;true
2743805307;3331948;2016-10-30;1;1474;1;true
