2097526304;2016-01-22;38;2642171;true;0;1180;1243;9999##21;20;41##92949094;1484||95430068;1094||107855479;1458||86953414;940||27178898;1036##1;550;530;266;990;-200;805##1;518;-176;-45;511;350;665##false;65##true;812##true;1084##4;65||6;292||10;325||4;449||2;500||9;502||6;594||4;614||7;618||5;655||10;661||3;664||9;664||10;739||1;796||5;803||2;806||6;807||9;812||10;820||1;904||6;926||7;1065||10;1090||1;1163||10;1293||4;1360||1;1371||9;1502||2;1519||4;1540||1;1540||10;1815||5;1835||2;1913||8;1920||10;2165||5;2173||2;2183||6;2189||4;2191||10;2229||8;2306||9;2319##2097526304;1000;1000;50
2147218943;2016-02-12;27;2642171;true;0;1204;9999;9999##25;11;47##92949094;1228||95430068;2010||107855479;1049||86953414;1445||27178898;1405##1;1469;104;575;1523;220;743##1;795;114;-295;-138;-70;699##true;127##true;555##true;1190##7;127||4;260||6;261||7;276||10;288||5;341||7;360||1;367||2;371||8;387||7;418||6;500||1;539||6;546||9;548||8;552||10;555||4;624||8;647||6;765||3;773||6;811||6;980||1;984||10;991||7;1006||8;1048||4;1125||4;1213||7;1329||2;1352||2;1363||9;1511||6;1516||7;1537||7;1564||6;1580||9;1582##2147218943;1050;1069;63
2176134660;2016-02-24;23;2642171;true;1;1808;9999;9999##38;15;78##92949094;1737||95430068;1807||107855479;1592||86953414;1520||27178898;1627##1;1079;415;710;1210;220;664##1;305;503;-390;337;-70;706##true;121##true;646##true;757##5;121||10;154||8;330||6;363||5;370||1;374||3;383||7;404||9;409||6;440||2;440||5;450||8;451||5;549||1;557||4;565||3;574||4;646||10;654||1;655||3;667||5;674||2;680||4;820||5;830||7;859||1;867||2;870||5;878||10;886||4;909||6;954||1;960||3;970||4;990||2;994||3;1027||9;1042||3;1142||4;1160||2;1162||3;1213||7;1222||4;1224||5;1224||2;1225||1;1229||9;1246||8;1271||3;1307||1;1323||3;1364||2;1369||5;1370||4;1382||9;1384##2176134660;1113;1000;53
2178362915;2016-02-25;26;2642171;true;0;1755;9999;9999##33;15;68##92949094;1710||95430068;1612||107855479;1326||86953414;1491||27178898;2139##1;1472;1222;1005;1656;-200;715##1;228;-122;-503;-508;350;894##false;58##true;483##true;727##5;58||10;156||6;164||7;244||6;246||3;250||10;250||10;353||10;431||8;478||6;482||7;483||2;484||9;490||4;490||6;761||9;895||6;896||4;906||3;914||9;986||2;986||4;1014||10;1017||6;1021||8;1032||10;1068||2;1072||1;1084||4;1105||10;1109||6;1220||2;1224||1;1229||8;1242||9;1252||7;1436||1;1438||6;1439||3;1440||9;1442||8;1450||2;1458||6;1531||10;1537||9;1545||5;1547||10;1560||7;1562||8;1573##2178362915;1166;1057;58
2178259496;2016-02-25;21;2642171;true;0;1917;9999;9999##30;6;62##92949094;1304||95430068;2057||107855479;1568||86953414;1416||27178898;2064##1;849;949;452;1553;100;928##1;88;-254;-791;-123;30;816##true;110##true;598##true;1092##7;110||1;115||7;171||1;176||10;270||6;316||1;336||6;349||9;349||10;353||1;416||7;481||9;483||5;483||8;489||10;492||7;598||8;602||9;608||6;610||7;729||6;731||8;748||4;774||6;792||6;854||10;866||8;871||7;878||9;1145||10;1188||6;1195||7;1196||2;1199||10;1211||9;1279||8;1294||6;1298||10;1301##2178259496;1224;1000;50
2225129562;2016-03-15;26;2642171;true;0;1431;9999;9999##22;8;37##92949094;1453||95430068;2035||107855479;1277||86953414;1157||27178898;1383##1;1484;382;1085;995;350;1225##1;471;-52;-484;-202;-100;801##false;96##true;1403##true;678##6;66||5;96||1;230||3;369||6;369||9;371||10;439||5;491||8;538||8;741||10;751||10;971||5;1149||4;1189||9;1351||10;1398||7;1403||9;1463||7;1479||9;1512||6;1512||10;1514||7;1521||8;1531||2;1536||5;1558||10;1561||8;1568||6;1578||9;1580||1;1582||7;1583##2225129562;1274;1000;47
2232009478;2016-03-18;30;2642171;false;1;1220;773;9999##18;29;25##92949094;959||95430068;967||107855479;698||86953414;940||27178898;750##1;283;49;262;1029;230;1030##1;784;841;-1;643;-100;811##true;42##true;605##false;1237##2;42||9;45||3;87||10;89||9;117||2;198||8;199||9;264||10;269||3;290||4;307||8;340||1;365||3;448||6;456||1;489||5;497||3;536||6;555||9;583||2;605||10;824||1;825||10;876||2;990||1;1006||8;1013||4;1013||10;1019||5;1023||1;1103||6;1105||7;1112||10;1219||7;1224||6;1236||3;1393||6;1399||9;1535||6;1603||9;1679||10;1681||6;1710||7;1720||6;1803||10;1821||3;1823||7;1827##2232009478;1321;1272;48
2231932597;2016-03-18;23;2642171;true;0;1397;9999;9999##34;11;50##92949094;1490||95430068;2139||107855479;1930||86953414;1146||27178898;2087##1;1449;713;771;1242;-170;1129##1;0;83;-490;105;270;654##false;98##true;789##true;1218##5;98||4;184||10;210||6;213||9;308||10;343||1;362||6;367||4;370||6;515||7;515||5;523||10;524||3;657||10;683||7;709||6;789||8;833||5;833||9;838||1;840||10;863||10;936||9;939||2;941||7;943||8;945||6;961||4;1113||8;1118||6;1118||7;1125||9;1136||6;1174||5;1264||7;1271||9;1279||6;1318||8;1352||10;1354||9;1355||7;1356||6;1391||9;1398||3;1417||7;1426||10;1429##2231932597;1273;1320;62
2232081920;2016-03-18;28;2642171;true;0;1597;9999;9999##35;12;60##92949094;1979||95430068;2711||107855479;1539||86953414;952||27178898;1639##1;1656;565;658;1430;-200;1386##1;149;415;-417;-34;350;792##false;-31##true;534##true;1000##4;31||9;112||9;222||7;328||6;336||5;420||10;467||1;482||6;482||2;510||6;520||8;521||10;529||1;534||7;534||3;627||8;637||6;734||8;761||5;828||8;880||7;929||9;935||1;949||10;953||8;962||3;1142||9;1148||6;1159||10;1184||8;1196||7;1199||4;1481||10;1492||9;1492||1;1494||8;1495||7;1499||6;1511||2;1530||5;1613||8;1632||6;1639||10;1648||9;1649||7;1653||8;1686||9;1717##2232081920;1335;1258;61
2237478172;2016-03-20;27;2642171;false;0;1123;9999;9999##20;23;38##92949094;1009||95430068;689||107855479;1334||86953414;1156||27178898;968##1;1103;349;509;1095;70;804##1;724;404;-175;256;60;1306##false;248##true;803##false;888##5;248||8;257||1;269||7;270||6;341||4;347||9;349||2;440||7;525||2;601||1;602||8;606||7;607||9;609||4;612||7;684||7;803||1;852||9;889||2;895||10;897||6;898||7;903||8;908||8;987||8;1095||6;1116||5;1186||4;1240||2;1274||1;1280||8;1343||8;1399||4;1399||5;1405||7;1405||2;1411||1;1414||5;1425||3;1508||2;1513||4;1518||10;1591||2;1601||5;1602||8;1612##2237478172;1396;1756;37
2241908556;2016-03-22;52;2642171;true;0;1151;1363;1269##42;39;82##92949094;1181||95430068;1839||107855479;1279||86953414;1142||27178898;973##1;828;627;312;1252;-130;1447##1;443;-142;-2;111;230;873##false;237##true;690##false;1089##5;237||4;321||8;365||7;375||10;382||6;391||2;394||5;420||8;486||9;507||6;508||5;514||5;582||9;615||8;621||10;690||5;734||8;739||1;740||4;742||4;822||6;828||5;829||8;829||1;833||9;838||2;845||7;1000||3;1006||6;1114||10;1115||1;1122||8;1141||1;1221||4;1255||5;1274||1;1422||4;1473||5;1536||1;1547||9;1638||5;1644||10;1646||6;1656||8;1661||7;1678||1;1739||6;1924||1;1971||8;1976||9;1982||2;1983||7;2196||6;2270||3;2289||9;2295||2;2312||5;2452||4;2490||8;2562||2;2563||1;2563||2;2710||6;2712||8;2730||2;2731||1;2732||9;2734||5;2738||7;2740||3;2783||6;2784||4;2800||6;2905||1;2911||8;2916||10;3025||8;3031||8;3059||1;3064||6;3064||9;3087||7;3097||9;3106##2241908556;1359;1123;39
2242041197;2016-03-22;53;2642171;true;1;1273;1137;1063##46;39;101##92949094;1438||95430068;1565||107855479;1196||86953414;845||27178898;1242##1;486;950;173;-32;-300;873##1;984;137;125;1434;400;1074##false;-37##false;527##true;895##10;37||10;121||10;208||3;297||10;301||6;308||8;340||8;387||4;470||1;473||9;509||8;512||2;519||3;526||7;527||3;595||9;610||7;613||2;614||3;624||9;759||6;761||3;761||10;764||7;769||2;786||3;857||9;859||7;871||6;872||4;874||8;874||8;951||4;960||3;980||10;983||10;1229||1;1263||7;1264||3;1268||5;1270||1;1386||7;1514||9;1647||7;1650||1;1651||8;1655||5;1660||3;1668||4;1687||1;1801||5;1910||4;1981||3;1984||9;1989||5;1992||8;1998||7;2002||10;2176||4;2184||1;2195||7;2278||6;2281||2;2417||1;2418||4;2423||3;2424||7;2425||5;2426||4;2430||9;2472||2;2941||4;3001||5;3001||3;3008||7;3016||4;3017||6;3038||5;3039||9;3040||1;3144||9;3157||3;3163||7;3163||5;3172||1;3173||4;3177||2;3182##2242041197;1398;1084;17
2244258226;2016-03-23;47;2642171;true;0;975;1248;1475##35;36;64##92949094;585||95430068;1747||107855479;1235||86953414;1057||27178898;1024##1;566;337;39;-10;-100;1264##1;712;469;381;1315;230;1152##false;56##false;765##true;1221##1;56||9;57||9;108||9;226||3;243||7;257||1;483||10;494||4;495||5;495||3;503||1;539||7;544||4;627||1;636||1;762||4;765||10;773||5;776||2;783||6;802||1;871||2;876||10;911||6;919||1;1094||10;1099||5;1103||2;1109||4;1124||7;1131||10;1230||1;1233||2;1244||2;1251||8;1361||6;1368||10;1373||5;1375||4;1425||7;1436||3;1458||10;1487||1;1605||2;1661||6;1735||6;1816||4;1838||2;1843||1;1981||9;2132||10;2138||6;2145||7;2193||7;2202||1;2342||7;2345||6;2345||4;2345||9;2350||7;2531||6;2566||10;2606||7;2652||1;2657||9;2658||2;2661||3;2683||10;2697||1;2799||5;2802||10;2806||6;2808||8;2812||7;2829##2244258226;1415;816;20
2244366843;2016-03-23;18;2642171;false;1;1301;9999;9999##11;17;22##92949094;1156||95430068;898||107855479;541||86953414;1021||27178898;756##1;193;585;943;1372;220;784##1;979;577;322;23;-70;1113##false;190##true;656##true;631##5;137||10;190||5;192||7;242||10;313||2;356||1;387||4;404||10;427||6;452||5;532||3;555||3;637||7;640||5;643||1;649||4;656||8;675||8;725||9;728||6;728||1;737||10;740||9;909||7;912||6;921||7;1063||6;1070||8;1106||9;1110##2244366843;1435;796;26
2244419416;2016-03-23;20;2642171;false;1;993;9999;9999##15;37;29##92949094;1477||95430068;763||107855479;1035||86953414;655||27178898;928##1;0;281;-403;275;230;560##1;1658;931;415;1258;-100;616##true;53##false;575##false;804##1;53||10;66||3;123||9;124||6;146||9;177||7;194||8;212||2;269||4;290||6;343||9;374||1;403||2;429||7;451||9;478||4;484||5;492||6;496||8;575||6;584||1;585||6;630||5;631||6;764||9;768||4;769||7;770||10;774||6;807||6;816||5;870||6;873||4;908||4;1005||6;1008||9;1011||1;1036||7;1037||6;1040||9;1059||7;1075||6;1102||9;1135||10;1140||7;1142||8;1146||6;1155||9;1185||10;1194||6;1199||8;1203||7;1206##2244419416;1409;822;28
2251463414;2016-03-26;27;2642171;true;0;1766;9999;9999##27;11;61##188229124;1260||95430068;2401||107855479;1568||86953414;1518||27178898;1296##1;2135;573;1212;1366;270;1370##1;71;199;-168;-66;-170;811##true;176##true;661##true;873##6;176||8;246||4;246||10;317||5;344||7;357||9;388||8;417||5;468||8;469||10;557||4;615||6;657||5;661||7;661||9;720||6;817||10;822||8;843||5;954||4;959||7;965||8;971||6;972||9;987||1;990||10;991||1;1175||7;1175||6;1231||6;1448||6;1549||5;1550||1;1555||8;1564||6;1646||7;1647||7;1664##2251463414;1381;886;24
2251282233;2016-03-26;49;2642171;true;1;890;1413;1466##47;34;102##92949094;1151||95430068;2307||107855479;1149||86953414;874||27178898;1138##1;382;715;-378;-245;30;1108##1;687;278;227;1487;100;1057##false;96##false;720##true;1062##10;96||1;119||8;265||9;312||6;321||7;321||4;383||6;396||5;476||2;481||9;485||9;589||10;596||6;620||6;720||10;770||2;782||6;784||1;808||9;824||5;834||3;898||6;980||1;1182||2;1191||4;1202||5;1206||3;1232||8;1323||8;1337||9;1362||1;1402||2;1403||3;1417||4;1482||9;1487||5;1487||6;1488||3;1575||5;1686||7;1688||1;1692||4;1698||8;1719||3;1719||6;1722||9;1935||1;1939||3;1943||7;1954||6;1968||1;2073||5;2076||9;2076||8;2088||4;2090||1;2257||1;2344||4;2346||2;2358||3;2365||1;2410||6;2447||8;2449||9;2459||9;2539||6;2548||1;2567||2;2585||5;2593||1;2650||1;2745||2;2753||9;2773||3;2778||1;2895||4;2905||8;2908||3;2913||7;2916||2;2921||2;2950||4;2956##2251282233;1405;862;20
2260927146;2016-03-30;63;2642171;true;1;748;1190;1696##35;29;85##92949094;1053||95430068;1376||107855479;1187||86953414;794||27178898;812##1;790;848;422;-196;-170;1273##1;1202;61;1052;739;270;1148##false;139##false;1537##true;901##8;139||8;512||4;608||1;756||6;915||1;975||8;1145||4;1151||1;1162||10;1363||4;1373||9;1474||10;1504||6;1537||10;1567||9;1571||2;1650||5;1652||4;1656||6;1744||3;1874||5;1908||10;2096||6;2111||4;2117||1;2131||5;2132||3;2247||6;2249||5;2249||2;2252||4;2258||1;2367||3;2373||4;2377||5;2381||6;2444||2;2448||4;2453||10;2457||7;2461||9;2469||9;2555||10;2562||6;2565||5;2584||2;2587||3;2596||4;2630||7;2673||10;3241||2;3242||6;3255||5;3256||7;3307||9;3309||4;3513||5;3514||3;3515||2;3629||7;3630||6;3632||3;3803||5;3806||1;3808||7;3809||4;3810##2260927146;1425;949;24
2261055900;2016-03-30;40;2642171;false;0;725;947;9999##7;35;14##92949094;793||95430068;812||107855479;654||86953414;541||27178898;814##1;608;282;-40;-202;-70;1166##1;1258;-106;455;1242;220;1294##false;143##false;835##false;908##5;143||10;219||4;221||5;240||6;315||3;537||7;541||4;542||9;553||1;562||2;653||1;660||1;720||1;835||7;854||2;855||5;862||5;1052||3;1056||4;1070||2;1080||1;1087||8;1130||4;1141||3;1146||5;1172||3;1405||9;1587||4;1601||3;1710||1;1840||3;1849||9;1888||2;1892||4;2232||2;2232||3;2330||1;2341||5;2372||4;2377||3;2381||2;2393||1;2394##2261055900;1449;925;28
2265139416;2016-04-01;18;2642171;true;0;1475;9999;9999##17;11;36##92949094;929||95430068;1421||107855479;1464||86953414;1405||27178898;2174##1;967;312;92;998;400;810##1;263;544;-349;708;-300;762##true;-19##true;653##true;871##7;19||8;18||5;69||1;135||10;312||5;358||4;377||9;381||3;383||6;386||1;398||8;461||2;500||1;546||9;546||10;557||8;562||3;573||6;575||9;653||4;787||1;798||9;839||9;923||7;933||7;1015||9;1092||6;1104||10;1107##2265139416;1421;934;23
2265246396;2016-04-01;49;2642171;false;1;1297;1467;1100##41;36;112##92949094;1746||95430068;1416||107855479;1082||86953414;929||27178898;875##1;570;790;140;1002;220;855##1;793;238;-72;361;-70;1182##true;144##false;859##true;562##2;144||10;205||5;243||3;244||5;317||9;329||1;329||7;338||2;347||7;381||8;449||4;572||6;636||7;692||1;698||1;751||4;757||10;760||6;769||3;854||4;859||10;870||1;874||2;877||9;924||7;979||2;980||4;983||1;984||5;1057||8;1067||1;1076||9;1083||4;1085||10;1085||2;1093||7;1095||6;1101||2;1195||1;1337||3;1532||1;1536||5;1551||10;1650||9;1659||5;1662||2;1663||8;1670||3;1676||7;1685||4;1694||10;1823||5;1836||9;1917||2;2061||9;2141||2;2164||9;2234||4;2247||5;2284||10;2319||4;2326||6;2455||5;2470||2;2477||4;2485||9;2566||5;2570||7;2582||10;2593||2;2595||7;2608||4;2610||6;2616||8;2618||1;2624||10;2878||5;2881||9;2888||6;2929||7;2935||6;2937##2265246396;1444;911;20
2265385458;2016-04-01;29;2642171;true;0;1042;9999;9999##28;14;61##92949094;1275||95430068;1834||107855479;1588||86953414;1325||27178898;1308##1;1090;337;473;859;30;953##1;643;99;139;327;100;730##false;160##true;1029##true;850##1;160||9;169||3;312||1;319||8;324||6;352||8;378||8;735||10;741||2;744||3;758||4;767||2;893||9;901||3;902||10;1011||8;1014||7;1029||2;1097||10;1102||1;1105||4;1121||8;1152||5;1206||6;1284||8;1298||9;1303||7;1400||8;1403||8;1580||10;1582||7;1590||9;1596||1;1632||2;1654||7;1669||1;1677||6;1690||9;1698||10;1762||5;1786||8;1787||6;1787||9;1792##2265385458;1424;931;25
