2847184720;2016-12-15;35;2640025;true;0;We.are.young;2414475;World Cyber Arena 2016 Grand ...;5115;3;iG.Vitality##26;10;76##137193239;Lifestealer;567;561;9;3;13;17400;2800;5000||173880329;Outworld Devourer;556;581;11;1;10;20300;608;3400||111291593;Batrider;374;457;1;1;25;9000;0;826||103940975;Night Stalker;349;413;5;4;9;6300;772;1600||103039499;Silencer;283;387;0;1;19;8100;3400;848||Morphling;Crystal Maiden;Slardar;Nyx Assassin;Shadow Fiend##2847184720;1000;1000;50;1000;1000
2849636859;2016-12-16;30;2640025;false;1;Vici Gaming;726228;World Cyber Arena 2016 Grand ...;5115;2;iG.Vitality##15;35;42##137193239;Luna;552;493;2;7;8;13700;0;3400||173880329;Outworld Devourer;391;367;5;9;9;13300;320;228||111291593;Axe;308;335;3;2;7;6800;0;178||103940975;Riki;247;318;3;10;8;9700;0;102||103039499;Witch Doctor;233;292;2;7;10;6100;2700;119||Slardar;Dragon Knight;Rubick;Io;Morphling##2849636859;1050;1050;50;1000;1000
2849873307;2016-12-16;39;2640025;true;1;Vici Gaming;726228;World Cyber Arena 2016 Grand ...;5115;2;iG.Vitality##24;14;64##137193239;Luna;780;656;6;2;15;28700;0;14300||173880329;Outworld Devourer;536;539;8;6;7;22300;79;3600||111291593;Underlord;360;414;3;0;15;7800;5200;2500||103940975;Earth Spirit;288;299;3;5;10;6500;0;558||103039499;Witch Doctor;304;330;4;1;17;7600;15300;1400||Timbersaw;Queen of Pain;Rubick;Slardar;Morphling##2849873307;1000;1100;50;950;1050
2857676981;2016-12-19;20;2640025;true;1;EHOME;4;Dota 2 Professional League 2016;4920;1;iG.Vitality##27;16;50##137193239;Lifestealer;622;532;4;2;6;8700;588;4200||173880329;Puck;596;556;14;3;3;13400;180;1900||111291593;Doom;500;445;3;4;8;4900;0;806||103940975;Bounty Hunter;452;327;2;4;17;7600;814;724||103039499;Witch Doctor;332;348;4;3;16;3800;6300;906||Slardar;Ember Spirit;Slark;Disruptor;Batrider##2857676981;1050;950;50;1000;1000
2857592475;2016-12-19;25;2640025;true;1;EHOME;4;Dota 2 Professional League 2016;4920;1;iG.Vitality##33;17;82##137193239;Timbersaw;570;604;6;5;12;17400;0;226||173880329;Shadow Fiend;688;692;11;0;15;16800;0;7800||111291593;Centaur Warrunner;476;550;5;3;16;6600;0;2600||103940975;Riki;353;410;6;3;22;11900;0;357||103039499;Rubick;297;325;5;6;17;7800;3200;456||Jakiro;Pugna;Juggernaut;Kunkka;Underlord##2857592475;1100;900;50;1050;950
2859638646;2016-12-20;28;2640025;false;0;Newbee;1375614;Dota 2 Professional League 2016;4920;1;iG.Vitality##8;29;16##137193239;Morphling;457;527;1;6;2;7900;0;143||173880329;Puck;356;362;2;4;1;7800;90;100||111291593;Sand King;341;319;3;8;3;5700;90;244||103940975;Underlord;249;233;1;7;4;6700;1200;307||103039499;Silencer;169;184;1;4;6;9100;90;190||Slardar;Templar Assassin;Rubick;Luna;Dark Seer##2859638646;1150;1000;50;1094;1000
2859494506;2016-12-20;40;2640025;true;0;Newbee;1375614;Dota 2 Professional League 2016;4920;1;iG.Vitality##27;24;79##137193239;Luna;727;639;13;4;10;32200;0;13100||173880329;Tinker;541;523;4;4;16;36600;757;317||111291593;Sand King;359;427;0;6;17;10700;0;537||103940975;Underlord;345;368;2;5;20;9700;5100;1900||103039499;Witch Doctor;337;446;8;5;16;11000;11700;1200||Slardar;Outworld Devourer;Weaver;Rubick;Dark Seer##2859494506;1100;1050;50;1040;1054
2860050176;2016-12-20;26;2640025;true;1;EHOME;4;Dota 2 Professional League 2016;4920;1;iG.Vitality##24;14;58##137193239;Luna;785;726;8;2;8;16600;0;7300||173880329;Legion Commander;486;544;6;2;11;13800;1900;555||111291593;Batrider;344;414;0;3;13;6500;0;375||103940975;Underlord;357;423;1;3;14;7000;1400;923||103039499;Witch Doctor;333;382;9;4;12;10200;3300;229||Lifestealer;Riki;Omniknight;Tiny;Rubick##2860050176;1150;750;50;1090;906
2859956166;2016-12-20;19;2640025;true;1;EHOME;4;Dota 2 Professional League 2016;4920;1;iG.Vitality##27;13;63##137193239;Lifestealer;478;475;6;5;7;8300;833;472||173880329;Ember Spirit;424;461;8;3;9;9700;126;487||111291593;Batrider;396;399;8;1;12;6200;0;392||103940975;Underlord;331;370;1;2;19;4900;1100;359||103039499;Silencer;292;356;4;2;16;7100;1800;546||Disruptor;Vengeful Spirit;Queen of Pain;Weaver;Beastmaster##2859956166;1200;600;50;1129;789
2872300334;2016-12-26;24;2640025;true;0;Team DuoBao;2208748;DOTA2 ACE Provisional;5006;3;iG.Vitality##16;11;45##137193239;Sven;560;452;7;4;6;11500;0;3500||173880329;Shadow Fiend;593;553;3;1;8;10200;40;7000||111291593;Batrider;366;392;1;2;9;6800;0;229||103940975;Underlord;416;407;4;1;9;7500;2100;1400||103039499;Silencer;281;258;1;3;13;6300;1600;645||Rubick;Legion Commander;Clockwerk;Slardar;Lifestealer##2872300334;1250;1100;50;1050;1000
2872356307;2016-12-26;43;2640025;true;1;Team DuoBao;2208748;DOTA2 ACE Provisional;5006;3;iG.Vitality##33;31;93##137193239;Meepo;616;630;9;12;8;27000;0;6000||173880329;Juggernaut;641;550;7;7;18;38900;0;7300||111291593;Batrider;390;410;6;5;22;18500;0;353||103940975;Kunkka;266;380;2;2;26;7500;4300;540||103039499;Silencer;349;432;9;5;19;18600;226;986||Sand King;Earth Spirit;Queen of Pain;Dazzle;Legion Commander##2872356307;1300;950;50;1097;953
2874626864;2016-12-27;22;2640025;true;0;Team Braveheart;1983234;SL i-League StarSeries S3;5077;3;iG.Vitality##21;17;52##137193239;Luna;727;615;6;2;9;15600;295;8000||173880329;Legion Commander;525;487;5;3;4;8300;122;2900||111291593;Slardar;438;435;1;6;13;5100;0;796||103940975;Weaver;382;377;4;3;13;8300;1200;1700||103039499;Witch Doctor;345;338;5;3;13;5700;5600;1300||Earth Spirit;Lifestealer;Batrider;Juggernaut;Disruptor##2874626864;1350;900;50;1139;906
2874688069;2016-12-27;42;2640025;true;1;Team Braveheart;1983234;SL i-League StarSeries S3;5077;3;iG.Vitality##41;38;104##137193239;Luna;805;652;6;4;17;35100;0;18400||173880329;Clockwerk;444;441;18;10;14;31800;5700;755||111291593;Dark Seer;460;424;3;4;24;14900;8500;876||103940975;Earth Spirit;358;374;6;10;25;16900;90;234||103039499;Silencer;374;406;8;10;24;17900;0;881||Nyx Assassin;Sand King;Razor;Rubick;Tinker##2874688069;1400;850;50;1176;869
2879698998;2016-12-29;36;2640025;true;1;Vici Gaming;726228;SL i-League StarSeries S3;5077;2;iG.Vitality##25;17;69##137193239;Luna;662;750;5;4;9;19900;0;3300||173880329;Storm Spirit;502;714;9;2;12;18700;921;0||111291593;Batrider;385;447;4;5;17;9100;0;113||103940975;Spirit Breaker;333;456;4;4;17;8000;400;276||103039499;Silencer;239;357;3;2;14;7000;1200;596||Disruptor;Ogre Magi;Tidehunter;Tinker;Lifestealer##2879698998;1450;1400;50;1005;1084
2879994794;2016-12-29;26;2640025;false;1;Vici Gaming;726228;SL i-League StarSeries S3;5077;2;iG.Vitality##9;32;18##137193239;Juggernaut;462;481;3;4;3;11300;0;2300||173880329;Tinker;442;439;1;3;3;27600;0;0||111291593;Sand King;343;302;4;5;4;9400;0;18||103940975;Bounty Hunter;201;197;1;12;4;3200;0;0||103039499;Ogre Magi;214;234;0;8;4;4700;0;0||Rubick;Outworld Devourer;Pudge;Omniknight;Luna##2879994794;1500;1300;50;1058;1031
2879848882;2016-12-29;42;2640025;false;0;Vici Gaming;726228;SL i-League StarSeries S3;5077;2;iG.Vitality##25;45;64##137193239;Timbersaw;558;649;10;8;8;30100;5300;144||173880329;Dragon Knight;495;545;6;6;6;19100;270;2400||111291593;Sand King;347;357;2;10;19;19600;0;196||103940975;Silencer;296;372;7;9;14;22300;0;511||103039499;Io;204;236;0;12;17;10100;7900;24||Keeper of the Light;Earth Spirit;Underlord;Outworld Devourer;Luna##2879848882;1450;1350;50;1007;1082
2884167941;2016-12-31;31;2640025;false;0;Newbee;1375614;Dota 2 Professional League 2016;4920;1;iG.Vitality##9;34;27##137193239;Luna;540;502;3;6;3;9800;0;2600||173880329;Shadow Fiend;487;488;2;5;4;7400;126;2000||111291593;Batrider;288;329;1;10;8;12000;0;0||103940975;Earth Spirit;244;257;2;5;5;6700;0;0||103039499;Witch Doctor;203;216;1;8;7;3500;659;134||Sand King;Outworld Devourer;Rubick;Juggernaut;Nyx Assassin##2884167941;1400;1100;50;1157;1082
2884321635;2016-12-31;21;2640025;false;0;Newbee;1375614;Dota 2 Professional League 2016;4920;1;iG.Vitality##8;19;17##137193239;Slark;384;376;0;1;2;2300;0;114||173880329;Shadow Fiend;445;408;2;8;5;7100;0;1000||111291593;Batrider;286;258;4;5;1;4400;0;111||103940975;Earth Spirit;173;216;0;3;5;3500;0;0||103039499;Silencer;208;200;2;2;4;4900;0;187||Sand King;Juggernaut;Rubick;Luna;Nyx Assassin##2884321635;1350;1150;50;1104;1135
2884054852;2016-12-31;29;2640025;false;0;Newbee;1375614;Dota 2 Professional League 2016;4920;1;iG.Vitality##5;21;12##137193239;Timbersaw;576;595;2;2;1;6600;857;30||173880329;Phantom Assassin;324;341;1;3;3;5200;70;256||111291593;Batrider;301;297;1;5;4;6300;90;233||103940975;Bounty Hunter;206;263;1;7;2;1800;0;82||103039499;Witch Doctor;170;209;0;4;2;2500;0;302||Weaver;Drow Ranger;Ogre Magi;Queen of Pain;Faceless Void##2884054852;1300;1200;50;1056;1183
2883749589;2016-12-31;39;2640025;true;1;LGD-GAMING;15;Dota 2 Professional League 2016;4920;2;iG.Vitality##20;18;53##137193239;Juggernaut;613;570;3;1;12;8500;0;6600||173880329;Storm Spirit;620;695;7;2;8;18000;1000;3400||111291593;Centaur Warrunner;415;426;1;7;14;9300;0;443||103940975;Underlord;376;399;4;6;10;7800;4500;1400||103039499;Rubick;321;314;5;2;9;10600;2500;1700||Shadow Demon;Dark Seer;Ember Spirit;Luna;Sand King##2883749589;1250;1350;50;961;1101
2883642981;2016-12-31;43;2640025;true;0;LGD-GAMING;15;Dota 2 Professional League 2016;4920;2;iG.Vitality##25;9;64##137193239;Slark;520;565;7;2;7;12300;0;2100||173880329;Shadow Fiend;699;629;10;1;10;21100;90;9300||111291593;Sand King;330;403;0;4;17;8700;0;136||103940975;Underlord;350;428;4;2;17;6600;4000;1100||103039499;Witch Doctor;278;381;4;0;13;9600;7200;488||Keeper of the Light;Axe;Tiny;Luna;Slardar##2883642981;1300;1300;50;1018;1044
2889067403;2017-01-02;42;2640025;true;0;EHOME;4;SL i-League StarSeries S3;5077;1;iG.Vitality##27;28;62##137193239;Lifestealer;502;568;7;5;10;18900;1900;2500||173880329;Mirana;613;643;10;4;11;25700;489;2400||111291593;Centaur Warrunner;484;644;6;8;19;20500;0;1700||103940975;Rubick;239;312;2;6;9;5600;2800;415||103039499;Chen;328;342;2;5;13;7200;5800;1000||Winter Wyvern;Bane;Ursa;Slardar;Sniper##2889067403;1350;500;50;1013;761
2888927298;2017-01-02;42;2640025;true;1;EHOME;4;SL i-League StarSeries S3;5077;1;iG.Vitality##47;21;127##137193239;Lifestealer;656;642;20;3;16;48400;2700;9000||173880329;Outworld Devourer;515;539;9;4;18;29300;497;3700||111291593;Batrider;434;644;6;3;39;19900;0;902||103940975;Sand King;354;456;6;7;30;14200;0;264||103039499;Rubick;330;409;6;4;24;11200;3800;726||Witch Doctor;Slark;Abaddon;Ember Spirit;Nyx Assassin##2888927298;1400;450;50;1046;728
2893059769;2017-01-04;45;2640025;true;1;team_ftd_a;2860081;SL i-League StarSeries S3;5077;3;iG.Vitality##44;37;95##137193239;Lifestealer;574;600;15;4;20;29400;3200;5900||173880329;Storm Spirit;640;598;19;4;11;41200;2100;5500||111291593;Sand King;383;449;2;10;11;10900;395;152||103940975;Riki;295;417;5;10;28;21700;615;967||103039499;Witch Doctor;278;396;3;9;25;10300;14100;831||Slardar;Shadow Demon;Juggernaut;Ember Spirit;Puck##2893059769;1450;1200;50;1208;1000
2893170323;2017-01-04;29;2640025;true;0;team_ftd_a;2860081;SL i-League StarSeries S3;5077;3;iG.Vitality##23;27;46##137193239;Luna;755;725;6;4;8;19300;0;9300||173880329;Legion Commander;498;469;8;7;3;11900;360;260||111291593;Slardar;377;486;4;7;9;8500;0;103||103940975;Weaver;369;424;4;4;14;14200;718;1800||103039499;Vengeful Spirit;307;403;1;5;12;5800;0;258||Earth Spirit;Batrider;Outworld Devourer;Lifestealer;Witch Doctor##2893170323;1500;1150;50;1247;961
