2353489796;2016-05-10;24;1421914;true;0;1030;9999;9999;Dream place to Star;2332600;SL i-League StarSeries S2;4646;1##27;3;54##138691886;2128;2||130547043;1104;1||104130823;1309;4||149206690;1016;4||196244721;1100;4##1;497;401;604;perfect;good;855##1;0;50;504;horrible;bad;505##true;195##true;802;1.1;0.0##false;9999##8;195||7;340||9;350||10;493||7;667||9;695||6;703||8;786||10;802||8;857||6;872||10;908||6;920||10;971||6;1063||10;1073||4;1073||8;1084||7;1088||6;1208||6;1278||8;1280||6;1334||10;1352||9;1360||6;1393##ML##2353489796;1000;1000;50;1000;1000
2355030643;2016-05-11;15;1421914;false;0;469;9999;9999;BraveHeart.Zombie;2789129;SL i-League StarSeries S2;4646;1##2;25;6##104130823;410;2||138691886;261;2||130547043;472;1||149206690;651;3||196244721;334;3##1;0;241;431;horrible;horrible;467##1;835;591;755;perfect;perfect;902##false;39##false;445;0.2;2.0##false;9999##5;39||1;68||5;166||3;245||4;283||3;286||2;395||4;445||2;450||1;466||5;485||4;542||2;613||1;665||10;675||2;685||5;733||7;766||5;782||4;828||5;831||2;832##ML##2355030643;1050;1000;50;1060;1000
2359942077;2016-05-13;22;1421914;false;0;554;9999;9999;alpha meow;2789230;SGC 2016;4632;4##8;33;12##104130823;801;2||103330646;895;4||130547043;971;3||212075621;446;4||138691886;578;1##1;0;50;499;horrible;bad;567##1;1769;350;610;perfect;good;881##false;196##false;728;0.3;1.2##false;910##2;196||5;331||2;366||5;429||2;436||3;446||2;511||5;573||8;630||9;672||4;728||3;730||5;758||4;843||9;864||6;905||9;917||5;1041||1;1044||3;1045||4;1070||2;1095||7;1098||10;1113||5;1113||3;1114||6;1115||1;1124||4;1139||5;1154||7;1155||2;1156||4;1197||2;1237||4;1246||3;1287||4;1291||1;1305||5;1307##ML##2359942077;1000;950;50;1000;955
2360062562;2016-05-13;22;1421914;false;1;885;9999;9999;alpha meow;2789230;SGC 2016;4632;4##8;20;24##104130823;1184;2||130547043;719;2||138691886;836;3||212075621;1053;3||103330646;836;3##1;222;82;687;bad;perfect;810##1;1737;300;873;good;horrible;1140##true;51##false;943;0.5;0.7##false;817##3;51||3;102||10;106||1;203||7;317||10;328||3;408||10;529||10;642||10;698||9;703||1;870||8;943||7;948||9;953||3;1097||8;1101||10;1104||4;1105||9;1109||7;1112||4;1137||10;1150||8;1251##ML##2360062562;950;1000;50;938;1017
2365061892;2016-05-15;28;1421914;false;0;1022;9999;9999;Major Creater;2755844;SGC 2016;4632;4##19;38;31##212075621;783;3||130547043;531;1||103330646;1304;3||104130823;943;2||138691886;1056;3##1;188;164;528;horrible;horrible;682##1;1038;450;653;perfect;perfect;918##false;24##false;524;1.2;1.9##false;949##3;24||4;192||4;283||8;321||3;358||5;387||8;388||2;423||9;428||4;483||3;512||2;522||1;524||9;531||6;540||9;587||1;601||10;632||8;634||2;710||1;717||4;736||5;740||3;752||10;756||2;766||8;863||6;869||4;889||10;895||3;895||1;969||2;981||1;1019||3;1055||7;1065||6;1072||10;1101||3;1157||10;1186||8;1282||9;1284||4;1294||1;1300||2;1308||3;1310||2;1370||7;1415||5;1415||1;1421||2;1439||2;1452||4;1560||4;1638||1;1643||3;1651##L##2365061892;900;850;50;888;874
2364921432;2016-05-15;24;1421914;false;1;784;9999;9999;Major Creater;2755844;SGC 2016;4632;4##11;33;27##103330646;846;3||130547043;838;3||196244721;387;2||104130823;1139;1||212075621;806;3##1;0;0;557;horrible;good;592##1;977;200;706;perfect;bad;983##true;14##false;684;0.7;1.5##false;1293##2;14||9;261||6;268||6;393||8;447||6;569||5;571||4;585||8;586||2;591||10;598||9;643||10;681||6;684||7;687||4;689||3;691||2;705||8;705||8;759||6;767||7;772||7;934||3;935||8;957||6;964||2;1091||7;1110||10;1114||3;1128||6;1132||8;1142||9;1144||9;1226||6;1238||8;1251||7;1253||10;1259||3;1339||9;1381||10;1382||8;1385||4;1385||7;1391##ML##2364921432;850;900;50;838;924
2373722736;2016-05-19;16;1421914;false;1;1163;9999;9999;Wings Red Gaming;2746885;SGC 2016;4632;4##11;30;32##130547043;472;2||149206690;982;3||103330646;143;2||196244721;608;4||138691886;403;2##1;730;250;447;normal;good;555##1;653;200;666;normal;bad;855##true;142##false;574;1.1;2.6##true;855##1;142||10;179||1;241||3;285||8;286||7;289||2;289||10;301||10;401||4;429||3;429||8;430||1;433||6;472||9;474||7;492||1;570||2;572||7;574||8;578||9;581||10;591||6;602||8;652||10;660||9;663||6;666||9;750||6;761||8;766||1;766||3;859||6;863||7;865||9;867||8;869||10;876||9;983##ML##2373722736;800;1150;50;789;1174
2381423144;2016-05-22;21;1421914;false;0;509;9999;9999;We Are Young.Amazing;2828740;SGC 2016;4632;4##4;25;10##104130823;804;4||130547043;381;1||196244721;601;4||149206690;652;3||138691886;231;2##1;0;0;569;horrible;bad;507##1;1731;200;988;perfect;good;1009##false;343##false;681;0.2;1.2##false;9999##2;343||7;503||8;516||5;519||1;521||4;523||2;526||1;622||3;666||2;677||4;681||3;731||2;751||5;828||2;930||5;937||3;946||1;947||1;1090||3;1098||2;1099||4;1099||8;1183##ML##2381423144;750;1000;50;763;1038
2381524650;2016-05-22;23;1421914;false;1;571;9999;9999;We Are Young.Amazing;2828740;SGC 2016;4632;4##3;23;7##138691886;893;4||130547043;710;1||104130823;507;2||149206690;696;3||196244721;733;3##1;0;78;588;horrible;good;594##1;1447;350;849;perfect;bad;944##true;7##false;738;0.2;1.0##false;1169##1;7||10;91||7;346||10;353||6;393||6;455||7;494||5;501||10;685||8;699||7;738||9;827||10;931||9;939||4;1185||6;1261||8;1266||10;1271||6;1330||7;1362||9;1373||7;1416##ML##2381524650;700;1050;50;730;1071
2389956373;2016-05-26;22;1421914;false;0;865;9999;9999;G.star;2780729;SGC 2016;4632;4##7;33;19##104130823;421;2||130547043;591;1||151933277;-337;2||149206690;762;4||196244721;719;4##1;666;282;511;horrible;bad;447##1;984;564;822;perfect;good;1147##false;102##false;646;0.5;1.5##false;9999##3;102||3;167||3;267||5;268||2;326||3;443||6;496||1;611||5;614||3;622||6;626||2;646||3;705||9;772||7;776||1;795||3;799||10;800||5;870||3;885||4;905||3;962||4;994||2;1065||4;1164||5;1165||1;1169||2;1171||3;1172||5;1217||4;1232||10;1250||2;1253||1;1258||5;1292##ML##2389956373;650;1450;50;703;1359
2390025237;2016-05-26;14;1421914;false;1;9999;9999;9999;G.star;2780729;SGC 2016;4632;4##1;15;2##104130823;333;2||130547043;448;1||196244721;490;4||149206690;445;3||151933277;473;4##1;0;129;445;horrible;bad;596##1;1352;279;774;perfect;good;957##false;149##false;679;0.1;1.0##false;769##7;149||8;350||5;475||7;475||9;479||6;493||7;674||8;677||6;678||9;679||9;840##ML##2390025237;600;1500;50;682;1380
2395622697;2016-05-28;19;1421914;false;0;887;9999;9999;Make.Dream;2581752;SGC 2016;4632;4##9;17;20##104130823;471;2||130547043;660;1||202935793;896;4||149206690;1140;3||196244721;1104;3##1;373;145;602;normal;perfect;660##1;1414;50;789;normal;horrible;811##true;73##false;1101;0.7;0.9##false;1018##6;73||6;148||2;342||4;414||8;519||5;628||6;633||1;635||2;720||10;772||6;784||4;800||1;837||8;841||2;843||4;848||7;917||9;919||2;1101||3;1111||1;1113||5;1120##L##2395622697;550;750;50;661;785
2395741886;2016-05-28;17;1421914;false;1;703;9999;9999;Make.Dream;2581752;SGC 2016;4632;4##5;17;11##104130823;595;2||130547043;601;1||202935793;288;2||149206690;750;3||196244721;740;3##1;0;156;562;horrible;good;526##1;1454;206;610;perfect;bad;786##true;183##false;890;0.5;1.1##true;9999##2;184||5;189||7;288||5;373||8;475||9;484||8;609||9;611||2;613||4;615||10;628||7;821||6;825||8;830||9;890||8;892||7;902||6;920##ML##2395741886;500;800;50;621;825
2402638288;2016-05-31;29;1421914;false;0;827;9999;9999;To.be.or.not.to.be;2822317;SGC 2016;4632;4##14;25;33##104130823;405;2||130547043;976;2||103330646;1056;4||149206690;1254;3||196244721;1227;3##1;174;300;654;bad;good;748##1;1152;562;850;good;bad;1114##true;47##false;1014;0.7;0.6##false;915##10;47||4;244||5;348||7;349||6;430||1;467||8;494||2;643||9;662||7;821||5;823||8;828||1;831||1;995||2;999||5;1014||3;1018||4;1022||7;1198||2;1204||1;1210||6;1213||9;1287||3;1291||10;1302||4;1312||7;1315||3;1378||7;1384||6;1394||3;1590||5;1671||3;1673||1;1682||2;1687##L##2402638288;450;1100;50;586;1110
2402748667;2016-05-31;19;1421914;false;1;580;9999;9999;To.be.or.not.to.be;2822317;SGC 2016;4632;4##4;26;8##104130823;591;4||103330646;380;2||130547043;623;1||149206690;563;4||196244721;424;4##1;0;195;476;horrible;bad;465##1;1564;395;790;perfect;good;840##false;154##false;676;0.3;1.6##false;1062##7;154||9;183||8;337||10;525||8;529||6;533||6;580||10;591||2;593||9;675||8;676||6;683||10;693||3;743||9;746||1;877||7;888||10;890||6;898||10;933||9;981||2;985||10;1069||8;1071||9;1071||7;1074||6;1084##ML##2402748667;400;1150;50;566;1130
2407508077;2016-06-02;25;1421914;false;0;752;9999;9999;Ago-GAMING;2775977;SGC 2016;4632;4##9;25;21##104130823;440;2||130547043;317;2||103330646;643;2||149206690;0;5||196244721;857;3##1;159;317;493;bad;perfect;611##1;1173;545;733;good;horrible;932##true;-24##false;975;0.7;0.7##false;1261##8;-24||6;222||8;230||6;330||10;396||2;408||1;410||1;534||2;536||1;609||5;613||4;617||8;717||9;718||9;972||3;975||5;977||4;980||2;987||3;1066||4;1068||5;1080||8;1081||1;1090||2;1100||4;1111||1;1463||2;1466||5;1470||6;1538##ML##2407508077;350;850;50;545;975
2407633602;2016-06-02;24;1421914;false;1;746;9999;9999;Ago-GAMING;2775977;SGC 2016;4632;4##8;19;24##130547043;614;1||103330646;1022;4||104130823;1099;2||149206690;946;3||196244721;485;4##1;319;0;587;bad;good;765##1;1810;275;694;good;bad;1267##true;76##false;1199;0.3;0.5##false;1105##1;132||6;184||7;357||7;481||1;492||9;498||1;631||10;743||10;944||6;955||8;957||3;958||7;959||5;1189||6;1199||10;1203||8;1206||7;1229||4;1374||7;1374||6;1383||10;1438||9;1442||2;1445||6;1445||1;1454||8;1463##ML##2407633602;300;900;50;524;996
2414380415;2016-06-05;26;1421914;false;0;668;9999;9999;alpha meow;2789230;SGC 2016;4632;4##4;23;9##104130823;560;2||130547043;671;1||338770928;1138;3||149206690;642;3||196244721;457;3##1;0;0;656;horrible;normal;640##1;1241;569;758;perfect;normal;885##false;163##false;672;0.4;1.2##false;1297##4;163||6;167||2;259||3;313||3;409||10;455||4;475||7;475||3;554||2;610||6;636||5;669||3;672||4;727||2;771||4;790||5;1126||3;1233||5;1237||2;1242||5;1480||1;1481||3;1487||2;1508||5;1527##ML##2414380415;250;550;50;503;679
2414496751;2016-06-05;27;1421914;false;1;995;9999;9999;alpha meow;2789230;SGC 2016;4632;4##17;42;40##104130823;415;2||130547043;546;1||149206690;1258;3||338770928;977;4||196244721;908;3##1;0;251;521;bad;perfect;558##1;1585;451;759;good;horrible;910##true;46##false;424;1.3;1.8##false;1352##4;46||2;169||7;188||9;207||6;247||10;256||9;264||1;270||7;317||8;339||1;341||9;347||7;424||2;433||7;506||3;507||9;508||4;516||5;521||10;530||9;554||2;555||7;557||6;644||1;653||1;731||7;779||8;825||9;829||3;876||5;881||2;902||6;936||8;951||6;1114||6;1173||9;1182||10;1185||7;1194||7;1284||10;1288||8;1302||8;1430||7;1445||4;1448||8;1462||9;1467||7;1536||5;1538||10;1541||8;1550||9;1551||6;1596||4;1608##ML##2414496751;200;600;50;469;713
2423678615;2016-06-09;16;1421914;false;0;958;9999;9999;ToPower Gaming;2685608;SGC 2016;4632;4##8;28;17##347990790;798;2||130547043;711;1||139256677;942;4||149206690;1151;3||196244721;715;3##1;301;339;620;horrible;good;598##1;1233;200;805;perfect;bad;820##true;143##false;525;0.7;1.9##false;642##6;143||5;256||8;256||2;268||4;275||1;277||2;365||4;389||3;515||5;525||6;526||4;529||2;533||1;539||3;578||2;607||3;665||4;670||9;737||7;739||5;742||4;744||4;765||9;766||10;771||3;852||5;904||4;916||3;925||1;927||6;941##ML##2423678615;150;1550;50;444;1449
2426521521;2016-06-10;21;1421914;false;1;872;9999;9999;Wings Red Gaming;2746885;SGC 2016;4632;4##6;20;8##149206690;700;3||196244721;485;3||141880162;793;2||347990790;1127;3||130547043;454;1##1;687;0;551;horrible;bad;734##1;1191;595;609;perfect;good;967##false;74##false;556;0.6;1.1##true;9999##8;74||3;123||10;150||10;261||6;265||7;279||1;280||4;291||10;445||3;504||4;509||6;553||10;556||7;561||6;788||10;845||3;855||7;1038||6;1039||9;1044||8;1045||9;1239##ML##2426521521;100;1350;50;423;1218
2426375676;2016-06-10;28;1421914;false;0;1082;9999;9999;Wings Red Gaming;2746885;SGC 2016;4632;4##14;24;23##347990790;1061;3||130547043;585;2||196244721;508;4||141880162;994;2||149206690;884;3##1;1252;200;629;bad;horrible;736##1;1415;550;596;good;perfect;1170##false;49##false;713;0.8;1.0##false;1220##1;49||1;279||10;327||9;338||8;423||7;492||1;530||2;608||6;621||7;661||5;678||1;686||3;689||2;697||4;713||4;838||6;866||8;886||7;1111||9;1115||4;1161||3;1164||5;1349||6;1356||7;1432||3;1456||2;1515||10;1516||9;1517||3;1517||5;1523||6;1525||3;1664||1;1673##L##2426375676;50;1400;50;402;1239
2435551373;2016-06-14;25;1421914;false;0;915;9999;9999;We Are Young.Amazing;2828740;SGC 2016;4632;4##6;29;9##130547043;570;1||347990790;703;4||141880162;268;2||149206690;862;3||196244721;580;3##1;592;122;529;bad;bad;568##1;1127;272;695;good;good;1107##false;63##false;746;0.6;1.3##false;1341##2;63||8;103||9;227||2;312||7;361||2;440||5;484||7;489||8;491||3;502||2;590||1;667||3;700||2;729||7;745||4;746||1;833||2;884||4;897||1;915||3;919||2;961||1;1093||3;1324||5;1324||4;1325||2;1328||9;1402||2;1426||4;1431||3;1438##ML##2435551373;0;750;50;382;894
2435689670;2016-06-14;24;1421914;false;1;678;9999;9999;We Are Young.Amazing;2828740;SGC 2016;4632;4##9;29;22##347990790;949;3||130547043;589;1||141880162;490;2||149206690;1095;3||196244721;1058;3##1;220;276;501;horrible;normal;645##1;810;225;700;perfect;normal;1116##false;145##false;480;0.5;1.2##false;1346##4;152||9;154||8;233||9;301||4;307||6;316||10;367||3;438||9;440||6;480||7;523||10;630||10;695||1;753||8;763||7;856||2;862||3;972||9;1011||8;1019||6;1021||7;1030||2;1067||2;1135||9;1247||8;1260||10;1261||6;1262||7;1263||4;1344||6;1382||1;1393||10;1396||8;1401##ML##2435689670;-50;800;50;361;915
2442777662;2016-06-17;15;1421914;false;1;641;9999;9999;G.star;2780729;SGC 2016;4632;4##3;29;4##130547043;669;2||141880162;1106;3||347990790;137;2||149206690;506;3||196244721;404;4##1;405;483;419;horrible;horrible;637##1;905;270;835;perfect;perfect;1010##false;44##false;403;0.2;2.2##true;9999##8;44||7;161||6;208||10;261||9;274||6;281||10;295||7;346||9;403||8;462||10;470||10;583||9;658||10;663||7;672||10;698||7;714||9;715||9;762||8;781||7;785||5;795||4;826||9;884||7;902##ML##2442777662;-100;2250;50;340;1541
