2022390944;2015-12-22;29;2640099;true;0;1573;9999;9999##24;11;55##31818853;1408||86726887;1210||121847953;1336||177648913;1909||38515149;1249##1;1554;790;154;1721;perfect;1137##1;183;-45;-430;-735;horrible;1064##true;10##true;584##true;1181##6;10||9;135||3;138||10;141||9;223||8;232||2;253||10;266||9;300||10;355||8;363||9;576||6;584||1;671||10;720||4;890||1;891||2;904||3;906||9;1049||3;1187||1;1190||10;1195||8;1202||6;1340||10;1346||2;1390||3;1393||9;1397||10;1398||8;1402||5;1405||9;1542||10;1731||6;1731||9;1740||7;1745##normal##2022390944;1000;1000;50
2022440389;2015-12-23;58;2640099;true;1;1260;1531;957##21;26;38##31818853;993||86726887;1264||121847953;1026||177648913;925||38515149;658##1;1282;-107;373;1197;good;1115##1;-93;428;-317;-151;bad;1432##true;202##true;766##true;477##3;202||2;251||5;355||2;393||7;496||2;504||9;505||5;527||3;547||9;550||10;557||5;628||1;687||7;690||3;766||4;876||8;889||2;913||5;942||10;972||4;1040||8;1576||9;1812||10;1830||9;1833||10;1946||8;1954||6;1958||9;1965||8;2233||10;2238||9;2394||9;2411||10;2418||1;2419||7;2572||9;2573||10;2648||10;2736||7;2749||2;3054||6;3242||10;3246||10;3353||2;3354||5;3377||3;3381||2;3467||6;3472||4;3476##normal##2022440389;1050;1049;49
2024991909;2015-12-24;40;2640099;false;1;821;922;9999##17;27;40##47434686;852||86726887;1170||121847953;665||177648913;983||31818853;718##1;182;1;-416;93;good;824##1;1732;647;153;341;bad;1033##true;147##false;1460##false;942##2;147||3;206||6;218||6;266||9;280||8;448||5;535||4;535||6;578||9;585||3;773||4;777||1;828||10;912||9;950||4;1101||6;1124||10;1460||5;1461||7;1465||2;1466||8;1473||1;1614||1;1753||5;1755||8;1756||6;1766||7;1775||10;1828||8;1987||3;1992||9;1992||4;1998||5;2001||10;2029||7;2033||8;2108||10;2138||6;2139||5;2144||9;2144||7;2156||1;2161||10;2416||9;2419##normal##2024991909;1099;1000;54
2025075459;2015-12-24;23;2640099;true;0;1670;9999;9999##36;5;60##47434686;1468||86726887;1594||121847953;2131||177648913;1438||31818853;1833##1;687;621;824;1583;good;958##1;417;521;-610;-565;bad;707##true;227##true;635##true;1202##10;227||9;239||10;268||6;392||7;415||5;417||2;457||9;503||7;518||8;626||2;634||6;634||10;635||7;646||9;695||8;722||10;722||10;851||4;855||6;855||9;858||7;863||8;870||9;940||8;977||4;980||10;1005||9;1009||10;1072||9;1107||8;1123||6;1123||7;1318||6;1322||8;1323||10;1346||7;1379||9;1381||8;1388||6;1391||10;1400##normal##2025075459;1045;1054;60
2024783448;2015-12-24;40;2640099;false;0;1145;978;9999##17;27;36##47434686;984||86726887;912||121847953;1016||177648913;996||31818853;1357##1;851;420;42;-118;good;1006##1;733;200;96;802;bad;1180##true;269##false;1215##true;1211##8;269||4;418||7;424||2;427||1;440||9;552||4;674||6;686||2;862||9;864||4;870||3;871||10;871||6;1015||1;1033||3;1061||4;1215||3;1219||2;1220||9;1220||5;1224||10;1226||1;1516||9;1520||7;1524||3;1535||10;1536||5;1608||3;1617||1;1622||7;1625||2;1776||8;1887||1;1952||1;2121||7;2121||8;2195||7;2196||2;2350||5;2352||1;2356||9;2358||4;2358||3;2383||2;2386||4;2395##normal##2024783448;1105;994;55
2024915712;2015-12-24;38;2640099;true;0;986;1516;9999##31;8;55##47434686;1350||86726887;994||121847953;1332||177648913;1699||31818853;1356##1;1011;434;476;1240;normal;1213##1;655;268;-207;-667;bad;957##true;362##true;1157##false;778##9;362||9;414||1;487||4;490||9;784||10;837||8;862||4;863||9;866||7;886||10;892||9;1107||10;1157||6;1160||7;1165||6;1238||4;1240||2;1292||3;1294||7;1455||10;1456||6;1456||5;1465||8;1466||8;1474||10;1572||7;1576||6;1837||8;1889||3;2040||8;2044||7;2045||7;2122||9;2129||10;2157||8;2183||9;2186||8;2208||10;2211||6;2285||7;2285||9;2286##normal##2024915712;1050;1049;49
2062301221;2016-01-07;18;2640099;true;0;1109;9999;9999##18;5;38##47434686;1481||86726887;1030||121847953;1978||177648913;1581||31818853;1587##1;401;251;810;1168;good;863##1;142;1;-448;-315;bad;671##true;231##true;962##false;9999##7;231||1;335||7;338||9;356||10;366||2;385||8;485||7;612||2;640||3;715||7;716||2;719||9;724||7;826||8;962||10;964||9;969||7;1001||8;1045||10;1051||6;1055||7;1058||9;1060##normal##2062301221;1099;1000;49
2062237972;2016-01-07;32;2640099;true;0;1374;1500;9999##16;7;35##47434686;1010||86726887;1746||121847953;1340||177648913;1215||31818853;1234##1;2003;401;724;474;good;1120##1;65;410;-77;-195;bad;1031##true;240##true;1568##false;791##6;240||9;259||1;267||6;306||9;413||3;414||4;419||1;424||4;556||7;920||8;1175||7;1319||8;1388||10;1394||2;1557||10;1562||1;1566||8;1568||10;1577||6;1583||7;1779||10;1933||9;1937||8;1942||6;1952##normal##2062237972;1148;951;43
2062557027;2016-01-08;56;2640099;true;1;1118;1046;969##26;15;61##47434686;800||86726887;1465||121847953;1517||177648913;806||31818853;913##1;864;239;603;-199;bad;1222##1;803;-14;164;1000;good;1356##false;48##false;1066##false;829##10;48||5;63||10;256||2;277||9;278||1;296||9;362||2;365||4;527||7;810||8;836||6;838||8;843||9;1064||4;1064||6;1066||10;1073||8;1075||7;1078||5;1143||4;1179||2;1202||5;1290||2;1424||5;1443||5;1686||3;1690||1;1698||4;1702||2;1929||4;2190||4;2642||3;2647||2;2660||4;3109||1;3162||2;3164||5;3173||7;3189||6;3192||10;3202||1;3306||3;3332||2;3332||3;3380##normal##2062557027;1191;947;37
2062500670;2016-01-08;26;2640099;false;0;732;9999;9999##8;15;15##47434686;721||86726887;860||121847953;870||177648913;476||31818853;627##1;262;180;362;-262;good;657##1;821;-164;441;895;bad;1060##true;223##false;1226##false;1032##6;223||7;259||10;260||4;260||4;341||9;377||4;569||6;620||5;665||4;703||2;712||1;734||5;745||10;961||4;1224||5;1226||3;1228||2;1531||4;1532||10;1532||8;1535||3;1536||1;1552##normal##2062500670;1228;1025;59
2064988726;2016-01-09;39;2640099;true;0;1096;1365;9999##16;18;32##47434686;932||86726887;1237||121847953;1021||177648913;934||31818853;1402##1;1302;-27;874;-279;good;1157##1;148;580;219;941;bad;1260##true;181##false;1156##false;999##7;181||4;399||5;435||6;483||7;532||3;635||2;648||1;655||6;792||3;828||5;882||2;886||4;958||8;958||4;1156||10;1177||10;1185||2;1186||6;1189||3;1277||1;1290||6;1303||7;1367||6;1404||10;1690||6;1698||1;2053||5;2060||2;2072||2;2318||8;2320||9;2320||1;2320||6;2323||10;2336##bad##2064988726;1169;854;22
2065070313;2016-01-09;29;2640099;true;1;960;9999;9999##26;12;58##47434686;1189||86726887;1033||121847953;1701||177648913;1528||31818853;1517##1;895;621;793;796;good;1197##1;230;621;50;47;bad;1275##true;330##true;1071##true;1468##3;330||1;336||5;341||6;342||3;377||1;505||6;507||7;663||3;828||2;831||6;858||1;859||7;860||8;861||10;864||1;1024||5;1071||2;1118||2;1214||8;1217||6;1221||10;1223||9;1298||6;1389||1;1404||5;1432||4;1438||4;1542||3;1558||1;1564||2;1589||2;1702||1;1719||3;1721||4;1757||2;1760||5;1768||3;1774##bad##2065070313;1191;832;29
2064836234;2016-01-09;37;2640099;false;0;726;808;9999##4;22;10##47434686;598||86726887;487||121847953;897||177648913;856||31818853;557##1;206;-138;169;-1000;bad;1185##1;1129;857;635;1474;good;1181##false;335##false;1105##false;984##4;335||1;340||2;574||1;590||5;805||2;900||3;902||5;923||4;931||4;1105||9;1178||5;1594||9;1594||8;1600||4;1606||5;1746||2;1761||8;1873||1;1874||5;1877||4;1882||6;2066||1;2222||3;2226||4;2227||5;2231||2;2232##normal##2064836234;1220;985;61
2064895143;2016-01-09;60;2640099;true;1;864;1392;623##25;17;55##47434686;893||86726887;992||121847953;1257||177648913;1619||31818853;1001##1;1158;478;404;-32;bad;1168##1;885;412;552;-36;good;1727##false;123##true;1878##true;1264##9;123||3;207||8;271||6;274||7;376||9;656||5;862||9;864||3;866||2;870||1;1097||4;1130||1;1545||6;1657||8;1732||4;1734||1;1870||10;1873||4;1878||9;1880||3;1886||8;1890||5;1892||5;2185||9;2828||6;2835||5;2916||5;3026||3;3148||3;3444||4;3466||1;3529||4;3538||2;3541||3;3543||9;3543||6;3549||7;3551||5;3553||2;3556||1;3561||8;3562||5;3591||4;3592##normal##2064895143;1159;1046;44
2067225691;2016-01-09;30;2640099;false;0;690;756;9999##3;15;7##47434686;811||86726887;530||121847953;699||177648913;911||31818853;708##1;284;164;716;-567;bad;1013##1;1576;144;737;680;good;1077##false;257##false;1706##false;983##2;257||5;321||2;659||3;766||8;808||3;989||9;1257||5;1268||7;1278||6;1281||1;1295||3;1685||4;1690||2;1706||5;1789||1;1793||4;1800||3;1801||9;1807||2;1812##nice##2067225691;1203;1165;51
2070114438;2016-01-10;25;2640099;false;0;770;9999;9999##12;28;27##47434686;757||86726887;811||121847953;937||177648913;805||31818853;420##1;130;421;-63;-26;good;704##1;1295;621;383;933;bad;1023##true;115##false;1015##false;1180##7;115||7;223||10;253||7;315||1;317||5;465||8;565||1;615||9;631||3;635||2;639||1;665||5;666||9;720||5;773||4;782||1;1015||2;1016||5;1018||8;1018||4;1018||3;1023||5;1119||2;1124||1;1127||4;1134||7;1220||9;1232||6;1306||4;1310||2;1312||3;1313||5;1313||1;1314||5;1481||7;1485||2;1486||1;1492||4;1492||3;1498##normal##2070114438;1152;1157;54
2070058798;2016-01-10;33;2640099;false;0;824;550;9999##6;28;12##47434686;704||86726887;971||121847953;778||177648913;560||31818853;541##1;171;200;121;-71;good;606##1;1466;-90;204;948;good;912##true;83##false;993##false;1019##7;83||5;85||10;87||3;399||6;631||1;635||4;724||9;781||8;799||5;804||1;812||4;830||4;895||6;912||1;913||4;993||4;1091||1;1147||5;1161||2;1161||1;1262||4;1269||8;1273||2;1333||4;1483||5;1507||4;1565||1;1572||7;1572||8;1659||2;1661||3;1672||4;1675||1;1930||2;1931||4;1939||5;1942##normal##2070058798;1098;1273;46
2178572793;2016-02-26;33;2640099;false;1;1231;779;9999##13;29;17##31818853;615||86726887;942||67601693;908||47434686;828||86747351;760##1;354;262;1223;297;horrible;937##1;333;330;-36;822;perfect;1148##false;15##false;935##true;1244##6;15||7;54||5;72||1;205||2;234||7;260||4;262||1;267||9;453||1;591||7;594||3;743||6;751||10;755||5;871||9;872||7;878||6;880||8;935||9;942||6;962||3;1001||6;1139||9;1144||6;1296||10;1417||1;1422||3;1426||7;1486||7;1497||6;1595||10;1595||9;1603||8;1620||6;1809||10;1812||4;1816||9;1833||1;1947||6;1947||8;1964||9;1971||7;1979##normal##2178572793;1052;1342;36
2206240813;2016-03-08;28;2640099;true;0;1386;9999;9999##32;10;73##31818853;1345||86726887;2276||67601693;1594||47434686;1205||86747351;1056##1;1498;829;417;989;good;788##1;265;335;141;113;bad;887##true;52##true;778##false;756##8;52||1;167||4;293||1;318||8;360||7;370||5;372||9;374||1;445||9;594||10;594||4;620||7;762||6;767||8;777||10;778||1;780||4;782||10;870||6;889||10;919||1;1003||8;1013||7;1041||6;1048||6;1195||10;1196||7;1211||9;1215||8;1402||6;1406||10;1437||7;1440||9;1445||8;1507||6;1551||4;1616||8;1632||10;1677||10;1711||9;1714||6;1717||3;1719||8;1720||7;1726##bad##2206240813;1016;1059;62
2206174719;2016-03-08;46;2640099;true;1;1289;1400;1283##35;35;63##31818853;1070||86726887;1227||67601693;1284||47434686;1366||86747351;760##1;1015;351;945;1061;perfect;1031##1;599;401;-317;233;horrible;1240##true;50##true;787##true;955##5;50||5;141||1;158||2;196||1;224||7;255||5;279||10;288||8;384||6;396||3;547||4;555||9;604||4;635||6;636||10;647||5;668||3;787||7;793||5;794||6;872||10;887||5;888||4;896||3;901||6;1020||10;1023||1;1028||5;1035||8;1054||3;1068||4;1069||8;1077||9;1081||10;1087||7;1255||7;1391||5;1401||2;1466||9;1471||5;1800||6;1877||10;1879||9;1987||6;1988||10;1994||7;2000||10;2060||5;2070||4;2079||10;2291||3;2297||1;2305||3;2510||8;2535||4;2538||10;2548||4;2556||7;2562||9;2572||3;2573||5;2576||2;2584||6;2590||9;2718||8;2719||10;2732||4;2751||3;2772||2;2791||7;2800||9;2804##bad##2206174719;1078;997;45
2218394602;2016-03-13;47;2640099;true;1;1597;1691;692##41;23;94##31818853;1266||86726887;1190||67601693;1213||47434686;1362||86747351;1602##1;1868;150;1657;1122;good;815##1;614;746;818;-338;bad;1079##true;322##true;1032##true;549##1;322||2;411||6;459||4;575||4;724||9;728||3;730||8;739||8;906||1;914||5;923||2;933||6;990||5;1022||4;1032||3;1041||3;1162||1;1166||3;1212||2;1225||8;1233||3;1378||2;1406||6;1415||10;1420||9;1433||8;1633||4;1638||3;1638||5;1641||2;1642||1;1646||4;1763||9;1765||2;1771||3;1779||6;1780||10;1792||8;1798||7;1850||5;1963||3;1966||2;1968||8;1980||5;1984||10;2052||6;2066||7;2066||1;2390||5;2449||3;2451||7;2517||6;2524||10;2530||8;2590||6;2599||5;2611||1;2704||2;2779||3;2781||1;2784||5;2789||4;2789||8;2792||4;2810||2;2824||3;2830##normal##2218394602;1123;970;42
2223185352;2016-03-14;34;2640099;false;0;1060;1319;9999##18;24;38##31818853;1047||84429681;950||67601693;1288||47434686;1035||86747351;1183##1;783;360;1138;11;good;1172##1;1225;258;-34;745;bad;1045##true;119##false;1150##false;878##8;119||5;230||7;280||4;298||8;339||9;363||10;425||2;430||4;435||1;549||9;699||4;746||1;906||8;933||5;951||2;982||5;1150||6;1172||10;1265||7;1291||4;1295||6;1301||8;1315||9;1316||1;1317||4;1413||1;1416||10;1473||6;1492||9;1636||1;1717||7;1721||4;1725||5;1899||4;1904||1;1930||6;2021||5;2025||10;2033||4;2050||2;2061||3;2063||1;2065##normal##2223185352;1165;902;64
2223135300;2016-03-14;26;2640099;true;1;1531;9999;9999##25;7;55##31818853;1510||84429681;1145||67601693;1849||47434686;2232||86747351;1284##1;1467;701;1704;1120;normal;1330##1;259;246;331;-391;bad;794##true;385##true;1035##true;1008##2;385||1;498||5;508||7;512||3;727||2;742||4;774||1;774||3;777||5;824||6;873||10;875||6;997||5;1035||1;1069||4;1080||3;1157||7;1175||8;1265||3;1292||1;1292||2;1299||3;1362||4;1379||4;1479||2;1496||9;1557||5;1566||10;1571||3;1571||1;1575||2;1579||4;1588##normal##2223135300;1101;966;47
2227565782;2016-03-16;33;2640099;true;1;1259;1573;9999##41;22;71##31818853;1287||86726887;1719||67601693;1530||47434686;1239||86747351;980##1;1140;82;374;590;bad;890##1;352;743;-28;531;good;908##false;167##true;929##true;1065##9;167||1;243||2;282||10;365||3;432||1;553||6;575||4;589||9;602||2;670||9;674||10;728||3;748||10;779||2;792||8;797||3;871||6;921||5;929||10;929||1;936||7;938||3;950||4;957||10;1007||6;1025||1;1098||2;1110||3;1126||10;1249||1;1254||2;1254||5;1258||3;1269||8;1359||3;1486||6;1490||2;1502||1;1514||4;1517||1;1586||9;1606||5;1615||10;1615||8;1618||4;1640||6;1649||1;1722||9;1822||1;1823||10;1825||3;1828||7;1830||2;1836||5;1839||4;1853||1;1898||4;1920||8;1980||2;1981||3;1990||5;1998||1;2001||3;2006||2;2019##nice##2227565782;1148;1763;76
2227450062;2016-03-16;26;2640099;true;0;1385;9999;9999##27;10;43##31818853;1431||86726887;1258||67601693;1846||47434686;1259||86747351;1288##1;1655;410;706;1108;bad;1341##1;184;310;141;24;good;952##false;-9##true;640##true;1127##1;9||6;40||1;79||6;100||8;147||1;149||8;280||7;455||4;509||6;512||10;519||8;527||1;623||7;640||4;747||8;749||10;880||8;882||7;906||8;987||4;1002||6;1006||5;1039||8;1097||6;1101||7;1102||1;1105||10;1256||4;1262||8;1413||7;1431||9;1439||10;1517||6;1572||8;1574||9;1584||10;1591##normal##2227450062;1224;938;36
2227386873;2016-03-16;27;2640099;true;1;1375;9999;9999##17;4;35##31818853;1289||86726887;1399||67601693;1230||47434686;1162||86747351;882##1;1478;154;765;1188;good;1086##1;66;288;145;-504;bad;1146##true;127##true;1084##true;817##1;127||3;204||2;348||3;415||8;416||9;427||4;481||5;633||10;649||1;650||9;1002||5;1036||4;1038||1;1084||5;1088||3;1094||4;1396||2;1526||5;1588||1;1591||4;1625##normal##2227386873;1260;902;31
2227501950;2016-03-16;52;2640099;true;0;1309;850;1194##34;27;66##31818853;1528||86726887;1486||67601693;1005||47434686;945||86747351;606##1;884;60;557;570;good;945##1;454;550;-518;634;bad;1134##true;200##false;862##false;911##10;200||10;333||3;393||4;440||7;444||10;472||5;487||8;488||10;545||6;590||4;602||9;603||4;698||5;716||8;746||1;751||4;759||3;766||3;862||6;863||5;875||1;879||6;1263||10;1280||8;1286||5;1330||2;1333||4;1336||7;1384||3;1516||10;1523||6;1527||1;1785||6;1790||8;1863||1;1953||5;1959||9;2146||9;2155||6;2164||8;2168||8;2355||5;2551||1;2559||8;2644||6;2649||3;2654||5;2661||7;2666||4;2670||10;2673||6;2687||9;2689||10;2700||8;2751||1;2762||5;2942||6;2961||8;3081||6;3082||3;3101||7;3102||9;3109##nice##2227501950;1291;1687;84
2232206220;2016-03-18;19;2640099;true;0;1851;9999;9999##18;3;33##31818853;1779||86726887;1409||67601693;1367||47434686;1231||86747351;1199##1;1591;365;1822;1317;good;1147##1;119;235;206;-576;bad;696##true;168##true;887##true;695##9;168||9;260||9;425||1;485||6;544||7;568||4;618||10;622||6;646||9;748||8;806||10;887||5;891||6;1023||7;1044||9;1057||9;1147||7;1147||8;1149||10;1150||6;1153##normal##2232206220;1375;984;31
2232259137;2016-03-19;25;2640099;true;1;1517;9999;9999##24;13;33##31818853;748||86726887;1601||67601693;1455||47434686;1315||86747351;824##1;706;688;418;1169;bad;1003##1;329;-247;308;-98;good;852##true;129##true;808##false;805##9;58||1;129||4;135||7;135||6;231||1;245||9;328||3;350||4;373||4;499||9;527||9;651||1;661||3;705||3;802||4;808||5;810||1;813||5;822||4;876||3;885||6;888||1;888||2;917||8;1092||5;1103||6;1115||10;1135||1;1193||5;1206||2;1210||3;1281||5;1489||2;1493||9;1503||6;1504||3;1513||10;1523##normal##2232259137;1406;953;27
2239818371;2016-03-21;60;2640099;true;0;863;976;1078##24;21;41##31818853;917||86726887;1393||67601693;1409||38515149;571||86747351;581##1;484;190;245;285;bad;1251##1;1170;470;413;-122;good;1729##false;32##true;1697##false;1013##1;32||6;441||1;732||10;737||5;744||8;763||6;780||1;843||4;846||5;862||2;1128||1;1240||4;1285||6;1291||8;1510||7;1562||10;1655||9;1680||6;1697||7;1701||4;1703||9;1939||7;1945||6;1951||10;1984||1;1994||6;2113||4;2179||7;2368||7;2494||2;2500||10;2784||2;2796||8;2967||10;3071||4;3076||9;3230||5;3257||3;3402||1;3422||5;3422||8;3422||4;3424||10;3438||6;3544||8;3564||5;3587||7;3598||10;3607##nice##2239818371;1433;1244;42
2239925039;2016-03-21;30;2640099;true;1;1300;1961;9999##30;15;65##31818853;1497||86726887;1916||67601693;2253||47434686;1354||86747351;761##1;1531;703;609;197;bad;1197##1;471;30;265;641;bad;714##false;103##false;1171##true;929##6;103||10;106||1;112||5;129||6;235||1;240||9;309||2;313||1;393||10;410||9;420||2;450||4;497||10;655||9;862||10;1001||4;1047||5;1064||8;1156||10;1171||6;1180||9;1189||4;1242||2;1243||1;1255||10;1297||5;1306||2;1499||1;1500||3;1510||4;1518||5;1548||5;1636||1;1639||10;1641||2;1647||4;1649||3;1652||3;1663||5;1695||1;1698||4;1811||10;1821||2;1821||5;1822||3;1835||1;1835||2;1837##nice##2239925039;1475;1264;45
2239757209;2016-03-21;24;2640099;false;1;848;9999;9999##5;22;10##31818853;378||86726887;368||67601693;808||38515149;931||86747351;410##1;324;-28;15;-280;perfect;884##1;597;744;585;1238;horrible;1104##true;0##false;863##false;986##1;0||2;241||7;263||3;345||8;371||3;421||6;464||6;549||7;561||6;664||1;751||10;760||6;775||7;836||6;856||9;863||10;989||6;989||7;996||8;999||7;1098||9;1255||7;1329||7;1406||8;1430||9;1432||10;1443##nice##2239757209;1520;1219;74
2240095576;2016-03-22;66;2640099;false;0;899;1106;871##16;37;32##31818853;858||86726887;916||67601693;709||47434686;1286||86747351;627##1;923;367;1121;-601;bad;981##1;689;612;308;449;normal;977##false;487##false;1905##false;604##3;487||5;841||3;907||6;1202||3;1205||10;1228||10;1569||8;1580||8;1594||1;1607||5;1614||5;1804||1;1816||1;1892||5;1905||5;1939||4;1955||1;1966||5;2087||2;2110||1;2199||3;2201||3;2209||5;2220||10;2352||3;2361||6;2381||10;2468||5;2575||4;2583||9;2621||6;2631||10;2694||2;2706||3;2707||8;2709||4;2714||1;2717||6;2758||5;2762||10;2777||5;2910||8;2959||1;2969||5;3026||10;3239||1;3290||9;3393||2;3397||5;3408||5;3653||8;3855||1;3896||4;3905||3;3905||5;3937##bad##2240095576;1446;1112;65
2239978108;2016-03-22;48;2640099;false;0;892;1061;1048##17;39;33##31818853;902||86726887;197||67601693;948||47434686;1235||86747351;572##1;367;513;244;617;good;1350##1;671;542;301;366;bad;1244##true;197##true;1157##true;1707##10;136||1;161||10;197||10;287||6;381||1;517||5;526||2;652||1;677||7;766||4;774||3;816||7;826||7;913||3;979||6;985||9;986||2;1024||6;1039||5;1151||4;1157||2;1191||3;1386||2;1455||8;1456||9;1456||5;1482||3;1550||5;1576||2;1578||4;1578||1;1586||2;1644||10;1653||6;1665||5;1819||2;1819||1;1823||4;1836||1;1998||6;2122||6;2230||5;2325||8;2327||4;2345||2;2604||5;2605||9;2753||5;2756||4;2757||6;2762||2;2766||1;2793||5;2885||3;2887||4;2896||1;2898||2;2907##bad##2239978108;1381;1177;58
2240035420;2016-03-22;42;2640099;true;1;864;1461;9999##39;18;85##31818853;1627||86726887;1588||67601693;2520||47434686;1111||86747351;707##1;740;625;444;846;good;907##1;990;535;628;82;normal;927##true;155##true;995##false;651##2;155||10;164||8;221||2;259||3;314||1;435||3;657||3;671||9;673||5;676||7;839||5;913||10;918||9;924||4;975||10;989||5;995||1;1024||7;1079||10;1083||4;1186||4;1366||1;1432||4;1443||7;1530||4;1540||6;1544||8;1721||5;1725||10;1741||9;1749||8;1749||2;1755||3;1858||1;1870||5;1984||2;1986||1;1996||4;2001||3;2024||10;2063||5;2113||1;2154||4;2238||3;2240||9;2240||1;2240||3;2258||5;2264||10;2275||6;2289||4;2314||4;2431||5;2472||2;2479||3;2487||3;2512||4;2515||2;2519||1;2520##bad##2240035420;1323;1235;46
2244497975;2016-03-23;47;2640099;false;1;1275;1002;1628##46;33;81##31818853;1159||67601693;2014||47434686;1130||86747351;724||86726887;1321##1;501;656;715;1276;bad;1365##1;1294;342;-102;38;good;1300##false;109##true;493##true;2104##8;109||3;135||10;163||2;270||8;272||1;300||5;342||1;361||4;430||5;467||7;468||3;476||10;478||1;486||2;493||9;498||4;502||1;575||1;637||7;732||5;739||9;740||4;783||9;842||8;853||5;966||2;969||5;1263||6;1294||9;1299||8;1303||3;1376||4;1425||5;1532||10;1537||3;1796||9;1798||8;1806||5;1838||6;1843||4;1944||9;1945||5;1948||10;1950||6;1950||1;1951||8;1961||5;2008||9;2029||2;2031||4;2037||3;2058||4;2184||6;2323||3;2393||5;2394||2;2404||1;2419||4;2422||4;2498||9;2532||5;2535||8;2537||2;2555||3;2559||7;2601||10;2604||8;2609||4;2616||5;2621||9;2656||4;2812||9;2814||2;2822||5;2831||3;2832||8;2842||7;2857||6;2858||1;2861##normal##2244497975;1369;1277;53
2244422668;2016-03-23;44;2640099;false;0;1083;1026;9999##14;26;26##31818853;631||86726887;753||67601693;1074||47434686;734||86747351;672##1;667;-14;-15;129;bad;1041##1;1218;566;46;1156;good;1398##false;137##false;675##true;1296##1;137||6;149||1;216||5;220||8;276||10;313||5;372||9;390||3;401||8;404||2;407||10;413||1;419||1;559||8;567||2;657||5;675||1;684||4;691||9;803||3;830||10;835||2;853||5;859||6;1068||1;1519||10;1524||5;1659||2;1869||10;1973||7;1988||7;2008||6;2009||4;2156||2;2219||10;2426||3;2590||5;2603||4;2604||2;2605||1;2609||1;2630##normal##2244422668;1316;1330;49
2251939418;2016-03-26;34;2640099;true;0;978;1793;9999##22;6;56##31818853;1666||86726887;1564||67601693;1699||47434686;1160||86747351;650##1;1201;503;747;917;good;1251##1;772;339;363;-764;bad;847##true;314##true;1649##false;767##7;314||2;417||10;656||5;1147||4;1159||10;1162||8;1162||7;1167||7;1448||9;1458||6;1460||9;1618||8;1649||6;1658||10;1682||8;1765||6;1767||10;1791||7;1793||2;1800||1;1802||9;1803||4;1808||8;1823||6;1833||9;2028||8;2030||7;2038##normal##2251939418;1267;1000;40
2252007676;2016-03-26;27;2640099;true;1;1322;9999;9999##25;7;54##31818853;1429||86726887;1485||67601693;1668||47434686;1604||86747351;1041##1;758;851;290;1396;good;1241##1;1075;-138;656;-421;good;699##true;1##true;780##false;622##4;1||8;5||10;16||4;133||1;292||4;348||1;360||7;448||2;534||4;546||5;584||1;725||9;732||4;767||3;780||4;862||4;938||1;947||9;949||7;1164||9;1167||3;1226||4;1247||5;1344||3;1509||5;1512||7;1514||4;1522||2;1524||5;1616||2;1631||4;1637||3;1642||1;1650##normal##2252007676;1307;960;33
2254600140;2016-03-27;38;2640099;true;1;1125;1656;9999##31;17;75##31818853;1532||86726887;1706||67601693;1654||47434686;840||86747351;641##1;1358;521;232;-164;good;1079##1;906;675;898;1170;bad;1269##true;246##false;807##true;983##2;246||1;261||7;272||9;276||6;368||6;458||9;461||10;474||4;474||5;474||6;522||7;689||10;696||5;805||9;807||9;936||2;938||4;939||5;955||2;1012||5;1171||4;1217||5;1232||2;1251||1;1394||4;1507||1;1507||5;1509||3;1520||8;1701||5;1868||7;1869||1;1892||4;1893||9;1901||10;1912||2;1927||5;1940||7;1996||5;2006||9;2009||10;2017||2;2054||3;2258||5;2264||2;2264||3;2274||1;2274||7;2275||4;2286##bad##2254600140;1340;859;22
2254563065;2016-03-27;18;2640099;true;1;1389;9999;9999##18;5;37##31818853;1450||86726887;976||67601693;1566||47434686;1315||86747351;1566##1;901;191;674;1544;bad;932##1;0;256;64;-576;good;907##false;233##true;696##true;884##7;233||2;352||2;419||3;424||9;428||5;484||4;489||5;537||4;580||4;684||3;689||9;692||2;694||1;696||8;698||5;699||5;812||3;929||5;966||3;985||6;989||1;999||5;1087||4;1097##bad##2254563065;1362;936;28
2254492119;2016-03-27;37;2640099;true;0;1011;1585;9999##33;12;78##31818853;1121||86726887;1360||67601693;2143||47434686;1331||86747351;1072##1;1113;532;210;1210;good;1022##1;871;-186;489;-546;bad;1067##true;168##true;1224##false;942##9;168||6;194||8;202||9;260||8;336||5;503||4;508||2;543||7;662||8;717||6;975||9;1045||6;1051||4;1118||5;1217||6;1224||9;1232||8;1238||2;1245||2;1318||5;1489||10;1539||8;1539||1;1539||2;1541||9;1551||6;1553||9;1654||1;1662||8;1667||7;1671||6;1702||6;1844||8;1856||10;1926||8;1929||9;1946||6;1957||7;1968||9;2173||8;2208||6;2230||9;2259||1;2261||7;2266||10;2269##bad##2254492119;1390;980;29
2257046035;2016-03-29;36;2640099;true;1;1662;1194;9999##29;14;61##31818853;1085||86726887;1279||67601693;1765||47434686;1572||86747351;1004##1;1415;449;1223;1218;good;1356##1;113;114;-352;-140;bad;741##true;219##true;733##true;1221##4;219||6;315||5;343||1;451||5;498||7;505||3;541||4;594||6;609||9;610||3;612||1;678||9;684||2;692||3;733||1;773||5;830||9;877||10;935||10;988||10;1062||3;1076||1;1198||7;1284||10;1291||1;1334||4;1345||6;1440||8;1532||4;1534||5;1563||1;1691||1;1904||5;1904||4;1908||2;1915||3;1960||4;2108||5;2111||1;2129||2;2142||3;2143||10;2143||1;2157##normal##2257046035;1419;879;21
2256983801;2016-03-29;44;2640099;true;1;941;1150;9999##22;16;56##31818853;703||86726887;1292||67601693;1284||47434686;990||86747351;600##1;853;637;370;538;bad;1143##1;1176;262;212;-132;good;1030##true;189##true;1464##true;1178##6;99||5;189||4;457||6;600||8;608||1;702||10;777||4;806||5;807||1;827||6;859||10;864||7;867||2;1115||1;1252||4;1435||1;1464||5;1545||10;1619||7;1758||9;1759||6;1774||8;1781||4;2078||3;2212||1;2218||5;2261||9;2279||4;2281||1;2355||10;2364||3;2376||5;2388||6;2454||10;2616||1;2619||4;2624||3;2633##normal##2256983801;1440;858;20
2256937352;2016-03-29;37;2640099;false;1;1022;1090;9999##14;24;26##31818853;618||86726887;1026||67601693;1010||47434686;693||86747351;823##1;944;258;298;869;good;1072##1;550;554;361;-352;bad;874##true;256##true;1265##true;914##4;256||1;371||9;376||7;377||5;384||1;475||9;548||5;660||1;672||10;676||5;766||5;1049||2;1262||1;1265||6;1279||7;1324||8;1335||7;1591||10;1602||6;1628||9;1629||8;1771||1;1842||9;1966||10;1975||5;2000||8;2006||1;2007||7;2011||6;2015||10;2138||6;2146||9;2154||10;2221||5;2224||8;2225||7;2232||6;2238##normal##2256937352;1460;838;87
2259146051;2016-03-30;33;2640099;true;1;925;1098;9999##24;9;57##31818853;663||86726887;1592||67601693;1674||47434686;1169||86747351;791##1;233;-58;426;792;bad;1048##1;139;835;187;-164;good;962##false;114##true;1230##false;615##9;114||6;273||3;487||6;591||1;645||10;717||3;814||4;848||10;860||1;866||2;885||2;941||9;996||2;1217||3;1222||5;1230||5;1294||4;1343||3;1356||4;1415||5;1680||6;1710||7;1714||10;1721||5;1897||2;1899||3;1911||1;1917||3;1997||4;2010||2;2010||5;2013||1;2025##normal##2259146051;1373;915;24
2259104029;2016-03-30;30;2640099;true;0;1537;1785;9999##26;9;49##31818853;1839||86726887;1245||67601693;1666||47434686;1322||86747351;723##1;1218;445;1025;1273;good;1258##1;197;716;-109;-470;bad;907##true;46##true;954##true;674##7;46||1;171||1;281||2;329||9;332||6;340||3;417||10;421||9;426||6;453||9;508||8;644||9;644||6;954||8;960||7;986||2;1021||6;1109||5;1164||10;1428||6;1439||5;1471||8;1477||9;1585||6;1588||5;1602||7;1731||8;1732||6;1732||10;1735||9;1780||1;1790||6;1791||8;1805||10;1815##normal##2259104029;1397;891;22
2263278120;2016-03-31;27;2640099;true;0;819;9999;9999##27;6;59##31818853;913||86726887;1458||67601693;1723||47434686;1622||86747351;1142##1;931;363;160;1244;perfect;903##1;475;273;-159;-482;horrible;813##true;39##true;1007##true;1191##9;39||6;142||1;248||9;285||9;523||9;571||1;694||3;698||4;704||7;929||6;935||10;941||8;965||10;999||6;1007||7;1009||8;1025||8;1213||1;1221||6;1221||10;1226||9;1228||8;1229||7;1238||10;1400||7;1406||1;1424||6;1430||8;1439||6;1509||9;1513||8;1543||10;1642||7;1650##nice##2263278120;1419;1379;53
2263375981;2016-03-31;45;2640099;false;0;1010;1066;827##26;27;52##31818853;1185||86726887;1186||67601693;1316||47434686;1023||86747351;741##1;578;426;362;310;normal;1230##1;1359;759;742;68;normal;983##false;192##true;1507##false;1079##4;192||10;194||7;522||5;547||8;647||9;650||4;695||9;742||6;755||7;847||1;865||2;908||3;1180||6;1287||10;1394||4;1504||1;1506||7;1507||2;1510||10;1739||9;1746||3;1747||8;1749||2;1757||1;1758||5;1765||6;1907||10;1909||8;1917||9;1950||6;1955||7;1979||3;1984||1;1992||5;1998||4;2050||6;2113||4;2123||1;2195||4;2206||2;2389||9;2435||5;2439||3;2444||4;2592||1;2605||5;2606||8;2617||10;2623||7;2631||6;2729||8;2733||10;2737||4;2738||9;2746##normal##2263375981;1472;1326;55
2263331572;2016-03-31;39;2640099;false;1;887;801;9999##11;30;24##31818853;633||86726887;822||67601693;1046||47434686;1127||86747351;508##1;272;824;236;-101;horrible;1056##1;1219;-387;1112;897;perfect;1182##false;70##false;1070##false;1987##6;70||9;342||5;352||1;688||7;769||2;780||1;799||8;875||6;978||10;978||2;983||9;999||5;1045||6;1045||10;1056||7;1070||4;1197||9;1198||2;1206||10;1207||6;1213||8;1224||1;1600||2;1824||9;1839||10;1915||6;1953||7;1963||10;2012||2;2022||6;2029||10;2035||5;2061||2;2064||10;2151||7;2153||10;2250||6;2310||8;2331||9;2337||10;2362||6;2366||7;2369##normal##2263331572;1417;1381;51
2263476430;2016-04-01;52;2640099;false;0;964;1078;683##29;34;76##31818853;1234||86726887;1090||67601693;1457||47434686;1026||86747351;596##1;930;455;492;-55;horrible;1174##1;639;665;195;648;perfect;1007##false;50##false;1297##false;1143##1;50||4;177||6;237||9;265||8;498||2;524||6;592||2;610||8;714||6;749||4;767||5;769||3;771||9;985||5;987||4;992||5;1297||7;1414||10;1676||5;1742||10;1921||4;1934||8;1934||5;1936||9;1941||3;1943||1;1950||2;1960||10;2053||7;2055||9;2069||1;2083||5;2092||4;2094||5;2355||1;2399||5;2514||10;2724||7;2730||5;2736||9;2737||6;2744||8;2745||9;2824||2;2843||5;2843||4;2846||3;2849||2;2855||1;2862||7;2935||6;2940||10;2942||9;2945||8;2949||5;3027||10;3030||2;3036||7;3045||1;3046||3;3072||5;3120||4;3141||9;3157##normal##2263476430;1366;1432;47
2263423814;2016-04-01;50;2640099;true;1;1000;903;1296##32;30;85##31818853;1394||86726887;1125||67601693;1866||47434686;811||86747351;831##1;900;-293;-65;-188;horrible;1171##1;1111;555;891;1279;perfect;1430##false;29##false;641##false;1424##10;29||8;81||7;124||9;209||7;281||5;288||7;318||4;319||8;410||1;416||1;485||9;612||6;621||10;641||2;643||7;645||9;653||9;851||4;852||10;861||6;864||1;871||4;947||8;950||3;1041||4;1047||8;1054||6;1057||7;1058||9;1069||10;1480||3;1645||4;1647||10;1651||6;1658||1;1661||9;1678||2;1681||3;1784||1;1849||4;1850||3;2029||2;2217||5;2233||10;2260||8;2360||1;2368||2;2375||10;2861||5;2863||8;2869||9;2885||4;2888||2;2888||6;2890||1;2892||1;2926||7;2940||5;2942||4;2950||2;3006||3;3011||10;3013||4;3040||3;3043##normal##2263423814;1319;1479;56
