2355030643;2016-05-11;15;2789129;true;1;1896;9999;9999;Zenith.E-sports.CN;1421914##24;4;46##102024536;1681||167072778;2488||137388248;2145||136575603;1628||124566285;2069##1;750;607;1290;perfect;perfect;900##1;0;-167;-1618;horrible;horrible;476##true;39##true;445##true;9999##5;39||1;68||5;166||3;245||4;283||3;286||2;395||4;445||2;450||1;466||5;485||4;542||2;613||1;665||10;675||2;685||5;733||7;766||5;782||4;828||5;831||2;832##normal##normal##ML##2355030643;1000;1060;63
2365016474;2016-05-15;38;2789129;true;0;1693;1738;9999;Fa/Another;1226701##48;19;82##102024536;1424||124566285;1663||137388248;1361||136575603;1654||167072778;1235##1;1157;1015;914;perfect;bad;1090##1;280;-425;-560;horrible;good;905##false;224##true;622##true;1347##2;224||10;278||9;312||9;477||10;486||8;493||10;560||8;594||10;606||6;620||9;622||5;626||8;632||7;676||8;696||10;736||10;792||9;867||10;870||8;883||7;894||3;920||10;995||2;1008||5;1039||3;1054||10;1097||7;1100||4;1196||2;1202||6;1213||9;1216||10;1216||5;1227||7;1230||9;1288||7;1394||2;1400||10;1400||6;1408||8;1416||1;1421||5;1483||1;1513||7;1547||5;1618||8;1626||3;1626||7;1629||4;1643||6;1654||10;1658||7;1741||8;1741||10;1743||2;1747||5;1996||4;2005||8;2069||6;2078||7;2227||6;2231||8;2247##normal##normal##L##2365016474;1063;1114;52
2364890202;2016-05-15;31;2789129;true;1;1315;1840;9999;Fa/Another;1226701##28;10;62##102024536;1636||124566285;1681||137388248;1275||167072778;1582||136575603;1546##1;1405;370;994;good;good;1063##1;293;300;1409;bad;bad;985##true;97##true;1068##true;1625##1;97||2;380||10;471||5;472||8;479||7;551||1;602||6;669||5;671||2;680||7;685||9;695||5;816||3;916||6;978||2;1068||3;1104||7;1212||2;1324||4;1330||3;1468||4;1520||2;1586||3;1588||5;1591||1;1596||5;1736||1;1742||2;1748||4;1753##normal##normal##L##2364890202;1115;1062;47
2385895252;2016-05-24;38;2789129;false;1;956;769;9999;iG.Vitality;2640025##17;26;36##102024536;944||137388248;1223||167072778;1206||136575603;734||124566285;502##1;154;454;-588;horrible;normal;889##1;1158;24;1110;perfect;good;1269##false;38##false;551##false;1404##9;38||3;45||9;102||4;137||9;158||8;248||6;293||4;299||10;322||2;356||8;436||6;465||1;477||9;539||8;551||5;627||7;708||6;711||5;778||2;999||10;1210||3;1213||1;1230||5;1564||10;1565||2;1588||8;1588||6;1593||7;1599||10;1631||4;1864||10;2009||7;2011||2;2014||3;2015||6;2023||1;2024||9;2028||5;2069||8;2158||8;2230||5;2238||5;2250##normal##bad##H##2385895252;1162;733;79
2386205322;2016-05-24;31;2789129;true;1;1466;1350;9999;iG.Vitality;2640025##30;11;74##167072778;1434||124566285;1815||102024536;1675||137388248;1331||136575603;1453##1;1292;439;739;perfect;perfect;897##1;0;109;56;horrible;horrible;1061##true;0##true;684##true;1226##3;0||5;103||2;147||5;198||3;227||5;311||10;368||9;374||5;413||3;487||6;636||4;679||3;684||1;692||4;790||5;900||8;1006||5;1020||4;1301||3;1304||2;1307||6;1310||5;1311||4;1525||10;1526||2;1531||4;1577||6;1714||10;1717||4;1722||3;1725||1;1860||4;1865##normal##bad##L##2386205322;1083;812;33
2386034670;2016-05-24;43;2789129;true;0;1365;1354;9999;iG.Vitality;2640025##40;19;77##102024536;1295||167072778;1367||137388248;847||136575603;1601||124566285;1320##1;1371;860;-159;perfect;good;954##1;0;267;734;horrible;bad;1107##true;238##true;680##false;675##10;238||5;336||1;377||3;383||9;391||10;432||7;483||6;497||2;504||1;530||9;564||8;666||6;678||7;678||9;680||10;688||6;773||5;841||3;845||7;850||6;857||2;897||10;1058||8;1058||6;1062||5;1063||3;1227||9;1250||10;1320||2;1331||6;1363||1;1372||3;1381||6;1458||8;1492||6;1566||10;1599||3;1606||9;1609||6;1879||3;1922||7;2008||10;2248||3;2260||2;2262||1;2270||10;2282||6;2288||7;2290||1;2295||9;2297||8;2305||8;2538||9;2539||10;2543##normal##bad##H##2386034670;1116;779;28
2387691707;2016-05-25;31;2789129;false;1;809;707;9999;LGD-GAMING;15##11;28;27##102024536;934||124566285;802||137388248;977||167072778;874||136575603;796##1;0;84;190;bad;good;931##1;1270;828;197;good;bad;1136##true;0##false;1159##false;1755##1;0||7;50||2;135||1;168||1;342||10;481||1;522||8;647||9;652||7;913||9;922||6;981||7;1014||1;1015||9;1158||7;1159||8;1162||1;1164||6;1169||9;1221||8;1234||7;1237||6;1285||2;1370||10;1447||9;1636||7;1660||10;1678||2;1688||9;1765||7;1773||8;1777||9;1818##nice##perfect##ML##2387691707;1144;1359;44
2387779031;2016-05-25;22;2789129;false;0;896;9999;9999;LGD-GAMING;15##15;22;23##167072778;828||124566285;1373||137388248;952||102024536;1021||136575603;845##1;0;418;57;good;perfect;790##1;1089;128;137;bad;horrible;1077##false;80##true;903##false;811##8;82||9;113||10;377||8;390||1;475||2;491||6;658||1;722||7;723||10;725||6;732||2;737||5;742||4;765||1;771||6;891||10;903||8;975||6;977||2;1078||3;1083||4;1089||8;1091||1;1091||2;1206||4;1209||3;1209||1;1211||5;1215||9;1260||2;1338##nice##perfect##L##2387779031;1100;1436;34
2435580588;2016-06-14;28;2789129;false;1;590;9999;9999;SORRY GUYS;2811728##2;26;7##102024536;734||167072778;689||137388248;561||136575603;650||124566285;164##1;330;40;-367;horrible;bad;696##1;137;508;323;perfect;good;1024##false;176##false;894##true;1330##9;176||10;203||9;299||10;406||10;496||7;524||4;708||6;715||8;717||8;892||6;894||7;896||7;997||7;1215||8;1218||4;1220||9;1221||6;1227||10;1236||8;1444||7;1445||6;1447||9;1452||10;1454||10;1461||7;1662||8;1670##normal##normal##L##2435580588;1066;1000;53
2435685900;2016-06-14;29;2789129;true;0;1335;9999;9999;SORRY GUYS;2811728##29;8;62##136575603;1376||102024536;1754||137388248;1187||167072778;1294||124566285;1417##1;1200;608;50;good;good;908##1;104;299;7;bad;bad;862##true;229##true;951##true;1488##8;229||9;315||3;334||8;585||8;694||6;740||10;794||10;880||1;884||6;892||3;892||8;898||10;951||2;955||8;977||6;1014||7;1056||6;1073||10;1076||9;1078||5;1081||8;1086||5;1161||9;1227||7;1234||6;1309||9;1311||3;1312||9;1496||10;1500||8;1504||10;1649||8;1653||7;1657||4;1687##normal##normal##ML##2435685900;1013;1053;62
2435804703;2016-06-14;41;2789129;true;1;1358;1663;9999;SORRY GUYS;2811728##41;32;101##102024536;1669||167072778;1383||137388248;1115||124566285;1526||136575603;1229##1;1288;255;-186;perfect;good;793##1;89;461;28;horrible;bad;971##true;65##true;728##true;1526##4;65||7;96||8;167||5;168||7;170||2;260||2;313||7;384||4;385||2;386||5;536||8;715||2;722||3;728||1;736||5;742||5;824||1;879||3;884||5;951||1;989||8;1000||10;1036||1;1049||8;1051||3;1062||5;1070||6;1255||5;1280||2;1284||9;1287||8;1294||1;1296||9;1381||5;1383||7;1393||1;1408||8;1431||3;1444||2;1452||5;1534||7;1541||3;1541||2;1548||1;1645||4;1681||7;1684||3;1689||6;1824||5;1848||6;1854||8;1856||9;1860||4;2000||9;2003||7;2030||8;2037||6;2183||1;2195||4;2220||9;2249||5;2253||10;2261||4;2365||9;2370||3;2379||7;2380||2;2392||5;2455##normal##normal##H##2435804703;1075;991;45
2437565390;2016-06-15;40;2789129;false;1;896;1138;9999;G.star;2780729##18;43;57##102024536;673||137388248;1197||167072778;1070||124566285;913||136575603;856##1;717;-219;-425;horrible;bad;733##1;877;1388;1028;perfect;good;1133##false;51##false;666##false;1085##9;51||2;205||8;206||9;374||8;404||10;405||7;450||5;577||7;648||9;658||2;659||8;666||6;666||3;667||1;755||5;830||9;885||6;895||10;896||5;978||9;1088||10;1091||1;1094||7;1095||4;1097||8;1127||6;1129||9;1138||10;1225||9;1288||4;1293||1;1295||5;1300||10;1300||6;1528||8;1528||7;1529||10;1530||8;1691||6;1695||9;1698||7;1698||8;1771||7;1774||4;1779||4;1890||1;1892||3;1893||7;2111||9;2113||10;2117||6;2121||6;2129||9;2347||8;2362||7;2384##perfect##perfect##L##2437565390;1120;1676;25
2437682290;2016-06-15;35;2789129;false;0;909;856;9999;G.star;2780729##9;26;21##102024536;768||167072778;776||137388248;613||136575603;809||124566285;491##1;448;-16;643;bad;bad;950##1;350;677;-319;good;good;1183##false;38##false;1187##false;1433##5;38||9;373||7;817||1;851||10;960||4;999||1;1002||2;1013||5;1033||3;1069||1;1121||10;1184||2;1185||3;1187||9;1196||4;1271||5;1275||3;1286||5;1334||7;1339||6;1350||1;1567||3;1606||5;1782||10;1786||6;1795||4;1797||2;1798||3;1831||2;1882##perfect##perfect##L##2437682290;1095;1701;22
2440008047;2016-06-16;41;2789129;true;0;1074;1331;9999;Ehome.X;1272244##24;22;59##102024536;1568||167072778;727||137388248;775||124566285;1668||136575603;1139##1;1189;466;4;bad;horrible;1245##1;557;627;567;good;perfect;944##false;69##false;619##false;1124##3;69||2;156||1;164||4;249||5;367||9;404||1;405||3;441||2;446||7;449||8;454||8;599||1;619||6;625||7;781||9;784||2;864||3;873||4;879||10;881||9;881||1;886||6;907||3;1056||8;1267||6;1318||1;1414||3;1422||3;1556||4;1561||9;1562||10;1724||6;1992||2;2079||8;2084||4;2089||3;2098||6;2104||10;2107||7;2125||9;2184||9;2452||2;2452##perfect##normal##H##2440008047;1073;1147;53
2439835717;2016-06-16;57;2789129;false;1;1250;1347;859;Ehome.X;1272244##35;56;67##102024536;1250||136575603;1090||137388248;749||124566285;819||167072778;829##1;1080;1073;460;normal;good;877##1;622;757;302;normal;good;1207##false;14##false;725##true;1221##9;14||3;18||5;81||2;213||9;238||4;252||2;320||5;347||9;377||2;395||9;470||5;585||9;604||7;621||7;670||8;671||10;725||1;729||10;736||2;740||5;740||4;742||4;825||3;839||2;920||7;1157||8;1168||10;1170||6;1178||5;1221||4;1221||8;1310||9;1348||6;1393||2;1422||3;1433||4;1445||1;1592||10;1599||8;1606||2;1694||9;1852||8;1861||1;1864||10;1873||6;1960||3;1972||6;1980||10;1988||9;1990||7;1999||2;2083||9;2145||10;2147||8;2150||1;2311||8;2312||10;2320||4;2324||9;2326||2;2342||4;2504||9;2511||10;2521||3;2524||7;2550||1;2556||8;2562||8;2650||9;2651||1;2657||8;2874||1;2879||10;2883||3;2891||7;2893||9;2899||1;2981||10;3010||6;3025||6;3049||7;3100||10;3313||9;3320||9;3331||8;3332##perfect##normal##H##2439835717;1126;1094;51
2440129277;2016-06-16;48;2789129;false;1;977;1190;1106;Ehome.X;1272244##36;23;91##102024536;1293||136575603;1508||137388248;1236||167072778;1623||124566285;1383##1;289;406;-302;normal;good;893##1;1336;433;10;normal;bad;852##true;128##true;788##true;1289##2;128||9;153||9;263||6;264||3;339||6;356||8;433||10;455||1;538||8;572||2;575||4;583||5;597||10;651||4;661||4;746||5;763||2;788||5;1058||1;1134||2;1166||4;1194||6;1195||2;1494||2;1584||7;1706||5;1714||2;1724||1;1767||10;1794||8;1838||3;1931||5;1935||1;1943||10;2047||4;2048||7;2050||9;2067||1;2238||3;2266||4;2272||2;2280||1;2363||4;2366||2;2367||5;2373||3;2383||7;2386||9;2406||5;2753||4;2767||7;2887||3;2903##perfect##normal##H##2440129277;1075;1117;48
