2332796666
2333589289
2333353481
2332978193
2333606939
2333679390
2333710502
2333488726
2332626658
2333412890
2336296671
2337239641
2336872921
2337347932
2337053975
2337171234
2336794153
2337667985
2338518261
2338332241
2337453182
2336889217
2336954835
2337359534
2338435683
2337627115
2338518781
2337987836
2336778948
2337596375
2337562631
2337304127
2337723585
2337444301
2338695911
2336799651
2336624583
2338218681
2337157908
2337474794
2336707902
2337270660
2338289540
2338428770
2336958971
2336709633
2337417050
2336704093
2336701635
2337595929
2337733265
2337427537
2337167320
2337571619
2337306581
2337193144
2338652411
2336893253
2338592600
2337412707
2336962318
2338589621
2338335953
2338153099
2338414744
2337131460
2336867707
2336959660
2337284041
2337545902
2337677959
2337052777
2337048166
2337082016
2337528633
2337441499
2337222709
2338300743
2337898152
2337848719
2338058263
2337114343
2336805126
2338664073
2338924083
2338979075
2340505062
2340365661
2339598654
2339374695
2339386983
2338999834
2339708397
2338733445
2339452396
2340129012
2338939569
2339573779
2339150950
2340813766
2340351818
2338848505
2340610550
2339682014
2340758007
2339501046
2339581600
2339356858
2338777465
2338823961
2339763609
2339000345
2339036228
2338747629
2340498996
2339284008
2338897623
2340708351
2339288350
2339530722
2339022583
2339434361
2339205484
2339945518
2340800026
2340355178
2339383715
2339614293
2339712125
2338909418
2339968919
2338939216
2339544836
2340253964
2339804749
2339062200
2339885382
2338873042
2339624405
2338852057
2338809536
2339158558
2340596245
2340417387
2339243510
2339698129
2340570977
2339442450
2339333415
2338859058
2339249417
2338851168
2339302270
2339112979
2339517830
2340020714
2340645030
2339060932
2338933372
2339325664
2339238697
2339478892
2340752683
2339170867
2339728510
2340232452
2338771383
2342232730
2341076862
2340947282
2341293596
2341207333
2340892374
2340950024
2341919205
2341251653
2341083296
2340896174
2341008795
2342839981
2341179604
2342752926
2342612547
2341777762
2341630715
2341713398
2341013826
2341363447
2341377121
2341814490
2341970131
2341524831
2342960775
2341489005
2341141783
2342078911
2342341468
2340843968
2341487295
2344332453
2343796570
2344521896
2345075578
2343462155
2343182498
2345010284
2344723962
2343759316
2345007751
2343265449
2343557932
2344805144
2343008875
2344177693
2343695628
2343361215
2344020962
2343690458
2344015548
2343459314
2343325287
2343245310
2343186672
2343051702
2343927095
2344913504
2345153510
2343812278
2344839178
2343659407
2345194817
2343569627
2345234203
2346926629
2346888834
2347011237
2346857145
2345271263
2346448485
2346784326
2347508530
2346731552
2347605102
2347887272
2347823785
2348896750
2349039149
2348057016
2348866049
2348864252
2348144671
2348410222
2348060461
2349048177
2349001815
2349128145
2348869325
2348168131
2348598918
2348709243
2348441284
2348465963
2349030955
2348055099
2349903933
2348831585
2349189263
2350037994
2350095534
2349231942
2348787246
2348592057
2350220146
2350177666
2349984838
2349904432
2348623385
2349581603
2352098873
2350733980
2352313064
2350948815
2351288729
2352375765
2350949696
2351476361
2350304504
2351868364
2351533108
2350829159
2351982111
2350832545
2351377434
2350740718
2351405346
2351975832
2351105196
2350340446
2352206624
2351713821
2351557179
2351085199
2351243324
2351035593
2352263733
2351701644
2351567336
2352366928
2352421989
2352444672
2352541662
2352546336
2352475087
2352477929
2352505254
2353901277
2353460920
2353050943
2353493577
2353248597
2353132853
2353479870
2353767750
2353461778
2353296106
2354005458
2353055474
2353692124
2353355673
2352938620
2354350171
2353465442
2354446922
2352856357
2353489796
2353544535
2353577173
2353290933
2353764925
2353646896
2353362758
2353498376
2353167913
2353143542
2353303662
2353633385
2353346356
2352927036
2354418263
2353049287
2353276471
2353463767
2352859075
2353408430
2354275687
2355147439
2356060013
2355560542
2355442114
2355030643
2356164790
2356272796
2354950006
2354518391
2356441055
2355587192
2355233139
2355594991
2355237913
2356027382
2355389246
2356168901
2355352416
2355894068
2355473675
2355556952
2355174754
2355413825
2355766229
2355057833
2355721971
2354564617
2355605322
2356370333
2355416775
2355229255
2356256837
2355930272
2355362615
2355586985
2356335027
2355543926
2356415374
2357299512
2357456824
2357735987
2357729204
2357638993
2357588616
2353119620
2356546559
2354665512
2356500179
2354608477
2356652759
2356736216
2357515098
2357346146
2356599868
2358384280
2358275776
2357832186
2358548329
2358588779
2358375544
2358641800
2358060936
2358474050
2358513462
2357862178
2358732338
2359420983
2359741548
2360039147
2360954979
2359287962
2360189380
2360681443
2359672514
2359871261
2358856259
2359749944
2360919761
2360046114
2359311428
2360618505
2359804060
2360857993
2359431599
2360336989
2358954996
2360782620
2360317173
2360692445
2360272238
2359132592
2359159359
2360149542
2360509144
2360452231
2360091061
2359937437
2360224305
2360157996
2360795429
2358779409
2359696185
2360573746
2360731565
2359063050
2360226480
2360641213
2359640403
2360284360
2359616795
2359763697
2360333011
2359942077
2360967787
2359602834
2360778189
2360062562
2359544019
2359227413
2360039349
2359561228
2360101443
2360161839
2359618370
2361069377
2361102578
2361088917
2361160040
2361086023
2362161432
2361892267
2363605997
2362287733
2363077787
2361518885
2363530543
2362938564
2363046396
2362419163
2362452866
2363547416
2361658118
2362288619
2361801616
2362087737
2361985240
2361513554
2362798435
2362293220
2363357300
2362269599
2361675436
2363218984
2361934158
2363757344
2363692148
2362441093
2361906123
2362145837
2362462047
2361754284
2362110197
2362620248
2362291256
2361946980
2362288452
2362153623
2361939398
2362849384
2362079469
2362614703
2361758084
2362809743
2362829195
2361832120
2362722554
2362315882
2361741329
2362954509
2365122870
2364775806
2364761262
2365060082
2365323344
2365061892
2365205808
2364896489
2364629627
2365016474
2364934706
2364754785
2365013206
2364826014
2364890202
2364921432
2364898513
2366053329
2365614598
2365310129
2365455182
2366143808
2366092567
2365608522
2366154317
2365504209
2365475653
2365487702
2365584366
2365829219
2366128921
2365497749
2366079064
2366012518
2366096754
2365934194
2365714841
2366281344
2366292963
2366249931
2366216139
2366351393
2366779820
2366674896
2367381045
2367029703
2367697814
2367268510
2367281043
2367869498
2367522521
2367497664
2366558590
2366742497
2367179963
2366671842
2366901299
2367339596
2367249365
2367248719
2366565955
2367385129
2368143371
2368225724
2368044486
2368300626
2368152588
2368253586
2368326893
2368044817
2368456767
2368864232
2369259374
2369277751
2370304956
2370212973
2370232225
2370231421
2370160805
2369257910
2370040461
2370298823
2370044029
2370347125
2369446539
2368406758
2368848420
2370178553
2368932062
2370369922
2368520313
2368956655
2369538969
2370551453
2371155142
2370497200
2371257583
2371485530
2370561778
2371041880
2371050829
2370475520
2370514157
2371221577
2370453638
2371509287
2370501749
2370646807
2372508859
2371788122
2373679043
2373722736
2373352627
2373859063
2372835898
2373239684
2372869243
2373333096
2373811962
2373456682
2373563641
2372913968
2373699790
2373452678
2373940139
2373343805
2373990002
2373011935
2373702720
2373250123
2373973570
2374588019
2375001938
2375937888
2377130013
2375736108
2374927043
2376968154
2375475694
2376762234
2374939818
2376456186
2377091346
2375360667
2375497791
2375560922
2376341852
2375464709
2375476072
2375592325
2376814504
2374898943
2377038358
2374869737
2379394820
2378985918
2379226467
2378192463
2378798266
2379136488
2378982742
2377195937
2377350830
2378698501
2379905353
2379289491
2378041536
2379112344
2378535872
2379351285
2378469719
2379852373
2379415477
2378174982
2379750858
2378075874
2378445447
2379320481
2378720566
2379842403
2378311462
2378493486
2379473270
2378878225
2378447060
2379502868
2378442968
2379562978
2379457983
2377903406
2377871103
2379563804
2379530048
2378025252
2378929428
2379622728
2379747403
2379924234
2379952714
2380169697
2380012354
2380106272
2381423144
2381316683
2380747737
2381687924
2381263445
2382450233
2381310996
2381524650
2382502918
2381152347
2381563848
2381866154
2382454129
2381777544
2380735114
2381472192
2381180661
2381963417
2380271233
2381274264
2380862077
2382268757
2381831351
2380869562
2381442759
2382161553
2381980118
2381308253
2381483352
2382603807
2382653312
2383012151
2382932407
2382729586
2382502092
2372630271
2372725949
2383860720
2383460994
2383834015
2384765855
2384256117
2383979763
2383648677
2384119069
2383179269
2383511035
2384394034
2384777976
2383201619
2383255976
2383863602
2384713764
2383681500
2384020160
2384342442
2383979325
2383805091
2383630682
2383344570
2384503392
2384635556
2383927996
2384114355
2385664225
2384874638
2384912976
2384865510
2384926440
2384991738
2385439140
2385553748
2385456059
2386360223
2385895458
2385895252
2386605543
2386205322
2387043302
2386426665
2386035098
2387046093
2386311695
2386244395
2386480668
2385800287
2385563388
2386057183
2386717919
2386888125
2386034670
2385550254
2385923711
2385938836
2386930631
2385687531
2386453965
2385543925
2385353363
2386821416
2386986478
2386118329
2386026433
2386093790
2386994671
2386721399
2386127465
2386562091
2385904638
2387464181
2387635761
2387598938
2387141641
2387375650
2387169682
2387297898
2387227443
2387450856
2387176432
2387234162
2387276509
2387548327
2387691707
2387139615
2387373661
2387630356
2387692534
2387680209
2387167278
2387290822
2387541850
2388425875
2388609134
2388030439
2388011630
2387882039
2388122820
2387774524
2387790125
2389174213
2388461355
2388039564
2388037202
2388084122
2388896618
2387779031
2387722180
2389031722
2388305595
2389294947
2388134437
2387915348
2388880554
2388155283
2388752391
2388216415
2388688060
2388164307
2389050459
2389073738
2388264754
2388960049
2388544014
2387912246
2388414270
2387840011
2388295812
2388266565
2388080536
2389225228
2388110750
2388297996
2388804827
2388761088
2387776879
2389281044
2387892271
2389224836
2388601297
2388499537
2388967647
2390386987
2389965080
2390853514
2391315149
2390681523
2391460754
2390299864
2390400509
2390888872
2390909301
2389956373
2390561658
2390715344
2389804612
2391598299
2390325880
2391226429
2390236462
2391526590
2390185283
2390174520
2390317600
2390082634
2389811743
2389687660
2390568199
2389337067
2389463420
2391225965
2390696260
2390589361
2390427774
2390025237
2391139376
2390026630
2389887673
2389369790
2390060798
2389417409
2390126268
2389536006
2390601851
2391064333
2390505587
2391372521
2390803817
2389618561
2390297273
2390864138
2390575728
2391528862
2389973898
2390043311
2391402953
2390464514
2389615123
2389940352
2391153369
2389863725
2391053148
2389685502
2389931822
2390697607
2389961571
2391528477
2390130194
2389499790
2391068098
2391638514
2391623504
2392635929
2392205270
2392178265
2392450708
2391849729
2391788906
2392618020
2392514898
2392509531
2391873344
2391777591
2391844210
2392174383
2391929790
2392371776
2392129381
2391897588
2391685864
2392380675
2391997966
2391732708
2391932477
2392648116
2392084446
2392193196
2393384802
2392853767
2393469420
2393302052
2393660228
2393972786
2393105440
2392872715
2393101969
2392768686
2393053778
2393051255
2392849869
2393878826
2393750290
2393265435
2392797891
2394046877
2393020471
2392995970
2392766501
2392859004
2393938301
2393003920
2393242178
2394013952
2393180454
2392944843
2394785562
2394164458
2394595923
2394986974
2394376135
2395144767
2394417814
2394953250
2394217435
2394497915
2394764782
2395186340
2394629928
2395592820
2394575637
2394849883
2395614742
2394389328
2395459161
2394359997
2395015362
2394356337
2395622697
2394982119
2395147809
2394739288
2394672426
2394187644
2394117404
2394752609
2394234710
2395394448
2395113816
2395022368
2395190009
2395243829
2395137961
2394868612
2394838756
2394800065
2394686274
2394519188
2394506110
2395420018
2394308780
2395341494
2394118418
2394438678
2394287803
2395282129
2395482016
2396590540
2395723302
2395973342
2395741886
2395812005
2396251847
2395715351
2396087229
2395715794
2396638349
2398011497
2396777809
2397084454
2397724978
2398678361
2397323304
2397608321
2397178838
2396853029
2399012335
2399244909
2397774474
2399281711
2398391016
2398072077
2398239424
2398341286
2397003176
2398239174
2397331523
2397617499
2398546934
2398252083
2397131413
2397938352
2396919644
2398342183
2398046336
2398914028
2397445390
2399306000
2397416848
2397247680
2400429592
2399547650
2399353398
2400786501
2400672629
2400654036
2399478474
2402648544
2402540967
2402638288
2403395785
2402792807
2403278696
2403062126
2402748667
2403608367
2402980481
2402868738
2403952736
2405555311
2405046808
2405968729
2405053347
2405630794
2405526656
2405659801
2405265680
2404141174
2405240400
2403997603
2405896081
2404059469
2405379940
2405848216
2404943553
2406005390
2406040060
2407115659
2407996315
2406229857
2408217778
2406270807
2408450860
2407508077
2407750564
2407787799
2408037002
2407633602
2407895357
2408139337
2407294384
2408519318
2408583664
2408596949
2408612651
2408596812
2408934303
2410073177
2409393490
2408914595
2410211227
2409012917
2408739164
2408631374
2408737158
2408658682
2408813096
2409156577
2409298043
2409698555
2410312824
2409398145
2409258294
2408676984
2409823701
2410461958
2409375204
2409157187
2409573458
2408862401
2409573630
2408704984
2408659554
2410986712
2410895838
2412553018
2410954215
2412028250
2412622303
2412725966
2411940567
2411397526
2412001984
2410888512
2411196189
2411603661
2411460113
2410892086
2411277988
2411796041
2411032753
2411780572
2411342644
2412105328
2412676290
2411686594
2411150532
2410889717
2411081738
2412797277
2410965721
2411837491
2411569279
2410966933
2412232933
2415286409
2415461299
2415395924
2415350631
2414380415
2415097881
2414962996
2414698099
2415540518
2414851785
2414496751
2416806533
2418090938
2416976852
2417850634
2418024487
2416935894
2417703889
2416740962
2417931396
2417129266
2418580528
2418319460
2418415538
2418664928
2419483371
2419873195
2419236363
2419750817
2419479998
2419158690
2419080892
2419982182
2418854718
2419012929
2419308420
2420758956
2420586461
2420649625
2420842637
2420526669
2421317079
2420952614
2421177492
2421632962
2422315461
2421674092
2421744792
2421505139
2422100487
2422212802
2421316823
2421874914
2421449481
2422924793
2422790094
2422795457
2422859017
2422858795
2423085167
2423773495
2423662664
2423509445
2423665959
2423222858
2424579230
2424486649
2424536913
2424643650
2423678615
2423400514
2427100190
2425267177
2425188750
2426223355
2426945572
2425518994
2425393743
2425646897
2425850818
2426521521
2426375676
2426101283
2426001580
2428159350
2427950507
2427652445
2427792748
2428046296
2428788664
2428563481
2428525172
2428609322
2427720580
2428372192
2428901332
2430618706
2430271395
2430120102
2430738353
2430984806
2431735619
2431404200
2431572778
2430186583
2430853227
2433092992
2432892820
2432795898
2432680311
2432586183
2433200897
2433202920
2433763197
2433354025
2433978917
2434286660
2434067917
2434177195
2434345142
2433864741
2433316366
2433966081
2434251308
2433623109
2433441665
2434101441
2433454088
2433852301
2434251918
2433551482
2436214654
2435259969
2435626756
2435022259
2435272608
2434978588
2435872458
2435307874
2435341927
2435821908
2435551373
2435619189
2435580588
2434908548
2434917095
2435517124
2435014261
2435685900
2434728780
2435194060
2436368215
2435526579
2435298807
2434935621
2435420669
2434922831
2435432286
2435689670
2435185724
2435347523
2434931142
2436802533
2435804703
2434818964
2435516850
2435204078
2435746809
2435752301
2437904702
2437404852
2438350996
2437782930
2437565390
2437493786
2437965343
2437814764
2437449279
2438017221
2437286654
2437531225
2437428560
2437682290
2437629424
2437336042
2437839428
2437920870
2437995937
2438528893
2437558029
2438211781
2437128789
2437894128
2437184139
2437948887
2437583680
2438078016
2437805859
2438080347
2437449176
2437244405
2437453250
2436981034
2437315154
2437245892
2437696905
2437627906
2438183814
2437804571
2437178945
2437818927
2437946108
2438104076
2437471441
2438197772
2437028162
2437184549
2437115317
2437175005
2437312815
2438227264
2438220840
2437197756
2438347973
2438649653
2438808693
2438923264
2439672499
2440364475
2440627819
2441269873
2439295199
2440469434
2440072760
2439819883
2440240941
2439955955
2439579535
2439659337
2440143149
2439240427
2439805230
2439751520
2440436769
2439811503
2440967769
2439570413
2439911452
2439838859
2440500452
2440480895
2439559922
2439445675
2439730874
2440340319
2440366527
2440497239
2440169486
2439936076
2439245198
2439190716
2440173134
2440293569
2439509185
2441055078
2440310511
2440049330
2440709576
2440075535
2439801554
2439725116
2439260524
2440252878
2439559952
2439829291
2440475989
2439643051
2439888064
2439460317
2440469435
2440376648
2439729893
2439583776
2440062300
2439745493
2441205636
2439683823
2439476312
2440008047
2440190742
2440121708
2439804174
2439835717
2440098803
2439402693
2440414793
2440634149
2440605839
2439522909
2439390558
2440849412
2439946663
2440451503
2440329883
2440129277
2440508612
2439459814
2441311652
2441988389
2441601102
2441870926
2441632396
2441546446
2441905752
2441665499
2441614694
2441467983
2441879433
2441750287
2441988649
2441792550
2441500230
2441659625
2441767694
2441956089
2441425925
2441513017
2441459357
2441902694
2441976865
2442409170
2442248917
2442609660
2442814626
2442633563
2442785560
2442631651
2442880235
2442262919
2442165601
2442473115
2442847139
2442899763
2442837594
2443155692
2442994449
2442050367
2442602627
2442832848
2442777662
2442683776
2442079005
2442590375
2442447226
2443155396
2442689934
2443318245
2443399427
2442393276
2443468488
2442676105
2443619695
2442604171
2442361952
2442540306
2442244100
2442477978
2442070612
2443279779
2442649169
2442971767
2442645178
2443378342
2442531922
2442739800
2442687857
2442550112
2443568380
2442182095
2442343238
2442341011
2443977189
2444883863
2444904282
2445167772
2444476782
2444935565
2444766467
2444777259
2444713784
2445058043
2444399524
2445057886
2444413996
2444371662
2444865333
2443895245
2444828857
2444037053
2444959354
2444911803
2445056001
2443665832
2444840488
2444930374
2445082246
2443998518
2444490247
2445100250
2444533151
2444070793
2444220908
2445018944
2444612751
2444289147
2444881470
2444519922
2444663195
2444774503
2444159334
2443816706
2444980752
2444509429
2443743501
2444001646
2444202401
2444065157
2443790200
2445483404
2445270564
2445668674
2445875942
2445194817
2445996055
2445293249
2445445541
2445225082
2445331575
2445384368
2446371792
2446649001
2446982483
2447065491
2447087980
2446816185
2446452104
2446991851
2446745680
2446610654
2446630609
2446534535
2446293061
2446884480
2446885122
2446921274
2446794937
2446966777
2446552186
2447074169
2447077729
2442339414
2442194191
2442813913
2442204165
2442227667
2442714305
2442433381
2442073165
2442113000
2442687053
2442576015
2442565303
2442097128
2442004818
2442390070
2442011484
2443848318
2443790054
2445206790
2445142181
2445291106
2448616842
2447473235
2447182071
2447530129
2447763321
2447647640
2447397655
2447477751
2447608457
2448201980
2447538356
2447228956
2447758189
2447821556
2448310164
2447376537
2447782025
2446433232
2447548927
2447589207
2447719905
2447776894
2447655160
2447379758
2447365661
2447379904
2447706948
2448669619
2447601447
2447566941
2447190474
2447364116
2447732517
2447425220
2447658826
2448082522
2447251799
2447434608
2447841747
2447498681
2446362410
2447577312
2447942165
2447387145
2449667402
2450534146
2449534647
2449423270
2450005203
2449161366
2449505661
2450210885
2449815127
2450017711
2450110505
2449099273
2450027288
2449393484
2449534526
2449740238
2450062160
2449626156
2448844362
2450013945
2448824820
2449970283
2449610686
2449723633
2450557369
2448906790
2449176594
2448738371
2450066692
2450180548
2450441258
2449327489
2449626045
2449278805
2450233710
2450449216
2450095024
2449958944
2449934679
2449625206
2449282596
2451023239
2451620147
2451274381
2452344643
2451943733
2452035790
2451353878
2452882116
2451934587
2451439716
2451737108
2451491062
2452793026
2452079208
2452105641
2450969551
2451835794
2453580906
2453499259
2454532381
2453854590
2454522068
2453856100
2453884457
2454075602
2454203627
2454125403
2454922855
2454510789
2454344243
2454216255
2454544005
2454491938
2454471841
2453783289
2455028459
2454271579
2453752380
2453646413
2456256658
2456656943
2456568356
2456357568
2455734807
2456580801
2455797294
2455632803
2456464503
2456434850
2456140655
2457556422
2457610044
2457675135
2457777239
2458752336
2459046751
2457534018
2457536519
2457551701
2457533093
2457538648
2457682137
2457543718
2457571103
2459583995
2458374352
2458801151
2457622476
2457699898
2457611031
2457539523
2458254575
2459089877
2457545098
2458715870
2458648036
2457695082
2457778604
2457550161
2457543077
2457566537
2457574910
2457655915
2457535160
2458394433
2459675623
2457630952
2457534281
2457547037
2457536896
2457537345
2457664485
2457589979
2457647026
2457748969
2457690129
2457691028
2457797616
2457539477
2458949931
2457609703
2458193463
2457608604
2459666907
2457535878
2457643232
2457577372
2457551806
2457619584
2457849379
2457687490
2457610933
2457962886
2457536125
2457559781
2457641146
2457761697
2458407924
2457753886
2457588701
2457688483
2459675261
2457553170
2457543099
2457538217
2457535676
2457596858
2459399803
2457641189
2457665419
2457540210
2457537582
2457772043
2457754850
2457548573
2459066888
2457547933
2457653900
2457537564
2459005225
2458909866
2457589456
2457577718
2457545616
2459048057
2457536421
2457598192
2457555328
2457588625
2459045954
2457598955
2457557187
2458905130
2457589166
2457558592
2457543114
2457575707
2459407990
2457542777
2457548779
2457575134
2457717691
2457541744
2458844955
2457619145
2457705812
2457859375
2457664136
2458883270
2457723495
2457541212
2459676921
2457552398
2457580724
2457590701
2457538083
2457565842
2459216314
2457599960
2457767238
2457534631
2457809356
2457535457
2457614491
2457579041
2457555774
2457734547
2457766774
2457621578
2457539999
2457576221
2457533242
2457677014
2458040571
2459669433
2459063068
2457545410
2459521437
2457621791
2457578818
2457605177
2457540394
2457550549
2458247387
2457545443
2457536435
2457533313
2459066841
2459667615
2457764208
2457702423
2457872729
2457604978
2457564003
2457685760
2457600232
2457547347
2457667026
2459596920
2459672161
2457542297
2457533069
2458252607
2458243176
2457634921
2457650277
2457563657
2457795132
2457667279
2457550696
2458500198
2457537838
2458614759
2457617438
2458393902
2457643203
2458574887
2457553467
2460396574
2461552470
2461746185
2460843202
2461550936
2460717170
2460703211
2460023273
2461031730
2461377243
2461369456
2460588063
2459718722
2459838799
2461673740
2460049490
2461672415
2461860027
2461926251
2460572040
2460578558
2459794479
2460131422
2459830055
2459741412
2460720900
2460435158
2461756732
2459939274
2461014758
2461015742
2461504999
2459723205
2461668254
2461190427
2460543710
2459665468
2461017493
2460419598
2461079785
2460575010
2459673425
2460412203
2460688631
2460428144
2460402876
2461361885
2461203360
2459947585
2461476971
2459845477
2461049428
2459839444
2460102446
2460183648
2459907895
2461220252
2460844885
2461328439
2460260733
2460305276
2459664323
2461470969
2459752821
2461178161
2461742564
2461845439
2460737408
2461928708
2460167956
2460407804
2460572757
2461514781
2461554668
2460552348
2460008781
2460678157
2460871765
2460847765
2462376179
2462755300
2463147675
2464347560
2463866292
2462379612
2463132755
2463639518
2464402989
2463164128
2463531208
2464053242
2462385999
2462476425
2462277891
2462295335
2462953215
2463047834
2462798717
2463084913
2463859768
2463564353
2462666165
2462617735
2462978052
2464239144
2463492421
2463333087
2462948101
2463049102
2463303682
2462768739
2462988145
2463063078
2462844785
2464237242
2462927947
2462540843
2464317937
2462624640
2462251386
2463436433
2462822944
2462735745
2464341147
2462509279
2462534343
2462652353
2462992113
2462247848
2462429521
2462816076
2463296249
2464172585
2463253508
2462917508
2464043004
2463797049
2462991375
2462624643
2462800117
2462248121
2464155542
2463703523
2463407690
2462926975
2463161660
2463549650
2463351043
2462821757
2463721285
2462479057
2462389587
2462525743
2462789056
2463855212
2462287435
2463541690
2462727953
2463214378
2463706598
2462609100
2462379425
2464111444
2463089250
2463008349
2463943541
2463232208
2462606875
2463391722
2464041146
2463711060
2465529645
2465862253
2466251464
2465299203
2465638938
2465533399
2464657058
2465754764
2465524303
2466151858
2464980610
2464971377
2465878808
2464976921
2464575463
2464572308
2464672010
2464848079
2465787366
2464677668
2464661404
2465824952
2464759509
2465270502
2464765728
2465379514
2465135350
2464739613
2465954548
2466394822
2465280543
2464869280
2466329104
2465649035
2464973787
2465127321
2464847711
2464459513
2465353157
2466075858
2464767697
2465129123
2464857522
2466472513
2465530478
2465101901
2465741210
2464582563
2465024200
2464572892
2467636453
2467933282
2466917982
2467291841
2468492567
2467478609
2467593841
2468551031
2468463759
2467792562
2467484798
2467020229
2468020222
2467731883
2466903757
2468440492
2467649043
2466812760
2467198973
2467311403
2467241036
2467373931
2467119481
2466794237
2467857302
2467346817
2468369993
2467713099
2467763435
2467030787
2468608023
2468060568
2466696661
2467449437
2468559869
2469911737
2470085294
2469889797
2469213040
2469038175
2468728087
2470193131
2470349461
2468689041
2468957425
2468846659
2469295282
2469710165
2468766885
2470289162
2469606033
2470449876
2470053125
2469469364
2469377521
2470180902
2470450728
2468922471
2469153904
2469608363
2469491045
2469829561
2469098993
2472330520
2471945365
2472721956
2472570110
2472067691
2472859052
2473038079
2472568790
2471781717
2472283736
2471854318
2472535656
2472041836
2471306062
2471515754
2472966900
2471127778
2473011558
2471596465
2471388138
2471197520
2472699609
2472897627
2471027187
2472226025
2472479791
2471297669
2471694900
2472772851
2473125373
2474204047
2474167437
2474449593
2473952085
2473102611
2474259360
2474180927
2474396536
2474243841
2474104502
2473874524
2473693876
2473082189
2473307910
2474582458
2473931048
2475292264
2474530424
2474033512
2474257339
2473400924
2475269496
2473583647
2474352493
2474267860
2474463624
2474325705
2474423445
2473880183
2473494084
2473597971
2474391790
2474642210
2474798842
2474370220
2474046226
2474491038
2473057170
2474599501
2474912312
2473489681
2474146017
2474277698
2476689910
2475684466
2477291169
2476609317
2476673025
2476538906
2475604203
2475623174
2477111585
2476445460
2476393389
2476979370
2475704203
2477800088
2476779770
2477809112
2477061868
2476782421
2476908020
2475904019
2475522442
2475391874
2477612698
2477508297
2476890937
2477275657
2475398365
2476997491
2476588069
2476919841
2477191251
2476727031
2477713010
2477072702
2476691977
2477608342
2477746257
2475610334
2477402399
2476914902
2476995804
2476632112
2476846664
2475317558
2476822243
2475387867
2476646714
2476868587
2476606837
2475771167
2476601885
2476119427
2475890691
2476027602
2476461179
2476354216
2477849405
2478056457
2479524232
2478575666
2479105223
2479276911
2478548593
2478314200
2477859692
2479696649
2479211141
2478168551
2478656233
2478435967
2479865783
2479384100
2478743809
2478320310
2477979109
2478755759
2478203401
2479537399
2479948720
2479373372
2477918657
2478793244
2479959008
2478862924
2478603696
2480045573
2478602010
2480203750
2479838615
2478854400
2480040612
2478691986
2478018015
2479545631
2479051277
2480056817
2479399715
2480342667
2481714940
2481458771
2482280397
2481740292
2482319583
2480390289
2481705481
2481643344
2481841486
2481561789
2481086683
2480342003
2481545899
2482159406
2481896186
2481499773
2481749964
2481658915
2482030715
2482142961
2482049776
2481205617
2480429722
2482380261
2481095250
2481176187
2482037472
2481604075
2481612180
2483929389
2483871910
2482886627
2483995702
2483331021
2483639972
2484196001
2483595682
2482583283
2484657856
2483488585
2482975804
2483831617
2483763313
2483481263
2484408810
2483923230
2484299587
2482738159
2482896234
2482794373
2484712420
2483963599
2484001524
2483917856
2483815869
2483491952
2483908455
2484140146
2483387121
2483246060
2483046454
2483069969
2483769101
2483922099
2482640950
2482968657
2483612974
2483903399
2483614427
2483474515
2482857789
2483221439
2484073587
2482807919
2483298255
2483879748
2483868982
2482681118
2484568995
2485526884
2485457702
2485905252
2485030583
2485714147
2485712344
2485795131
2486469932
2486242634
2486283573
2486067834
2485119809
2485233256
2485046589
2486101058
2485483619
2486224184
2486578490
2484871312
2485296372
2484835754
2485324437
2486139997
2485596509
2486012999
2485038548
2485836552
2485950907
2486235198
2485763799
2486615848
2484943506
2485544657
2486503887
2485730343
2486895704
2486067410
2485846278
2485698198
2486821284
2485730703
2485835876
2485935010
2484936023
2485180059
2484900789
2485112789
2485542006
2486072096
2485282131
2485475315
2485983505
2487561001
2487907693
2487373654
2488438675
2487017710
2487085535
2487457459
2488239280
2487426065
2487834448
2487714524
2487388596
2487301698
2488487862
2487748107
2487704143
2487191672
2488198093
2487036904
2488684011
2487823099
2487721345
2488362735
2488472018
2487981101
2487807177
2489052148
2488137274
2487596245
2488753749
2487843241
2487250513
2487279084
2488317386
2487836969
2488372262
2488762719
2488568108
2487598793
2487931572
2489017951
2488224239
2487117716
2487210016
2488067023
2488409139
2488249740
2486953172
2487855511
2487443779
2487684778
2488494258
2488113093
2488090033
2488030151
2487094989
2490057044
2489260740
2489577745
2489150384
2489125331
2489689205
2489404051
2489644925
2489425593
2489547363
2489656950
2490113541
2489956410
2489350478
2489840815
2489357139
2489078181
2489929269
2490140520
2489540603
2490438775
2491166293
2490370740
2490734785
2490453752
2490456996
2490513244
2490470362
2490938006
2491070688
2490865509
2490581609
2490901314
2491254387
2490420102
2490786972
2490300202
2491306258
2490196041
2490718776
2490872861
2490817196
2490610417
2492895902
2492776621
2493699256
2492502698
2492675494
2492258690
2492348583
2493127282
2491965478
2491829285
2492846884
2492439684
2492491538
2492689160
2493083341
2491973966
2492958521
2491680573
2492642432
2492591722
2492530161
2493051258
2491605871
2492823787
2492552702
2492857938
2493647725
2493231355
2492745047
2492644065
2492586129
2491864241
2492950485
2492235535
2493115248
2492649216
2493072295
2491693435
2491589352
2492154839
2493848400
2494920249
2495868794
2495722708
2495253904
2494116647
2494483717
2495099931
2494588246
2494697067
2494287314
2495347447
2495158796
2495454338
2494813116
2495789386
2494438298
2494010365
2495257761
2495021464
2494743001
2494843224
2497034863
2496174420
2497548405
2497242568
2498036690
2498160734
2497358243
2497528742
2497358993
2497918879
2497644777
2497402567
2497517704
2497932825
2497715367
2497962472
2498049507
2497489981
2498017728
2497475573
2497487263
2497256862
2497141517
2497555157
2497650715
2498121900
2497580037
2497240321
2497253017
2497352898
2499405431
2499168365
2498708290
2499171175
2499022231
2499567054
2498634257
2498763401
2499228298
2499290486
2498755746
2499461927
2498926519
2499635875
2498542424
2498575658
2498913750
2498627379
2499523541
2499602548
2498829955
2499021327
2499708032
2499917252
2499697566
2500246729
2500060774
2500153104
2500134528
2499669835
2499818639
2500302264
2499847091
2500053716
2499966236
2500255082
2501626678
2501003221
2501088650
2500916535
2501294293
2501579492
2500811393
2500724300
2501373944
2501502841
2501563722
2501246411
2500881491
2501342105
2500632973
2500694760
2501637055
2501098786
2501583910
2500816344
2501237169
2501007313
2501660731
2501442165
2501259591
2500623971
2502091915
2501818150
2502305932
2501896537
2502229047
2502387920
2501986398
2502039240
2501796363
2501691238
2501727957
2501789898
2501910512
2501779590
2503746680
2502820698
2502830849
2504519631
2503724282
2503942537
2502917620
2502714148
2503496979
2504247299
2502972140
2502908087
2503540451
2502994512
2503695786
2503195259
2503954156
2504081168
2503486221
2503365698
2502428208
2503213342
2503389591
2502804453
2503516642
2502902045
2503091835
2504438779
2503626896
2504180385
2503359927
2503085154
2503302080
2504108182
2502555791
2503821179
2503743859
2503727730
2502478249
2502510285
2503428644
2502711579
2503633886
2503348969
2503594738
2504354745
2505773200
2505711783
2504983361
2505063600
2504642292
2504746331
2506471754
2505962245
2505779988
2504645577
2504584763
2505883130
2505881672
2506349579
2506189203
2506690235
2506602590
2504710320
2506261838
2505864413
2505565622
2504779798
2505484651
2505723978
2505844649
2505613611
2506014084
2507512808
2508490564
2508732666
2508043661
2508903361
2508059262
2508080317
2507706768
2508034556
2506751633
2507801793
2508585061
2508207898
2507952925
2507668625
2507911163
2506922128
2507892790
2508820859
2507782600
2508984462
2508176473
2506858239
2508641831
2508519627
2509512975
2509781610
2509882514
2509430102
2510076188
2509888363
2509022908
