1897532328
1897861905
1897311736
1900046746
1899675778
1899850056
1899380119
1899521370
1901927995
1901511818
1901428136
1901799577
1901711932
1907055118
1907275614
1907429060
1906861533
1907594589
1924058157
1923977220
1924109491
1923741910
1923642959
1923909329
1927929201
1929742453
1929624798
1929522822
1931415793
1931711078
1931488269
1931576675
1936174854
1936213193
1961729453
1961970320
1961893492
1961829627
1963134007
1964046839
1963272790
1962013966
1963631832
1963496331
1963952938
1963838471
1964135256
1965886551
1966225213
1966487311
1966694893
1966617949
1966064376
1965682653
1979389184
1979520259
1981733381
1982331068
1981953141
1981562036
1981088223
1981322667
1982464051
1979852314
1980941553
1984801723
1983602094
1984698282
1982564735
1983480663
1983817900
1983978130
1984529130
1984422652
1995781321
1998201818
1995874559
1995917878
1998424806
1998318531
1998496853
1995989266
1998032937
2001032297
2000926804
2000678327
2000762142
1998547629
1998652203
1998715126
2000987764
2001143037
2001089587
2013794982
2013317286
2013578837
2013467161
2013128377
2013254571
2013000755
2013646526
2012940442
2013668459
2013039115
2013188506
2015617679
2016250491
2016482876
2015692611
2016100756
2016383165
2015945300
2015564443
2022277135
2022390944
2022347875
2024666599
2024614271
2022440389
2024991909
2025075459
2024783448
2024915712
2028338034
2030119810
2030735369
2030477854
2029688671
2030320107
2029938095
2030982417
2029823980
2032505340
2033255399
2033137997
2033930307
2033684435
2033006219
2032614329
2032776461
2059815612
2059799777
2059905010
2059918120
2060023488
2059876083
2061873247
2060275216
2060212092
2061039829
2060942639
2061254166
2060990735
2061212672
2061052871
2060351693
2062014366
2061779096
2062184630
2061413869
2060146450
2061263876
2060511911
2061916953
2060359860
2062110829
2060636961
2060743767
2061064838
2060759290
2060313896
2060694227
2060443469
2061649074
2060656843
2060744032
2060213109
2060491026
2060930836
2060423372
2061014289
2060482132
2060301497
2060374755
2060758786
2060890965
2060926151
2060683250
2062301221
2061444627
2060155790
2060491313
2060735084
2060145150
2061651635
2060202070
2060792602
2061229184
2061999071
2061979675
2061756636
2060049634
2060552296
2060300334
2060151192
2061913138
2062237972
2060210809
2062260487
2060846559
2060377693
2061866954
2064625570
2063467937
2062487936
2063223798
2063468020
2063614085
2062559162
2063555247
2062913180
2063612597
2062636723
2064312186
2063322935
2063000977
2063221959
2063373523
2063729877
2063199880
2062557027
2063137269
2062499739
2064423945
2064631768
2062488084
2062642139
2063091352
2064407159
2062900015
2064541636
2062737676
2063202504
2063816118
2062660792
2062922501
2064195270
2063916884
2063332746
2062882855
2062614658
2063829123
2062482167
2064017925
2063517372
2063371941
2062424026
2064343834
2063022628
2064168118
2063040897
2063281584
2062986571
2063470904
2062552528
2062360869
2062547823
2062340441
2062751657
2062846626
2062486166
2062571226
2064770301
2063102147
2062446692
2064732159
2063082521
2062601882
2062698655
2064339906
2062538679
2064776227
2063140940
2064531559
2062390851
2063609588
2062500670
2062788365
2063054781
2062816194
2065193805
2065339879
2067086468
2065111781
2064861272
2065286763
2065482587
2065960306
2066985045
2065030309
2065752934
2065200918
2065374045
2065112786
2064988726
2066337298
2065048372
2065589675
2065070313
2066144864
2065442988
2065046175
2064836234
2066514759
2066888438
2064895143
2065614124
2067225691
2066679779
2064927649
2064983103
2065765933
2068680329
2068547220
2068100199
2069209160
2069609831
2067613703
2067842765
2069416649
2067682924
2068270668
2069724674
2070114438
2067550774
2068582828
2068342969
2068092670
2068205321
2069063624
2068449910
2067783943
2070058798
2070303765
2070184901
2070247171
2077933059
2077571730
2077430052
2077718141
2077734638
2078120447
2077929558
2077552827
2080280770
2079593863
2080584907
2080442164
2079482219
2083137467
2081957054
2081841527
2082106725
2082949424
2085059868
2097526304
2097910425
2103130726
2103055367
2111546317
2111750309
2111820844
2112812155
2112955180
2115832770
2114485241
2114744832
2116001889
2114390635
2115403451
2115207703
2115601185
2115065683
2114632374
2114856246
2114198392
2114301791
2114247407
2116905069
2117886431
2117469845
2118226357
2118027293
2119541501
2119580416
2121616151
2121534597
2123791368
2123892526
2123693654
2124308220
2128250878
2128130868
2128484079
2128285457
2128537550
2128307829
2128381185
2130818462
2130581527
2130584254
2130685908
2130439555
2130751109
2130777536
2135936884
2136030360
2140619101
2140559679
2142612562
2142507011
2147218943
2147422945
2147504037
2149674761
2149799258
2150046912
2150227455
2150143180
2150271573
2149805113
2149903269
2152608924
2152521794
2152321364
2152400343
2152595788
2152290464
2152176639
2152560345
2154850496
2154740404
2154825443
2154521505
2154918475
2154495042
2154396583
2154612088
2155027337
2154633446
2154907851
2154827205
2154396655
2157002584
2156792310
2157033796
2156845846
2157050994
2156753171
2155057012
2155091523
2156956446
2159077225
2158982046
2159253863
2157401107
2159281122
2159333520
2159170413
2159399305
2159163566
2160963802
2161220081
2161061177
2161143146
2166241906
2166444510
2166539251
2166370482
2167144663
2167860917
2168584594
2168761260
2168216612
2169293575
2168216356
2167156076
2168462214
2168459929
2169098823
2168204512
2167325769
2168971864
2167606774
2167625721
2169200180
2167329759
2168455403
2167967059
2167327028
2168206277
2167860747
2169352705
2171700333
2170666631
2171755960
2170537909
2170432731
2173041442
2171836459
2173255322
2172928683
2171939129
2174170321
2171887740
2173370055
2174075177
2174115820
2173152588
2172908130
2173864093
2175727806
2176134660
2176031068
2175448141
2175861659
2176201643
2175943133
2175279003
2174252967
2176247972
2174219394
2177741136
2178500530
2177257309
2177504892
2176882495
2178362915
2178430378
2176488482
2177171063
2176558984
2176559949
2178495747
2176744667
2177005584
2177549858
2177667673
2176618946
2176353974
2176363477
2176498930
2178259496
2179252492
2179855075
2180813369
2180068537
2178661580
2178782204
2178853523
2178970934
2179423318
2180278248
2178572793
2178692811
2179624943
2178739661
2179222246
2180756773
2180141650
2180357452
2178558266
2181195992
2181519569
2181038082
2181130001
2183577879
2183574981
2183500588
2181387942
2181823003
2182565525
2183278970
2182047120
2181080385
2182314158
2181696818
2183654271
2181021263
2183376413
2183826611
2186366044
2186334600
2183947071
2184452141
2186078724
2183857503
2183792909
2185060254
2183690050
2183812156
2183894124
2186011766
2186281567
2184275180
2184910779
2183961604
2186374732
2184665045
2184118645
2188233879
2188554472
2188507355
2190329562
2188682838
2190635520
2188745481
2190806996
2190233639
2190543949
2190994175
2191243186
2191441268
2192542709
2190864003
2191531548
2192088670
2190956118
2191055532
2191757537
2192320439
2191144529
2193321592
2193658590
2194067318
2193199056
2193524509
2193849107
2193441529
2194260255
2193255935
2196306427
2197771156
2196501846
2196830083
2195561641
2196139871
2197852915
2195617106
2197814888
2197232058
2195854935
2197006785
2195950707
2195748703
2198252097
2199144312
2198989614
2198763106
2198359197
2198057551
2198141418
2198604205
2201019839
2203601018
2203238887
2201993554
2201456363
2203539406
2203020505
2201838263
2203443774
2201624014
2201116123
2206081123
2206077451
2205833528
2205764532
2203662380
2206001051
2205999111
2206151998
2206240813
2208511321
2206332579
2206174719
2206397048
2206196903
2208569149
2208705613
2208764398
2208687179
2208640896
2208748859
2210804336
2210754624
2208829537
2212842319
2211015954
2210971342
2212899673
2214337150
2215310272
2215414143
2214163959
2218321585
2217028297
2216767537
2217199585
2215796971
2217177348
2215717267
2219666316
2220945227
2220546331
2220092232
2220566415
2220343765
2221023350
2221060553
2220756175
2220834741
2220430940
2218394602
2222207575
2221185290
2221112196
2221112698
2222355697
2223185352
2222161342
2222942408
2223009335
2223135300
2221955822
2222362019
2221221964
2223148903
2222645388
2221129030
2223209824
2222781809
2222500241
2224331992
2223430534
2225327053
2225058739
2225129562
2223949862
2225288518
2224399177
2224488933
2224301383
2224045203
2223352538
2225030620
2225178832
2224476362
2224144172
2224262697
2223325433
2226087435
2225437585
2226513696
2227455173
2227038350
2225516621
2226839463
2227398931
2226961478
2227565782
2226095573
2226828289
2226165443
2226513613
2226232077
2226397167
2226350599
2225466449
2226655284
2227450062
2227386873
2227282206
2227433166
2226663098
2225474748
2226524683
2227501950
2228890081
2229727968
2228475005
2227719729
2228610554
2229065830
2229360798
2228663009
2228259601
2228714208
2229168677
2229782323
2227827195
2228401706
2232041720
2231338231
2231505428
2229929721
2232009478
2230503540
2231634662
2231784950
2231932597
2231862712
2231898495
2231970870
2232206220
2229914091
2230734391
2232081920
2229882574
2232114220
2229863672
2230860536
2230601934
2231042696
2230625252
2234307020
2234586313
2233555376
2233273381
2233125870
2234099394
2233411040
2234990617
2234172489
2233282942
2234747209
2232259137
2234241530
2234632609
2234819316
2232326847
2235002123
2233733033
2234513972
2233267149
2233452056
2233998262
2234857740
2235117172
2235060744
2235065475
2235124037
2236100944
2236104695
2236266806
2236208243
2235698841
2236239368
2236427519
2235829105
2235688599
2237514365
2236061800
2237478172
2237854201
2239405659
2238234729
2238324135
2238510876
2238145977
2239757209
2237910080
2239818371
2239925039
2239228442
2239061225
2239666641
2239960377
2239810677
2238610136
2239733013
2237783946
2238414958
2238918513
2240001941
2239978108
2241047218
2241184464
2240095576
2240923730
2240016108
2241060191
2241252599
2240071069
2240807431
2240035420
2240919220
