2699723;NoLifer5;900;1000;906;906;1094;1000
2578382;Yellow Submarine !;800;1000;950;784;1000;1097
2790766;FlipSid3 Tactics;850;994;914;953;1129;1050
55;_PowerRangers;1350;1000;888;1261;1048;1199
59;Kaipi;450;856;814;925;1005;1050
2006913;Vega Squadron;500;932;941;862;1000;950
2533075;The Imperial;3900;1030;1300;1841;1182;1195
2552670;Prodota GaminG;800;961;841;983;1002;1000
2246141;Team Alternate Attax;1000;1000;952;1027;1208;1050
2538753;Fantastic.Five';900;729;1034;955;1139;1119
2850016;Sanguine Sharks;750;956;786;923;1151;1199
3264863;WINGSHADOW;1100;1000;1000;1000;1000;1089
3262498;Tokek Gaming;950;1000;1000;1000;1000;955
2581813;Execration;1550;770;1030;1183;1139;1306
2659468;WarriorsGaming.Unity;2200;908;1212;1331;1000;1139
2610270;Fox;950;1000;1000;966;1000;974
2728038;Soggy Mitts;1100;1000;1000;1099;1000;1022
2122095;Illuminati Gaming.;900;1000;1000;1000;1000;906
1237931;Nullius in Verba;1100;1000;1000;1000;1000;1094
1909341;Team Teletubbie;1000;1000;1000;953;1000;1050
2898684;The Team;950;1000;1000;1000;1000;950
2672298;Infamous -_^;1500;952;1035;1120;1143;1154
2386699;Luis + 4;950;1000;1000;950;1000;1000
2628204;Logic System;900;1000;1000;1000;1000;906
2676492;Virus Nirvana;1050;1000;1000;1000;1000;1042
46;Team Empire;1300;903;993;1307;1047;1050
2537636;Elements Pro Gaming;1300;881;1123;1118;1133;1087
2857445;GoXpE Dream Team;950;1000;1000;1000;1000;950
2913028;Seven Lan Center ;1000;1000;1000;955;1000;1053
3320817;DilecomTeam;1000;1000;1000;920;1000;1097
2874304;LINAJE GAMING E-SPORT;950;1000;1000;1000;1000;950
2428289;Elite Wolves PERU;1150;1000;1000;1054;1050;1050
1633432;Not Today !;950;1000;1000;1000;946;1000
2928396;Bac Gaming ;950;1000;1000;1000;1000;950
3290820;Gosu e-Sports;1000;1000;1000;1000;950;1050
3069376;SKY;950;1000;1000;1000;950;1000
147;Learn2Gank;900;1000;1000;1007;903;1000
1347728;ZENO GAMING T;950;1000;1000;1000;1000;953
3321900;DilecomTeam;1050;1000;1000;1000;1000;1050
3152713;IKEA;800;1000;950;967;1000;906
67;paiN Gaming;1000;955;950;1102;1000;1000
1585447;Wrong5;900;1000;1000;1000;1000;906
2930561;AVIUS;1000;1000;1000;1000;1000;1006
3212263;KAPPA;950;1000;1000;1000;1000;950
3264781;Stay Calm And Rape;1050;1000;1000;1000;1000;1051
2607096;AHOJAHOJ2;1100;1000;1000;1000;1000;1097
3313610;3 Claritky;850;1000;1000;1000;1000;869
3096793;BeFree;800;1000;1000;1000;1000;818
1252828;Scrofulous;1050;1000;1000;1000;1000;1042
2751690;Team Exthious;1400;1000;1000;1000;1000;1371
2849610;THODAPPAKKATTAI WARRIORS;950;1000;1000;1000;1000;950
3214090;HippoManiacs;1000;1000;1000;1000;1000;1008
2204438;KS KommandO;950;1000;1000;1000;1000;950
2739170;NA STARY KOLENA;950;1000;1000;1000;1000;953
2548789;HellRaisers Dota 2;1050;1000;1000;1000;1000;1047
3322685;Indian Dota;950;1000;1000;1000;1000;950
2920874;GGWP Boiz ;950;1000;1000;1000;1000;950
699943;Kuroko no doto;1150;1000;1000;1000;1000;1110
2867175;PuckYou;900;1000;1000;1000;1000;900
1319202;HighHopes;1000;1000;1000;1000;1000;998
3154882;do you even DOTA;950;1000;1000;1000;1000;950
2637817;CYBERLORDS;1000;1000;1000;1000;1000;998
3321494;Stray Dogs;950;1000;1000;1000;1000;950
2440854;INDEFATIGABLEZz ESPORTS;900;1000;1000;1000;1000;903
1964407;Comanche;1250;1000;863;1119;1000;1262
3323705;YK;950;1000;1000;1000;950;1000
3323460;Nub Squad;1000;1000;1000;1000;1000;1000
2362377;D.N.A GamerZ;950;1000;1000;1000;1000;953
3315253;Farm For Fame;950;1000;1000;1000;1000;950
3152366;Kite Gaming;1050;1000;1000;1000;1000;1050
2842794;Team Bad English;900;1000;896;1000;1000;1000
2880387;Yolo Knight;950;1000;1000;1000;953;1000
2922425;Insane5;1000;1000;1000;1000;1000;998
3323503;Chainsmokers;900;1000;1000;1000;1000;908
3323563;Blades of Chaos;1150;1000;1000;1000;955;1182
3157536;ABKOL;950;1000;1000;1000;1000;950
3212911;Orange Ninja;1000;1000;1000;1000;1000;998
2576685;Arunachal Warriors;950;1000;1000;1000;1000;950
3319006;PokemonGo;1000;1000;1000;1000;1000;1007
3324533;LEAF SHINOBI;950;1000;1000;1000;1000;950
2628839;Team_.HaloXen;950;1000;1000;1000;1000;950
2867419;Twisted Gamers;1100;1000;1000;1000;1000;1097
739717;Tt.Cascade1xBet;1000;1000;1000;906;1094;1000
3324625;fab5;950;1000;1000;1000;1000;950
2308925;J1NCHUUR1K1 Gam1ng;1050;1000;1000;1000;1000;1048
2118290;Team KoKo Gaming;1050;1000;1000;1000;1000;1047
3261352;Team Jobless Employees;900;1000;1000;1000;1000;903
2899111;Team MuGiWaRA;950;1000;1000;1000;1000;950
3324612;Chup Re Otye;1050;1000;1000;1000;1000;1050
2762745;BrooDMotherS;850;1000;862;898;1064;1097
3321481;urban contact;1050;1000;1000;1000;1000;1050
3148633;Team Surprise Gaming;950;1000;1000;1000;1000;950
2626685;EHOME.KEEN;650;747;745;1271;1221;950
543897;Mineski.GGNetwork;2100;917;1081;1420;1094;1314
3323378;Tangerine;950;1000;903;1050;1000;1000
98301;Power Gaming;850;906;820;1080;989;1014
24;Signature.Dota2;250;941;727;852;915;1146
2832413;The Meme Regime;900;1000;1000;1000;1000;901
2111961;ForXtreme;950;1000;1000;1000;1000;950
1919870;Mayonaise Hope;1150;1000;1000;1000;1000;1144
2205056;No Secret;1000;1000;1000;1000;1000;998
3319358;Journey.Surabaya;950;1000;1000;1000;1000;950
3150099;Destiny Gaming;950;1000;1000;1000;1000;950
3312477;TEAM FARROS;1000;1000;1000;1000;1000;998
2735023;Anti Venge`s;1200;1000;1000;1000;1000;1187
2873011;Laughing Child;950;1000;1000;1000;1000;950
2883718;DreamScape;1000;1000;1000;1000;1000;1000
2413370;Senpai brotherhood;950;1000;1000;1000;1000;950
2777181;Quiet Revenant;950;1000;1000;1000;1000;950
2849457;TFC Esports;1150;1000;1000;1000;1000;1145
2938636;TKD.Young;1050;1000;1000;1000;1000;1050
3271628;RAGE;950;1000;1000;1000;1000;950
3320084;Sekrups Already Ded;950;1000;1000;1000;1000;950
1637253;NIEZA GAMING;1000;1000;1000;1000;1000;995
2919938; team arcsaber;900;1000;1000;1000;1000;906
2477859;AJ;1000;1000;1000;1000;1000;1000
1403764;NEGATIVE`;900;1000;1000;1000;1000;906
2890277;Juke's On You;1050;1000;1000;1000;1000;1050
148164;Flawless;1100;1000;1000;1000;1000;1088
2880264;Bikini Bottom;950;1000;1000;1000;1000;950
2849454;WoW No Cure;1050;1000;1000;1000;1000;1050
3152876;Virtual Reality;950;1000;1000;1000;1000;950
1148284;MVP Phoenix;450;793;940;885;946;1000
3325637;Team KoNG;1050;1000;1000;1000;1000;1054
2970447;FXGaming;1150;1000;1000;1000;1000;1155
3095882;incredible five;950;1000;1000;1000;1000;950
2923621;Palihmana Gaming;950;1000;1000;1000;1000;953
1869017;Victorious- Secret;950;1000;1000;1000;1000;950
3326101;Too EzZ;1050;1000;1000;1000;1000;1050
2913570;Sukha Blyatt;950;1000;1000;1000;1000;950
2925930;Got5?;1000;1000;1000;1000;1000;998
2469050;Team Blackshift;950;1000;1000;1000;1000;953
3270973;GamerZone;1050;1000;1000;1000;1000;1052
2704256;Invunerable;950;1000;1000;1000;1000;953
2840185;Carraway Was Right;950;1000;1000;1000;1000;953
2117050;FURIOUS GAMING;950;1000;1000;1000;1000;950
3261159;Maximum Effort ;1000;1000;1000;1000;1000;1003
3326357;Wreacks;950;1000;1000;1000;1000;948
2128741;Dota till i die;1000;1000;1000;1000;1000;1000
2126942;Team KAZAMA;950;1000;1000;1000;1000;950
2048731;Auroth;950;1000;1000;1000;1000;950
535718;Joe Net Phenomenon;1050;1000;1000;1000;1000;1050
3327682;NEW KING GALUNG;1100;1000;1000;1000;1000;1100
3323407;REUNITED;950;1000;1000;1000;1000;950
350190;Fnatic;1100;841;857;1142;1083;1044
3327766;team faadu;1100;1000;1000;1000;1000;1100
584193;FataL Formation;950;1000;1000;1000;1000;950
2664588;The Prime Cinderpina;1000;1000;1000;1000;1000;1005
1703527;RIP THE DREAM;1050;1000;1000;1000;1000;1050
3259767;TAMPAN BERANI;1000;1000;1000;1000;1000;1005
3319964;NASI CAMPUR88;950;1000;1000;1000;1000;955
2927909;ALPHA;1100;1000;1000;1000;1000;1094
3318260;5 Idiots Gaming;900;1000;1000;1000;1000;906
2503295;Project-Final;1050;1000;1000;1000;1000;1042
2524482;GEMBEL GAMING;950;1000;1000;1000;1000;955
237586;Seniors Reborn;1000;1000;1000;1000;1000;998
3314165;IMPERIAL;950;1000;1000;1000;1000;950
3321313;CYCLONE BROTHERS;900;1000;1000;1000;1000;903
2879968;KNIGHTS OF ILLUMINATION;900;1000;1000;1000;1000;902
2642451;Kamikaze In The Face;950;1000;1000;1000;1000;953
2893691;Indian Gamers ;1050;1000;1000;1000;1000;1052
3329900;Ancient Mr Beans;900;1000;1000;1000;1000;906
2527544;T Show;950;1000;1000;1000;1000;958
2600882;LONELYBOYZ;1150;1000;1000;1094;1000;1054
1979704;Lost Protocol;950;1000;1000;1000;1000;953
1618462;Shore Gaming ;900;1000;1000;1000;1000;906
2650787;_FINGERING_;950;1000;1000;1000;1000;951
2925790;Pixel Elite;900;1000;1000;1000;1000;910
2557977;IndomieAU;950;1000;1000;1000;1000;958
1798782;Exotic Nexus;900;1000;1000;1000;1054;881
2413318;E-lab;1000;1000;1000;936;1000;1050
2901283;Team Titan;900;1000;1000;1000;1000;903
2896883;Flair Gaming Red;900;1000;1000;1000;1000;906
2752010;Aero Esports;950;1000;1000;1000;1000;959
1363031;Stealth._.Gaming;1050;1000;1000;1000;958;1108
3325398;HELL HOGS;950;1000;1000;1000;1000;950
3316534;Scapegoat.esports;1050;1000;1000;1000;1000;1050
3331852;Relic Gaming;950;1000;1000;1000;1000;950
992217;Dare 2 Dream;1000;1000;1000;1000;1000;986
2934622;Eskimo;850;1000;1000;1000;1000;857
3098628;Brain DDOSed;1250;1000;1000;1000;1000;1245
1395362;Virtually Challenged;950;1000;1000;1000;1000;985
2861986;The Soup Kitchen;950;1000;1000;1000;1000;950
2970103;friends;1100;1000;1000;1094;1000;1000
1276785;The Mongolz;550;872;876;1046;1000;928
3023818;Team FuroX;1000;1000;1000;1000;1000;991
3210117;BASIC'Gameing;950;1000;1000;1000;1000;950
2724159;_Oram Po_;1200;1000;1000;1000;1000;1165
2897409;Troll2Win;1050;1000;1000;1000;1000;1052
3330817;BAITED;750;1000;1000;1000;1000;789
2446959;Team Nation;1150;1000;1000;1000;1000;1147
3327985;RaveDota;1350;937;1060;1177;1082;1090
2635279;X-Generation E-Sports;1000;1000;1000;1000;950;1050
2875905;Nyx.Nyx.Nyx;1000;1000;1000;1000;1000;999
3321220;TShow;500;1000;913;742;1085;822
1199060;Operation Kino eSports;900;1000;1000;898;1000;1000
3259967;Big and Black;1100;906;922;1027;1000;1236
1961656;FLUX.DOTA2;850;1000;1000;1000;1000;858
1857050;Slapnut Magoo's;1000;1000;1000;1000;1000;992
3322396;ENTiTY ESPORTS;400;915;681;861;950;1085
3324849;Rumah Depok Bersama;950;1000;1000;1000;1000;951
3329893;DTT GAMING;1000;1000;1000;1000;953;1068
3322406;A4P;1350;1000;1000;1000;1000;1284
3325427;Meet The MULIs;950;1000;1000;1000;1000;950
3337797;TEAM FAADU;1000;1000;1000;1000;1000;1000
2860081;team_ftd_a;800;892;780;1243;1005;1000
20;TongFu;-900;837;589;690;947;950
795543;Arcanys Gaming;600;1000;1000;690;1000;1000
3337906;UC  REBORN;1050;1000;1000;1000;1000;1052
2634810;EHOME.L;100;843;794;847;843;1000
3322300;s1 Lykos;400;1005;692;918;1008;987
2108395;TNC Pro Team;850;1014;920;1056;906;1037
2414475;We.are.young;200;877;718;999;1167;1000
3326126;Team VG.J;1700;892;985;1316;1069;1094
2208748;Team DuoBao;950;941;913;978;1162;1000
1951061;Newbee.Young;1250;977;848;1255;1045;1050
2854119;Chup re Otye...;1000;1000;1000;1000;953;1052
2860369;WilD ExecuTioN;1100;1000;1000;1000;1000;1079
1105664;Rex Regum QEON;600;911;898;1117;1000;956
726228;Vici Gaming;1150;880;858;1461;1245;1000
3333361;the wild witch doctors;850;1000;916;970;1000;1000
1272244;EHOME.X;750;844;884;1147;1000;1094
2640025;iG.Vitality;1900;815;1270;1219;1127;1086
2677025;FriendshipDedicationLove;800;752;858;1148;897;1050
1730778;Avernus.ir;900;1000;1000;1000;1000;903
1236083;FelMysT;1100;1000;1000;1000;1000;1097
1983234;Team Braveheart;1000;799;991;1206;1093;1089
2414095;Avalon_Club;-600;865;870;543;1009;1000
5;Invictus Gaming;2300;1051;1046;1380;1021;1000
1375614;Newbee;4000;1271;1521;1585;1077;1000
3334608;Not Today !!;850;950;980;982;1000;990
3214108;Team NP;1700;854;1236;1226;1109;1000
3331948;LGD.Forever Young;2400;1052;945;1323;1138;1091
1520578;CDEC Gaming;1600;856;1108;1417;1169;1000
4;EHOME;1300;758;871;1170;991;1094
3328958;Black Lobsters;1200;1000;1000;1000;1000;1168
3100930;Perfect Storm;950;1000;1000;1000;1000;950
3333433;Doo Wop;1250;953;1016;1053;1039;1225
2776208;White Fries Gaming;600;1000;847;891;1092;1000
3022558;King Of Dota;900;1000;1000;1000;1000;906
723471;No soosmar;1100;1000;1000;1000;1000;1094
2642171;Team AD FINEM;750;856;890;1045;1000;1000
2783913;Escape Gaming;550;824;957;1091;1050;1000
3332295;Friends;1350;946;979;1141;1182;1000
1883502;Virtus.pro;3350;1552;1566;1179;1094;1000
3330347;LEVEL UP;650;906;809;955;1000;1002
3322382;Mysterious Dynasty;950;1000;1000;1000;1000;953
1863244;Dota Council;1000;1000;1000;1000;1000;1002
3335660;team_ftd_c;100;691;789;1180;1082;1000
1196376;sALTo ers;1050;1000;1000;1000;1000;1047
2856589;Valkyrie eSports Gaming;1100;1000;1000;990;1094;1000
3213075;Max.X;450;1000;823;641;1000;1101
15;LGD-GAMING;2250;1054;1214;1459;1155;1000
2909240;Rock;650;906;911;861;1000;1000
1633758;Shark+4;1050;1000;1000;1000;1000;1050
571290;EviL.EmpiRe;950;1000;1000;1000;950;1000
3266322;Authentic Gaming;950;1000;1000;1000;1000;950
3332745;Sabun E-Sport Redbull;1050;1000;1000;1000;1000;1050
2662139;Mineski-X;900;1000;950;1000;1050;900
3318843;lw;700;823;906;1000;1000;1000
2921910;Late Night Gamers;950;1000;1000;1000;1000;945
254140;First Departure;900;1000;953;1007;1000;950
3326875;Faceless;2650;980;1482;1431;1000;1050
3324727;Wrong5;1050;1000;1000;1000;1000;1033
645123;Rozb&iacuteje?i;1400;1000;1000;1000;1000;1349
2644737;Next-Gen VietNam;1050;1000;1014;1082;1000;1000
2922244;Eternal Creed;950;1000;950;1000;1000;1000
1218336;Eternal.ID;1150;1000;1000;953;1000;1170
2851420;Urang Minang;1000;1000;1000;1000;1000;1005
2668269;ChewToy.Reborn;900;1000;905;919;950;1139
3338817;Moscow Gaming;1000;1000;1000;1000;1000;1008
1736680;Return Of The Empire;950;1000;1000;1000;1000;953
111474;Alliance;800;791;990;1093;1047;1038
2849265;ZERO'ONE;950;1000;1000;952;1000;1000
3152604;memoirs of memes;950;1000;1000;950;1000;1000
2586976;OG Dota2;1500;1213;1193;1098;1000;1000
39;Evil Geniuses;1550;1153;1121;1000;1000;1000
1838315;Team Secret;1750;937;1283;1089;1000;1139
2854942;MAX.Y;1200;1023;858;996;1001;1263
2828740;We Are Young.Amazing;850;1000;1000;922;950;1000
3317512;DUOBAO Young;1450;1000;1000;1179;974;1262
2887364;aRe yoU Angry;700;1000;1000;823;906;1000
2811728;NEWGATE;800;1000;1000;1000;906;906
2833354;Vici Gaming Potential;900;960;899;1045;1014;1086
2551098;QQQDU;1000;1000;1000;995;915;1094
2822317;To.be.or.not.to.be;1400;1000;1000;1030;1178;1183
2488123;Core Net;1300;1000;1000;1000;1000;1274
2973432;JEMBER SUPER GAMING;950;1000;1000;1000;1000;950
2604408;Ezthmus.CHRISTNET;1000;1000;1000;1000;1000;995
2794355;Team.Phantom;950;1000;1000;1000;1000;950
2583702;Duzzy Crew;1000;1000;1000;1000;1000;1002
2908389;AoA Reborn;1000;1000;1000;1000;1000;998
3350919;AliceSnow;1000;1000;1000;1000;1000;1022
3317243;Maravillas;1100;1000;1000;1000;1000;1105
3349719;Old Generation Dota;1000;1000;1000;1000;1000;1005
3350653;Veni Vidi Vici;950;1000;1000;1000;1000;950
2596939;Purplesugar;1000;1000;1000;1000;1000;1002
3262148;HARAMBE;1000;1000;1000;1000;1000;1000
3259436;Team Warcil;1000;1000;1000;1000;1000;997
3347940;Navigo Gaming;950;1000;1000;1000;1000;948
3318905;Conqueror;950;1000;1000;1000;1000;948
2890328;sembarang;950;1000;1000;1000;1000;948
3350993;S.Team;1050;1000;1000;1000;1000;1050
3022446;TEAM FEVER;950;1000;1000;1000;1000;950
2972493;No More Heros;800;1000;1000;1000;1000;814
1884586;VegetableBee;800;1000;1000;1000;1000;846
2789129;BraveHeart.Zombie;950;1000;1000;950;917;1096
2901121;TOP;950;1000;1000;950;1000;1000
2233998;Brilliant.;1100;1000;1000;920;985;1208
2760732;Risper;1100;1000;1000;1008;1000;1094
2564430;??7.5;850;1000;1000;904;1000;961
2831312;IMG;1050;1000;1000;907;1000;1132
2038409;The One Pis!;900;1000;1000;951;1000;945
2748441;G1 eSports;1350;1000;1000;1000;1000;1299
3150095;The Mercenaries;950;1000;1000;1000;950;1000
3353081;Angle.j;950;1000;1000;1000;1000;950
1947079;The.Wolf.pack;1000;1000;1000;1000;1000;1000
3353334;Nub Squad;950;1000;1000;1000;1000;950
3332623;Dark Karma;1050;1000;1000;1000;1000;1048
3353280;This is fucking Crazy;1050;1000;1000;1000;955;1100
3353368;FANTASTIC5;1050;1000;1000;1000;1000;1047
2854237;FTW-India;1000;1000;1000;1000;1000;1000
3354117;Aggressive Gaming;950;1000;1000;1000;1000;950
2956898;Assorted Knights;950;1000;1000;1000;1000;950
2317852;Elephant in the Room;1050;1000;1000;1000;1000;1040
3325406;Romania;1100;1000;985;1088;1000;1042
3316078;Paragon eSports;750;1000;1000;962;1000;818
3326680;Horde;1450;1000;1135;1077;1000;1154
3313149;Zeta Pegasi;800;1000;906;1000;1000;906
3351387;WOOF;950;1000;924;1050;1047;962
1869482;Wombat-Gaming;900;1000;911;1009;1000;1001
3337522;Butterfly Effect;800;1000;906;908;1000;1000
3334209;Team Ukraine;1100;1000;942;1041;1000;1148
3326679;Zero Hoots Given;900;1000;1000;1044;1000;859
3333047;Team DK ;900;1000;911;907;1000;1096
3334489;Ne Rus?;1150;1000;957;1142;1000;1050
2856814;NecroRaisers;900;1000;908;1000;1000;998
2831883;Que La Famille;950;1000;973;1047;1000;951
691927;TEAM XENEX;800;1000;1000;853;1000;950
3333191;Joke  Team Gaming Esports;1050;1000;1000;1000;1000;1047
1937291;Almost Is Never Enough;1150;1000;1000;1000;1000;1128
3023244;VisioN;950;1000;1000;1000;1000;950
3266276;Too EzZ;1050;1000;1000;1000;1000;1050
3356967;Heisenberg;950;1000;1000;1000;1000;950
3340589;White Wolf;1050;1000;1000;1000;1000;1050
3322097;Area31D;950;1000;1000;1000;1000;950
2921347;Team END;1000;1000;1000;1000;1000;1000
1970096;Team Anon Fives;1050;1000;1000;1000;1000;1047
3356941;Low Priority;1000;1000;1000;1000;1000;1005
3345478;Lexus Gaming;950;1000;1000;1000;1000;950
2545047;Blonde Hard;950;1000;1000;1000;1000;953
1836806;the wings gaming;1700;1121;1129;1121;1078;1000
3355251;Meet The MULIs;950;1000;1000;1000;1000;948
2259991;Value $65.07;950;1000;1000;1000;1000;955
3322951;LEVEL UP;950;1000;1000;960;1000;1000
3099734;ROYAL GAMING;1100;1000;1000;1000;1000;1090
3346421;CupuTapiLucu;950;1000;1000;1000;1000;948
2813614;Zenith. MN;1050;1000;1000;1000;1000;1043
3347214;CLASSIC ;950;1000;1000;1000;1000;953
2701571;DMC - Devil May Cry;950;1000;1000;1000;1000;950
2727654;Exiled Legion;1000;1000;1000;1000;1000;1000
3265016;Dark Revenge;1000;1000;1000;1000;1000;1010
965163;- Accelerate;1100;1000;1000;1000;1000;1101
3237806;FREEZEE;950;1000;1000;1000;1000;951
3330230;Five Rejects;950;1000;1000;950;1000;1000
2099268;StanDiN-5;900;1000;1000;953;1000;970
2577846;INSIDE FREEDOM;950;1000;1000;1000;1000;950
2925921;Team envy;1000;1000;1000;1000;1000;1001
3378725;MEME Team;950;1000;1000;1000;1000;950
2777986;Invincible Xtreme;1000;1000;1000;1000;1000;1000
2714312;Aggressive 5;850;1000;914;906;1000;1054
3341892;TRIGGERED;950;1000;1000;955;1000;1000
476200;Black'List Gaming;1050;1000;1000;1000;1000;1050
3323060;Wolf Squad;1000;1000;1000;1000;1000;1002
3379569;Made in Bombay;950;1000;1000;1000;953;1000
3210601;NeMeSiS;950;1000;1000;1000;1000;951
3379265;Team Saiyan;1000;1000;1000;1000;1000;1005
2965949;@PlasmaNation;950;1000;1000;950;1000;995
2419551;AGGGGTMR;950;1000;1000;1000;1000;948
2163;Team Liquid;1200;837;1361;955;1000;1000
2521184;Paz;1000;1000;1000;1000;1000;1010
2713678;Disaster in DotA2 Reborn;950;1000;1000;1000;1000;953
2827285;Oh Well.;850;1000;902;950;1000;1000
2919736;Mortality Gaming ;950;1000;1000;1000;1000;957
568941;N.x^;950;1000;1000;1000;1000;966
2899037;FuckT Old Monk;1050;1000;1000;1000;1050;1000
3357303;MeeT YouR MaKerS ;950;1000;1000;1000;1000;950
3;compLexity Gaming;1100;738;1179;1092;1202;1000
3381602;Walrus Punch;900;1000;1000;906;1050;950
3335901;DX;700;906;908;878;1050;1000
2775251;Tarantula Gaming;750;1000;875;957;950;1000
36;Natus Vincere;650;891;879;1000;1000;1000
3381675;Question Mark;1000;1000;995;995;1000;1000
2881024;Polarity Gaming;1050;1000;1000;1000;1000;1043
3354045;Division 1 Cursed Eagle;950;1000;1000;950;1000;1000
3334062;NoLifer5.Reborn;900;1000;862;1026;994;1000
2932717;BG Gaming;900;1000;1000;1000;1000;906
2570995;Sin Sponsors;1100;1000;1000;1000;1000;1094
2665688;Vicious Viper Empire;950;1000;1000;1000;953;1000
2730618;G.T.;1000;1000;1000;1000;1000;1002
1971815;Surekh Gaming!!!;1050;1000;1000;1000;1013;1052
1330124;Secret Joke;1050;1000;1000;1000;928;1155
2134429;Out of our League.;850;1000;950;887;1050;1000
3412077;Question Mark;900;1000;911;1000;1000;1000
3258149;CAVALRY;550;902;859;946;906;1050
3349045;RUSH B;350;822;760;920;1005;1000
3336725;Rampage Gaming;550;842;887;823;1094;1000
3264833;The Team;1050;1000;1000;1000;1000;1049
3414796;VULTUR TEAM;950;1000;1000;905;950;1097
1061269;KINGAO + 4;950;953;856;884;1097;1164
3415050;Rebirth Esports;850;1000;1000;1000;903;950
2859105;Team DileCom;950;1000;1000;1047;912;1050
2788415;Team One !;900;1000;1000;909;1047;924
2579961;Farm And Throw;950;1000;1000;1000;1000;950
2646086;SkillOffBacotOn;1050;1000;1000;1000;1000;1050
3343420;The Prime Shine;950;1000;1000;1000;1000;948
2660436;Satria Pride;950;1000;1000;1000;1000;950
2108325;FrostMourne;1050;1000;1000;1000;1000;1052
3412501;Queen Of Pain Reborn;1000;1000;1000;1000;1000;1005
3415078;Non Thinking Feed Squad;850;1000;954;881;1000;1050
3441765;TeamEvil Clutch;950;1000;1000;1000;1000;950
2308619;Note;950;1000;1000;953;1000;1000
2887177;Dusa+4;1050;1000;1000;1000;1000;1047
3354505;TEAM JESUS.;1050;1000;1000;1000;1000;1055
3437010;Possitive Meepo;950;1000;1000;1000;1000;950
1804536;STARK.gg;1050;1000;1000;1000;1000;1050
3110857;CELCOM GAMERS;1000;1000;1000;1000;1000;1002
3338336;2D girls for life;1050;1000;1000;1000;1000;1050
2525571;All_Burden;950;1000;1000;1000;1000;950
2881840;Sweet Boys;1050;1000;1000;1000;1000;1050
2226499;Hell Boys E-Sport;950;1000;1000;1000;1000;950
1835728;Sand Blut;1050;1000;1000;1000;1000;1049
989159;Dame tus Moneditass;950;1000;1000;1000;1000;948
2898368;Ban Chen;1000;1000;1000;1000;1000;998
3313780;AggTmRpe;950;1000;1000;1000;1000;950
3349012;Undaunted;1050;1000;1000;1000;1000;1050
3412219;Leafre;950;1000;1000;1000;1000;950
2835402;TeamGorilla!;1050;1000;1000;1000;1000;1050
1333775;planet hype;950;1000;1000;1000;1000;950
2650635;TeamOnodera;950;1000;1000;1000;1000;950
1787630;Enigma Stole Our Bikes;1000;1000;1000;1000;1000;998
2622695;LUCCINI GAMING $$;1050;1000;1000;1000;1000;1043
3355514;:bbtcat:;950;1000;1000;1000;1000;950
3414163;Elite Revenge;1050;1000;1000;1000;1000;1050
2901980;Dream Seekers Gaming;950;1000;1000;1000;1000;952
370775;Eternity;1000;1000;1000;953;1000;1048
2674713;San German Rejects;950;1000;1000;1000;1000;950
3357051;FirveDogs;1000;1000;1000;1000;950;1050
2880140;Fire Dragoon E-Sports;1250;950;828;1179;1151;1144
2398232;Acion Arena - Dota2;1000;1000;885;1086;1050;1091
3262331;Team EVOS;1050;1054;906;1101;950;1050
2607563;Quantum Suicide;1000;1000;1000;1000;1000;1002
3441242;ALCH;1050;1000;1000;1000;1000;1050
3413495;BI?T ??I C&AgraveY RANK;950;1000;1000;1000;953;1000
3380524;Triggered;950;1000;1000;1000;1000;950
3339998;PleaseReportTimbersawReborn;950;1000;1000;1000;950;1000
3321512;Reborn Gaming;950;1000;1000;1000;1000;950
2907535;VMAST;1050;1000;1000;1000;1000;1050
2835573;DISCIPULOS DE ATAHUALPA;950;1000;1000;1000;1000;950
1170473;VolcaniaGaming;1050;1000;1000;1000;1000;1050
2767412;Vivo Fibra Keyd Stars;1050;1000;1000;910;1000;1141
3325891;90's Gaming;1000;1000;1086;968;1000;953
3333501;Rainbows and Sunshine;1000;1000;1000;955;1000;1052
2052901;God Of War;950;1000;953;1000;1000;1000
3379942;No Anime;1050;1000;1000;1000;1000;1052
2513928;Watermelon Delight;950;1000;1000;1000;1000;948
3266312;Evil Corporation;1050;1000;1050;913;1000;1097
2666603;Old School Gaming.;950;1000;1000;1000;1000;950
1661412;Mastodon eSports;950;1000;1000;950;1000;1000
3323862;LAN CENTER GAMING BETA;1000;1000;1000;953;1000;1050
448327;Ecke Der Toten;950;1000;1000;1000;1000;950
1265213;Raw Talent;950;1000;1000;1000;1000;953
2299652;Can't Stop - sensei;950;1000;1000;1000;1000;950
3345357;DVK;1000;1000;1000;1000;1000;998
708206;DAGGER-GAMING;1050;1000;1000;1000;1000;1052
3326728;S O L I D U D E S ;1000;1000;969;1118;1000;1050
3437005;Play4What;950;1000;1000;950;1000;1000
1418375;Qenobi;950;1000;1000;1000;1000;950
2904162;Team BlackNao;1100;1000;1000;950;1000;1142
2904292;TEAM WARSONG;950;1000;1000;1000;1000;950
2548365;Walking Dragons;950;1000;950;1000;1000;1000
3356445;ZRY PAPUS LA KAGUE;950;1000;1000;950;1000;1000
1939134;Res Non Verba;950;1000;1000;950;1000;1000
3340161;Coup_Of_Grace;950;1000;1000;1000;1000;950
2449883;Dragons no Knight;1000;1000;1000;1000;1000;998
3334621;Hard Question;950;1000;1000;974;1000;994
3444306;The Crew;950;1000;1000;1000;1000;950
2639697;Sasssy Cats;1050;1000;1000;1000;1000;1052
1079752;Ode;950;1000;1000;1000;1000;953
3345979;Anthrax;950;1000;1000;1000;1000;950
3444287;JYR;950;1000;1000;1000;1000;950
3357631;No Anime;1000;1000;1000;1000;1000;1003
2678752;Team Maven;1000;1000;1000;1000;1000;1003
2679744;Intelligence Quotient xD;950;1000;1000;1000;1000;950
1245961;ZephyrDota;1250;1000;1000;1170;1000;1105
2799801;KanayaGaming;950;1000;1000;1000;953;1000
3380408;Team.ZS;950;1000;1000;1000;950;1000
2619801;Ability Gaming;950;1000;1000;1000;950;1000
3262512;ThePrime.NND;1050;1000;1000;966;1000;1097
1294226;European &lt3 Story;1000;1000;1000;955;1000;1052
296530;Dark Seiya Gaming;950;1000;1000;953;1000;1000
2347280;tusk or feed;950;1000;1000;950;1000;1000
2486519;GUS-GAMING.COM;950;1000;957;1000;1000;1000
3412116;Koshpendiler;950;1000;1000;955;1000;1000
2202484;Effect;900;1000;1000;907;1000;1000
3354224;Disorder;950;1000;958;1000;1000;1000
2701329;Team Freedom Dota 2;950;938;1048;1019;953;1101
2740064;Immortal Red Wargame;1050;1000;1000;1000;1000;1050
2524677;MAWOET DOTO BEST DOTO!!;950;1000;1000;1000;1000;950
3476337;EHOME.LUMINOUS;900;1000;1000;919;1000;1000
3478132;Team Dotamaster &amp Disciples;900;1000;1000;1000;906;1000
3411871;MoonShiners;950;1000;1000;973;1000;1000
2512249;Digital Chaos;750;808;935;1088;1000;1000
3477515;Team Harass;900;1000;1000;902;1000;1000
3317685;ALL COME HERE;900;1000;919;1000;1000;1000
3314510;PKL;950;1000;1000;1000;1000;950
3413002;Empirez eSports;1050;1000;1000;1000;1000;1059
3471400;TEAM KENANGAN;1050;1000;1000;1000;1000;1038
2833547;ZooM;1050;1000;1000;1000;1000;1054
2486047;Bigo Live Team;950;1000;1000;1000;1000;950
3444630;NewHope;950;1000;985;911;1093;1000
3480835;Dream Team;950;1000;1000;1000;1000;948
3482511;Crimsonbright;1000;1000;1000;1000;1000;1004
3410388;Nightmare Gaming;1050;1000;1000;1000;1000;1050
3212928;CLAN CWAF;950;1000;1000;1000;1000;950
2522510;'Syncronize-;950;1000;1000;1000;1000;951
2895509;Legacy rEflex Gaming;1100;1000;1000;1000;1000;1108
2722185;MGS_D2 E.Sport;950;1000;1000;1000;1000;950
3478479;BOBOGAMING;1050;1000;1000;1000;1000;1051
2496510;Kaboom! Gaming;950;1000;1000;1000;1000;950
3457201;Team EnvyUS;950;1000;1000;1000;1000;952
571134;Zuckerberg and Friends;1050;1000;1000;1059;1000;1000
2824381;Padat Berisi;950;1000;1000;1000;1000;950
3410005;One  For  All;1100;1000;1000;1000;1000;1097
2662515;Tentacle Visual;1000;1000;1000;1000;1000;1006
3447106;ARCHER LADIES;950;1000;1000;1000;1000;952
3477208;Midas Club Elite;900;1000;950;988;1000;1015
2750190;FilosFilia;950;1000;1000;1000;1000;953
3508243;Meow 111;850;1000;948;924;1000;1000
39700;Low Skill Dickheads;950;1000;1000;957;1000;1000
2970537;Sky Ladies;950;1000;1000;1000;1000;950
1400459;SMAIKUM;1050;1000;1000;1000;1000;1050
3481244;Team Instinct;950;1000;1000;1000;1000;950
3513004;ROFL ESPORTS;1000;1000;1000;1000;1000;998
3513460;END;1100;1000;1000;1011;994;1088
3325212;Natural 9;1000;955;962;1000;1000;1094
2151103;Team Taivnaa;850;1000;1003;1000;1000;906
3513553;Hard Question;1100;1000;1000;1101;999;1000
2913565;MVP AEGIS;850;1000;1000;915;924;1052
3350307;™.v3s;950;1000;1000;1000;1000;953
3457125;Palomas Gaming;950;1000;1000;1000;1000;950
3516662;Evin Geniuses;1050;1000;1000;1000;1000;1050
1182889;CheeToz;950;1000;1000;1000;1000;955
3510168;The Council;1200;1000;1000;1000;1000;1224
1698450;Podkoni a zak;1000;1000;1000;1000;1000;1006
3313343;Raven G-Club;950;1000;1000;1000;1000;955
2925965;Dogshit Dynasty;950;1000;1000;1000;1000;948
3516840;Terpacu Gaming;1050;1000;1000;1000;1000;1050
3471134;TEAM LUNA;950;1000;1000;1000;1000;950
1434155;AfterGlow Elite;950;1000;1000;1000;1000;950
2100741;START GAME LAN CENTER;1000;1000;1000;1000;1000;1006
1871453;Oblivion;950;1000;1000;1000;1000;950
1890226;Overdose;1000;1000;1000;1000;1000;998
2905843;MDG.Lan Center;950;1000;1000;1000;1000;950
3563081;Genoma Gaming;1000;1000;1000;1000;1000;995
3481746;Gakki;950;1000;1000;1000;1000;950
3341663;Return of the king;1050;1000;1000;1000;1000;1050
2329041;NEW ERA;950;1000;1000;1000;1000;950
3574159;SAD BOYS ;1000;1000;1000;1000;1000;995
3546686;CASONA.NET COMPUTER E.I.R.L;950;1000;1000;1000;1000;950
3574277;NaoH;1150;1000;1000;1000;1000;1147
3210354;Phantom Nation;950;1000;1000;1000;1000;950
3557556;BUAT IVANA BANGGA;1050;1000;1000;1000;1000;1050
2219811;TooHardForRetards;950;1000;1000;1000;950;1000
3561144;Ban Sepur Ngunut;950;1000;1000;1000;1000;950
3317586;The Core Alphas;1000;1000;1000;1000;1000;1001
2701735;Strength Plus Gaming;950;1000;1000;1000;1000;950
3343967;Wings.Red;1100;1000;1000;1000;1000;1097
2600813;ValhallaWarriors;950;1000;1000;1000;1000;950
1272762;Besito Avenger;1050;1000;1000;1000;1000;1050
3547650;We Are Handsome;950;1000;1000;1000;1000;950
3551256;Whisper;1050;1000;1000;1000;1000;1048
2828758;WOLVES.GG;1100;1000;1000;1000;1000;1101
3471382;EIGHTFINITY;1050;1000;1000;1000;1000;1050
3549060;BUNDLE OF DREAM;950;1000;1000;1000;1000;950
2633249;BUAT IVANA BANGGA;1050;1000;1000;1000;1000;1052
3574278;SoftMaster;900;1000;1000;1000;911;1000
3354310;CQDU.FeS;950;1000;1000;1000;1000;953
3562785;SAHABAT~;1050;1000;1000;1000;1000;1050
3512319;EXPECTATION;950;1000;1000;1000;1000;950
3503670;PUXLYAWI;1000;1000;1000;1000;1000;1005
2898100;?????? ??????? :-?;1000;1000;1000;1000;1000;995
3480045;JevuzcaGG;950;1000;1000;1000;1000;950
3016098;Agg tmr 1;950;1000;1000;1000;1000;953
3324822;shkolnuy avtobus;1050;1000;1000;1000;1000;1050
2824034;PolyKIngs;950;1000;1000;1000;1000;950
2552118;FTD club a;1050;1000;1000;1050;1000;1000
3477268;infamouze;1050;1000;1000;1063;1000;1000
3516794;AdVanced'Gaming;1050;1000;1000;1054;1000;1000
2371045;White Nigga;950;1000;1000;1000;1000;957
2687313;Skyville!;850;1000;911;952;1000;995
3262665;Cryptex;800;1000;930;922;1000;1000
3414728;Team Sikrit;850;1000;964;906;1005;1000
3586078;Geek Fam;1250;1000;1000;1000;1000;1217
3414627;Hordelicious;800;1000;1000;1000;1000;826
2285416;Vicious FAME;1000;1000;1000;1000;1000;1009
3413786;90's Old Revenge;1000;1000;1000;1000;1000;990
2968878;Fire Gaming;1050;1000;1000;1000;1000;1050
3549974;Power Of Iron Branch;950;1000;1000;1000;1000;950
3581011;Strong Chin Choppa;950;1000;1000;1000;1000;958
