2366281344
2366292963
2366249931
2366216139
2366351393
2366779820
2366674896
2367381045
2367029703
2367697814
2367268510
2367281043
2367869498
2367522521
2367497664
2366558590
2366742497
2367179963
2366671842
2366901299
2367339596
2367249365
2367248719
2366565955
2367385129
2368143371
2368225724
2368044486
2368300626
2368152588
2368253586
2368326893
2368044817
2368456767
2368864232
2369259374
2369277751
2370304956
2370212973
2370232225
2370231421
2370160805
2369257910
2370040461
2370298823
2370044029
2370347125
2369446539
2368406758
2368848420
2370178553
2368932062
2370369922
2368520313
2368956655
2369538969
2370551453
2371155142
2370497200
2371257583
2371485530
2370561778
2371041880
2371050829
2370475520
2370514157
2371221577
2370453638
2371509287
2370501749
2370646807
2372508859
2371788122
2373679043
2373722736
2373352627
2373859063
2372835898
2373239684
2372869243
2373333096
2373811962
2373456682
2373563641
2372913968
2373699790
2373452678
2373940139
2373343805
2373990002
2373011935
2373702720
2373250123
2373973570
2374588019
2375001938
2375937888
2377130013
2375736108
2374927043
2376968154
2375475694
2376762234
2374939818
2376456186
2377091346
2375360667
2375497791
2375560922
2376341852
2375464709
2375476072
2375592325
2376814504
2374898943
2377038358
2374869737
2379394820
2378985918
2379226467
2378192463
2378798266
2379136488
2378982742
2377195937
2377350830
2378698501
2379905353
2379289491
2378041536
2379112344
2378535872
2379351285
2378469719
2379852373
2379415477
2378174982
2379750858
2378075874
2378445447
2379320481
2378720566
2379842403
2378311462
2378493486
2379473270
2378878225
2378447060
2379502868
2378442968
2379562978
2379457983
2377903406
2377871103
2379563804
2379530048
2378025252
2378929428
2379622728
2379747403
2379924234
2379952714
2380169697
2380012354
2380106272
2381423144
2381316683
2380747737
2381687924
2381263445
2382450233
2381310996
2381524650
2382502918
2381152347
2381563848
2381866154
2382454129
2381777544
2380735114
2381472192
2381180661
2381963417
2380271233
2381274264
2380862077
2382268757
2381831351
2380869562
2381442759
2382161553
2381980118
2381308253
2381483352
2382603807
2382653312
2383012151
2382932407
2382729586
2382502092
2372630271
2372725949
2383860720
2383460994
2383834015
2384765855
2384256117
2383979763
2383648677
2384119069
2383179269
2383511035
2384394034
2384777976
2383201619
2383255976
2383863602
2384713764
2383681500
2384020160
2384342442
2383979325
2383805091
2383630682
2383344570
2384503392
2384635556
2383927996
2384114355
2385664225
2384874638
2384912976
2384865510
2384926440
2384991738
2385439140
2385553748
2385456059
2386360223
2385895458
2385895252
2386605543
2386205322
2387043302
2386426665
2386035098
2387046093
2386311695
2386244395
2386480668
2385800287
2385563388
2386057183
2386717919
2386888125
2386034670
2385550254
2385923711
2385938836
2386930631
2385687531
2386453965
2385543925
2385353363
2386821416
2386986478
2386118329
2386026433
2386093790
2386994671
2386721399
2386127465
2386562091
2385904638
2387464181
2387635761
2387598938
2387141641
2387375650
2387169682
2387297898
2387227443
2387450856
2387176432
2387234162
2387276509
2387548327
2387691707
2387139615
2387373661
2387630356
2387692534
2387680209
2387167278
2387290822
2387541850
2388425875
2388609134
2388030439
2388011630
2387882039
2388122820
2387774524
2387790125
2389174213
2388461355
2388039564
2388037202
2388084122
2388896618
2387779031
2387722180
2389031722
2388305595
2389294947
2388134437
2387915348
2388880554
2388155283
2388752391
2388216415
2388688060
2388164307
2389050459
2389073738
2388264754
2388960049
2388544014
2387912246
2388414270
2387840011
2388295812
2388266565
2388080536
2389225228
2388110750
2388297996
2388804827
2388761088
2387776879
2389281044
2387892271
2389224836
2388601297
2388499537
2388967647
2390386987
2389965080
2390853514
2391315149
2390681523
2391460754
2390299864
2390400509
2390888872
2390909301
2389956373
2390561658
2390715344
2389804612
2391598299
2390325880
2391226429
2390236462
2391526590
2390185283
2390174520
2390317600
2390082634
2389811743
2389687660
2390568199
2389337067
2389463420
2391225965
2390696260
2390589361
2390427774
2390025237
2391139376
2390026630
2389887673
2389369790
2390060798
2389417409
2390126268
2389536006
2390601851
2391064333
2390505587
2391372521
2390803817
2389618561
2390297273
2390864138
2390575728
2391528862
2389973898
2390043311
2391402953
2390464514
2389615123
2389940352
2391153369
2389863725
2391053148
2389685502
2389931822
2390697607
2389961571
2391528477
2390130194
2389499790
2391068098
2391638514
2391623504
2392635929
2392205270
2392178265
2392450708
2391849729
2391788906
2392618020
2392514898
2392509531
2391873344
2391777591
2391844210
2392174383
2391929790
2392371776
2392129381
2391897588
2391685864
2392380675
2391997966
2391732708
2391932477
2392648116
2392084446
2392193196
2393384802
2392853767
2393469420
2393302052
2393660228
2393972786
2393105440
2392872715
2393101969
2392768686
2393053778
2393051255
2392849869
2393878826
2393750290
2393265435
2392797891
2394046877
2393020471
2392995970
2392766501
2392859004
2393938301
2393003920
2393242178
2394013952
2393180454
2392944843
2394785562
2394164458
2394595923
2394986974
2394376135
2395144767
2394417814
2394953250
2394217435
2394497915
2394764782
2395186340
2394629928
2395592820
2394575637
2394849883
2395614742
2394389328
2395459161
2394359997
2395015362
2394356337
2395622697
2394982119
2395147809
2394739288
2394672426
2394187644
2394117404
2394752609
2394234710
2395394448
2395113816
2395022368
2395190009
2395243829
2395137961
2394868612
2394838756
2394800065
2394686274
2394519188
2394506110
2395420018
2394308780
2395341494
2394118418
2394438678
2394287803
2395282129
2395482016
2396590540
2395723302
2395973342
2395741886
2395812005
2396251847
2395715351
2396087229
2395715794
2396638349
2398011497
2396777809
2397084454
2397724978
2398678361
2397323304
2397608321
2397178838
2396853029
2399012335
2399244909
2397774474
2399281711
2398391016
2398072077
2398239424
2398341286
2397003176
2398239174
2397331523
2397617499
2398546934
2398252083
2397131413
2397938352
2396919644
2398342183
2398046336
2398914028
2397445390
2399306000
2397416848
2397247680
2400429592
2399547650
2399353398
2400786501
2400672629
2400654036
2399478474
2402648544
2402540967
2402638288
2403395785
2402792807
2403278696
2403062126
2402748667
2403608367
2402980481
2402868738
2403952736
2405555311
2405046808
2405968729
2405053347
2405630794
2405526656
2405659801
2405265680
2404141174
2405240400
2403997603
2405896081
2404059469
2405379940
2405848216
2404943553
2406005390
2406040060
2407115659
2407996315
2406229857
2408217778
2406270807
2408450860
2407508077
2407750564
2407787799
2408037002
2407633602
2407895357
2408139337
2407294384
2408519318
2408583664
2408596949
2408612651
2408596812
2408934303
2410073177
2409393490
2408914595
2410211227
2409012917
2408739164
2408631374
2408737158
2408658682
2408813096
2409156577
2409298043
2409698555
2410312824
2409398145
2409258294
2408676984
2409823701
2410461958
2409375204
2409157187
2409573458
2408862401
2409573630
2408704984
2408659554
2410986712
2410895838
2412553018
2410954215
2412028250
2412622303
2412725966
2411940567
2411397526
2412001984
2410888512
2411196189
2411603661
2411460113
2410892086
2411277988
2411796041
2411032753
2411780572
2411342644
2412105328
2412676290
2411686594
2411150532
2410889717
2411081738
2412797277
2410965721
2411837491
2411569279
2410966933
2412232933
2415286409
2415461299
2415395924
2415350631
2414380415
2415097881
2414962996
2414698099
2415540518
2414851785
2414496751
2416806533
2418090938
2416976852
2417850634
2418024487
2416935894
2417703889
2416740962
2417931396
2417129266
2418580528
2418319460
2418415538
2418664928
2419483371
2419873195
2419236363
2419750817
2419479998
2419158690
2419080892
2419982182
2418854718
2419012929
2419308420
2420758956
2420586461
2420649625
2420842637
2420526669
2421317079
2420952614
2421177492
2421632962
2422315461
2421674092
2421744792
2421505139
2422100487
2422212802
2421316823
2421874914
2421449481
2422924793
2422790094
2422795457
2422859017
2422858795
2423085167
2423773495
2423662664
2423509445
2423665959
2423222858
2424579230
2424486649
2424536913
2424643650
2423678615
2423400514
2427100190
2425267177
2425188750
2426223355
2426945572
2425518994
2425393743
2425646897
2425850818
2426521521
2426375676
2426101283
2426001580
2428159350
2427950507
2427652445
2427792748
2428046296
2428788664
2428563481
2428525172
2428609322
2427720580
2428372192
2428901332
2430618706
2430271395
2430120102
2430738353
2430984806
2431735619
2431404200
2431572778
2430186583
2430853227
2433092992
2432892820
2432795898
2432680311
2432586183
2433200897
2433202920
2433763197
2433354025
2433978917
2434286660
2434067917
2434177195
2434345142
2433864741
2433316366
2433966081
2434251308
2433623109
2433441665
2434101441
2433454088
2433852301
2434251918
2433551482
2436214654
2435259969
2435626756
2435022259
2435272608
2434978588
2435872458
2435307874
2435341927
2435821908
2435551373
2435619189
2435580588
2434908548
2434917095
2435517124
2435014261
2435685900
2434728780
2435194060
2436368215
2435526579
2435298807
2434935621
2435420669
2434922831
2435432286
2435689670
2435185724
2435347523
2434931142
2436802533
2435804703
2434818964
2435516850
2435204078
2435746809
2435752301
2437904702
2437404852
2438350996
2437782930
2437565390
2437493786
2437965343
2437814764
2437449279
2438017221
2437286654
2437531225
2437428560
2437682290
2437629424
2437336042
2437839428
2437920870
2437995937
2438528893
2437558029
2438211781
2437128789
2437894128
2437184139
2437948887
2437583680
2438078016
2437805859
2438080347
2437449176
2437244405
2437453250
2436981034
2437315154
2437245892
2437696905
2437627906
2438183814
2437804571
2437178945
2437818927
2437946108
2438104076
2437471441
2438197772
2437028162
2437184549
2437115317
2437175005
2437312815
2438227264
2438220840
2437197756
2438347973
2438649653
2438808693
2438923264
2439672499
2440364475
2440627819
2441269873
2439295199
2440469434
2440072760
2439819883
2440240941
2439955955
2439579535
2439659337
2440143149
2439240427
2439805230
2439751520
2440436769
2439811503
2440967769
2439570413
2439911452
2439838859
2440500452
2440480895
2439559922
2439445675
2439730874
2440340319
2440366527
2440497239
2440169486
2439936076
2439245198
2439190716
2440173134
2440293569
2439509185
2441055078
2440310511
2440049330
2440709576
2440075535
2439801554
2439725116
2439260524
2440252878
2439559952
2439829291
2440475989
2439643051
2439888064
2439460317
2440469435
2440376648
2439729893
2439583776
2440062300
2439745493
2441205636
2439683823
2439476312
2440008047
2440190742
2440121708
2439804174
2439835717
2440098803
2439402693
2440414793
2440634149
2440605839
2439522909
2439390558
2440849412
2439946663
2440451503
2440329883
2440129277
2440508612
2439459814
2441311652
2441988389
2441601102
2441870926
2441632396
2441546446
2441905752
2441665499
2441614694
2441467983
2441879433
2441750287
2441988649
2441792550
2441500230
2441659625
2441767694
2441956089
2441425925
2441513017
2441459357
2441902694
2441976865
2442409170
2442248917
2442609660
2442814626
2442633563
2442785560
2442631651
2442880235
2442262919
2442165601
2442473115
2442847139
2442899763
2442837594
2443155692
2442994449
2442050367
2442602627
2442832848
2442777662
2442683776
2442079005
2442590375
2442447226
2443155396
2442689934
2443318245
2443399427
2442393276
2443468488
2442676105
2443619695
2442604171
2442361952
2442540306
2442244100
2442477978
2442070612
2443279779
2442649169
2442971767
2442645178
2443378342
2442531922
2442739800
2442687857
2442550112
2443568380
2442182095
2442343238
2442341011
2442204165
2442113000
2442011484
2442004818
2442227667
2445291106
2442339414
2442565303
2442576015
2442194191
2442433381
2442390070
2442714305
2442687053
2442813913
2442097128
2442073165
2443848318
2443790054
2445206790
2445142181
2443977189
2444883863
2444904282
2445167772
2444476782
2444935565
2444766467
2444777259
2444713784
2445058043
2444399524
2445057886
2444413996
2444371662
2444865333
2443895245
2444828857
2444037053
2444959354
2444911803
2445056001
2443665832
2444840488
2444930374
2445082246
2443998518
2444490247
2445100250
2444533151
2444070793
2444220908
2445018944
2444612751
2444289147
2444881470
2444519922
2444663195
2444774503
2444159334
2443816706
2444980752
2444509429
2443743501
2444001646
2444202401
2444065157
2443790200
2445483404
2445270564
2445668674
2445875942
2445194817
2445996055
2445293249
2445445541
2445225082
2445331575
2445384368
2446371792
2446649001
2446982483
2447065491
2447087980
2446816185
2446452104
2446991851
2446745680
2446610654
2446630609
2446534535
2446293061
2446884480
2446885122
2446921274
2446794937
2446966777
2446552186
2447074169
2447077729
2447608457
2447821556
2447498681
2447647640
2447782025
2447566941
2447758189
2447548927
2447190474
2447434608
2447379904
2448616842
2447942165
2447589207
2447477751
2447251799
2447658826
2447530129
2447397655
2448201980
2446362410
2446433232
2447364116
2447182071
2447706948
2447763321
2447228956
2448310164
2447425220
2447577312
2447387145
2447655160
2447732517
2447776894
2447719905
2448669619
2447538356
2447379758
2448082522
2447473235
2447601447
2447376537
2447841747
2447365661
2449740238
2450233710
2450017711
2449934679
2449970283
2449176594
2450441258
2449625206
2449534647
2450062160
2450095024
2450449216
2449610686
2450180548
2449626156
2448906790
2449723633
2449278805
2449626045
2449393484
2450066692
2449534526
2448824820
2449161366
2450027288
2448844362
2450110505
2450210885
2449505661
2449327489
2450005203
2450013945
2449667402
2449099273
2449423270
2450557369
2449282596
2448738371
2450534146
2449815127
2450969551
2451023239
2451934587
2452035790
2452079208
2452344643
2454532381
2454471841
2454522068
2454344243
2454271579
2454491938
2454075602
2454544005
2454203627
2454510789
2456568356
2456656943
2456580801
2456434850
2456464503
2455797294
2456140655
2456357568
2456256658
2457540210
2457575707
2457575134
2457643232
2457605177
2457577718
2457685760
2457533242
2457647026
2457604978
2457578818
2457577372
2457599960
2457541212
2457538648
2457535160
2457543099
2457777239
2457699898
2457596858
2457588701
2457537345
2457665419
2457705812
2457547933
2457533069
2457553467
2457555774
2457574910
2457559781
2457614491
2457688483
2457772043
2457653900
2457556422
2457723495
2457664485
2457537564
2457543077
2457555328
2457548779
2457542297
2457536435
2457536519
2457580724
2457610933
2457547037
2457558592
2457550161
2457542777
2457621578
2457610044
2457766774
2457545410
2457541744
2457753886
2457778604
2457664136
2457539523
2457675135
2457767238
2457550549
2457576221
2457538217
2457761697
2457547347
2457634921
2457536125
2457536896
2457617438
2457702423
2457534281
2457589979
2457809356
2457748969
2457611031
2457553170
2457534631
2457621791
2457667026
2457695082
2457535878
2457734547
2457609703
2457538083
2457535457
2457534018
2457650277
2457551701
2457543114
2457539477
2457687490
2457588625
2457540394
2457598955
2457667279
2457563657
2457717691
2457598192
2457536421
2457754850
2457550696
2457622476
2457548573
2457533313
2457655915
2457691028
2457690129
2457795132
2457600232
2457619145
2457579041
2457682137
2457551806
2457677014
2457539999
2457533093
2457566537
2457552398
2457535676
2457643203
2457545616
2457545098
2457537582
2457619584
2457641146
2457545443
2457589166
2457543718
2457630952
2457564003
2457590701
2457641189
2457764208
2457608604
2457537838
2457565842
2457797616
2457589456
2457571103
2457557187
2455028459
2454216255
2453854590
2453783289
2453856100
2453646413
2454922855
2453884457
2453499259
2453580906
2454125403
2453752380
2455734807
2455632803
2458243176
2458247387
2458500198
2457962886
2458752336
2458040571
2458905130
2458393902
2459407990
2458254575
2459675623
2459066841
2459672161
2459063068
2459666907
2457872729
2459048057
2458883270
2459045954
2458715870
2459216314
2458949931
2458614759
2459669433
2458801151
2459596920
2459005225
2458407924
2458394433
2458648036
2458252607
2459583995
2459675261
2459066888
2458193463
2458844955
2458574887
2459399803
2458374352
2458909866
2459046751
2457859375
2459089877
2459521437
2459667615
2459676921
2457849379
2460575010
2460049490
2460688631
2460008781
2459838799
2460543710
2459794479
2460023273
2459845477
2460102446
2460572040
2460717170
2460407804
2460720900
2460260733
2460844885
2460183648
2460703211
2459665468
2460412203
2460131422
2460428144
2459673425
2459947585
2459839444
2459907895
2460305276
2460419598
2460396574
2459752821
2460167956
2460435158
2459830055
2459718722
2460737408
2460578558
2460572757
2459723205
2459664323
2459741412
2460402876
2459939274
2460552348
2460588063
2460678157
2461178161
2461017493
2461190427
2461514781
2461476971
2460871765
2461845439
2461369456
2460847765
2461014758
2461742564
2461079785
2461554668
2461049428
2461756732
2461673740
2461504999
2461328439
2461377243
2461015742
2461220252
2461550936
2460843202
2461203360
2461926251
2461552470
2461746185
2461668254
2461470969
2461031730
2461928708
2461361885
2461860027
2461672415
2462927947
2462617735
2463089250
2462479057
2463132755
2462287435
2462534343
2462988145
2463047834
2462978052
2462509279
2463063078
2462429521
2463049102
2462755300
2462926975
2462822944
2462735745
2462727953
2462379425
2462247848
2463253508
2462948101
2462666165
2462609100
2462389587
2462624643
2462251386
2463164128
2462525743
2462816076
2463084913
2463008349
2462248121
2462991375
2462540843
2463214378
2462798717
2462789056
2462277891
2462953215
2462917508
2462385999
2462768739
2462652353
2462476425
2462844785
2462992113
2462376179
2462821757
2462295335
2463161660
2463147675
2462624640
2463232208
2462379612
2462606875
2462800117
