2405630794;2016-06-01;60;59;true;1;1282;843;1141;Prodota Gmng;2552670;WellPlay Invitational by Vita...;4669##35;27;97##20321748;1116||85375207;933||19757254;1491||73562326;1501||88719902;1225##1;741;938;613;normal;horrible;1238##1;967;144;497;normal;perfect;973##false;-9##true;925;0.7;0.5##true;2408##9;-9||7;327||2;336||6;343||4;370||7;370||2;378||5;539||2;542||3;668||4;675||9;727||2;914||10;921||9;923||5;925||6;929||2;1056||2;1365||2;1437||10;1481||9;1482||7;1485||6;1825||6;1970||7;1979||4;1980||8;1983||1;1985||8;2076||2;2093||3;2094||2;2191||6;2264||6;2732||7;2800||3;3018||2;3021||7;3028||1;3031||5;3044||8;3179||2;3190||7;3197||1;3203||6;3210||3;3211||9;3213||10;3219||10;3393||2;3430||1;3431||7;3435||3;3436||5;3442||4;3447||5;3619##H##2405630794;1000;1000;50
2405526656;2016-06-01;29;59;true;0;1387;9999;9999;Prodota Gmng;2552670;WellPlay Invitational by Vita...;4669##36;14;69##20321748;1612||85375207;1384||19757254;1258||73562326;1448||88719902;1814##1;1255;562;462;perfect;perfect;946##1;536;220;57;horrible;horrible;668##true;48##true;529;1.2;0.4##true;1066##9;48||9;186||9;309||10;329||4;378||6;381||1;385||10;438||8;451||6;479||9;508||5;522||4;523||10;529||6;797||10;802||1;903||7;940||6;948||5;948||8;950||6;1031||8;1033||1;1034||10;1034||6;1174||10;1223||8;1224||9;1224||6;1266||1;1272||6;1370||7;1371||1;1422||3;1501||7;1518||10;1520||6;1525||8;1533||4;1584||8;1589||6;1591||5;1597##L##2405526656;1050;950;44
2415097881;2016-06-05;23;59;true;0;1598;9999;9999;!Rebels!;2790766;WellPlay Invitational by Vita...;4669##39;20;84##20321748;1242||85375207;2882||19757254;2045||73562326;1731||88719902;2570##1;1753;405;660;good;good;916##1;161;550;589;bad;bad;588##true;319##true;643;1.6;1.0##true;1235##8;319||4;342||6;346||2;363||1;365||9;410||7;471||4;475||6;487||8;489||2;497||9;498||1;513||9;600||2;612||6;618||10;643||1;712||3;712||2;725||10;738||8;768||6;773||9;789||9;857||10;898||1;904||6;905||8;905||7;913||9;914||5;972||9;985||2;998||1;998||3;1005||4;1008||6;1090||10;1091||8;1103||7;1109||9;1115||1;1172||10;1212||8;1212||6;1220||9;1223||8;1291||1;1295||6;1299||2;1299||9;1299||10;1307||7;1310||8;1340||5;1355##ML##2415097881;1094;1127;61
2414962996;2016-06-05;31;59;true;1;1147;2093;9999;!Rebels!;2790766;WellPlay Invitational by Vita...;4669##28;18;51##20321748;1107||85375207;868||73562326;1213||19757254;1758||88719902;1751##1;1415;304;394;good;bad;899##1;136;459;-689;bad;good;728##false;148##true;959;0.8;0.7##true;1285##6;148||5;282||8;361||2;365||2;487||3;515||6;520||8;582||6;697||2;816||1;836||3;838||4;884||6;887||8;896||6;955||1;958||2;959||3;963||6;1103||8;1152||6;1158||5;1177||5;1328||3;1368||6;1431||3;1434||4;1434||1;1435||7;1445||3;1460||4;1462||2;1485||8;1559||1;1565||4;1596||3;1598||2;1611||5;1763||7;1795||1;1800||8;1805||3;1810||6;1833##L##2414962996;1155;1066;45
2419873195;2016-06-07;32;59;false;1;1116;994;9999;Danish Bears;2533075;WellPlay Invitational by Vita...;4669##21;42;52##20321748;1824||85375207;1578||19757254;1049||73562326;1115||88719902;627##1;171;168;-14;normal;good;723##1;1194;644;239;normal;bad;906##true;194##true;796;1.0;1.3##false;1522##2;194||3;223||9;265||9;387||5;391||6;398||2;436||6;528||10;553||7;565||9;649||2;651||1;679||5;680||8;720||2;746||5;796||7;830||9;848||6;851||1;852||10;856||8;863||10;922||7;936||9;953||5;965||2;1013||5;1016||7;1135||4;1136||7;1153||6;1162||9;1167||1;1316||6;1319||7;1320||10;1324||6;1416||7;1425||10;1438||9;1444||6;1480||7;1517||8;1524||9;1529||1;1634||3;1635||4;1637||5;1640||10;1710||3;1731||7;1736||6;1765||7;1797||4;1797||9;1813||10;1838##L##2419873195;1200;1103;54
2419750817;2016-06-07;38;59;true;0;1111;1611;9999;Danish Bears;2533075;WellPlay Invitational by Vita...;4669##30;22;63##20321748;1120||85375207;970||19757254;1339||73562326;1486||88719902;1222##1;1043;470;748;horrible;horrible;915##1;459;294;20;perfect;perfect;1007##false;78##false;610;0.6;1.4##true;1636##5;78||4;170||8;240||9;258||5;345||2;360||4;477||1;492||2;498||3;516||8;598||5;602||10;610||2;610||8;696||3;700||1;701||5;778||2;833||6;881||2;939||1;939||10;975||9;1064||4;1071||8;1176||6;1186||10;1190||9;1196||2;1197||10;1282||9;1375||7;1399||10;1463||6;1638||9;1645||6;1803||7;1924||3;1942||9;1942||2;1943||7;1952||9;1967||4;1997||6;2135||9;2152||8;2156||2;2186##H##2419750817;1146;1157;50
2419982182;2016-06-07;53;59;true;0;732;860;1343;Danish Bears;2533075;WellPlay Invitational by Vita...;4669##30;35;63##20321748;1057||85375207;522||19757254;1410||89117038;717||88719902;1580##1;297;495;-1474;horrible;good;946##1;933;610;791;perfect;bad;1153##true;68##false;562;0.6;1.6##false;931##7;68||2;146||5;157||1;252||5;252||1;336||3;356||1;380||7;394||2;449||3;482||4;562||1;603||4;608||1;674||9;683||2;687||8;687||6;693||4;751||8;870||2;881||7;1070||2;1075||2;1148||3;1252||1;1262||8;1274||6;1277||10;1281||8;1354||5;1413||2;1857||6;1886||6;1898||9;1902||2;2057||8;2126||9;2200||6;2211||10;2248||9;2260||5;2262||1;2361||4;2377||1;2542||1;2636||2;2640||6;2647||10;2656||6;2661||7;2683||4;2731||10;2732||9;2734||5;2736||2;2745||2;2977||4;3094||10;3098||6;3103||7;3105||9;3108||5;3156##MH##2419982182;1196;1107;45
2434286660;1241;1260;50
2434067917;1291;1210;46
2434177195;1337;1164;57
2433966081;1280;1221;52
2433852301;1228;1273;62
2450449216;1290;1090;59
2450557369;1231;1149;53
