2291163213;2016-04-13;40;2217730;true;1;1000;1258;9999;Team Freedom Dota 2;2701329##27;19;61##5571849;835||115141430;783||87293485;1470||95145869;1396||1296625;1194##1;658;1024;586;normal;horrible;1083##1;119;401;322;normal;perfect;929##false;69##false;1028##false;1061##7;69||8;378||4;386||6;390||1;397||2;417||7;515||2;636||6;636||3;660||2;706||6;764||10;795||7;827||4;836||2;843||6;938||2;973||3;994||1;994||7;1028||8;1084||6;1274||2;1306||1;1308||10;1308||4;1314||1;1320||5;1436||10;1459||9;1470||6;1480||4;1487||8;1490||7;1509||10;1565||3;1680||2;1695||4;1743||5;1876||1;1886||3;1886||3;2235||5;2239||2;2342||3;2351||5;2370||1;2408##normal##normal##L##2291163213;1000;1000;50
2291216008;2016-04-13;27;2217730;false;1;829;9999;9999;Team Freedom Dota 2;2701329##9;24;28##5571849;679||115141430;907||87293485;540||1296625;1101||95145869;1277##1;696;58;-639;bad;perfect;827##1;1500;977;273;good;horrible;763##true;-27##false;1102##true;1091##5;27||5;163||6;197||4;263||7;288||9;295||7;401||8;546||7;651||2;653||8;678||1;773||9;796||10;799||5;1029||3;1032||1;1033||6;1096||9;1102||8;1109||10;1121||10;1342||4;1346||8;1348||7;1352||9;1367||10;1399||8;1418||7;1433||9;1501||10;1626||8;1642||7;1652||9;1654##normal##normal##ML##2291216008;1050;950;66
2291119423;2016-04-13;38;2217730;false;0;963;878;9999;Team Freedom Dota 2;2701329##13;29;20##5571849;596||115141430;912||87293485;679||1296625;789||95145869;572##1;474;141;590;normal;bad;950##1;1428;700;-143;normal;bad;1028##false;137##false;1069##false;873##4;137||5;141||6;201||10;399||1;421||8;493||4;567||1;711||5;736||6;790||5;941||9;942||10;1022||1;1024||6;1036||9;1046||7;1052||3;1056||1;1069||4;1080||1;1176||8;1189||10;1197||3;1304||4;1353||3;1407||3;1605||5;1615||3;1934||4;1953||10;2065||4;2073||7;2099||1;2240||4;2256||5;2257||3;2276||2;2284||1;2301||5;2302||10;2304||2;2308||3;2313##normal##normal##L##2291119423;984;1016;48
2338664073;2016-05-03;45;2217730;false;1;833;1005;842;Not Today !;1633432##18;39;39##5571849;938||115141430;860||87293485;1003||1296625;543||95145869;976##1;204;601;-476;horrible;bad;1095##1;1977;863;464;perfect;good;1023##false;145##false;695##false;800##9;145||8;242||5;256||7;295||2;365||10;376||1;407||7;457||9;458||7;575||6;582||9;609||10;695||9;699||6;796||9;934||4;961||9;974||2;974||7;976||8;982||9;1059||10;1201||7;1204||4;1204||9;1205||6;1210||2;1210||1;1214||8;1221||8;1348||3;1449||9;1449||2;1453||5;1454||10;1457||3;1458||1;1462||8;1559||7;1701||7;1975||10;2009||1;2062||2;2197||9;2203||1;2204||5;2205||10;2212||4;2215||3;2222||1;2376||10;2382||7;2390##normal##normal##L##2338664073;936;1237;33
2340505062;2016-05-04;41;2217730;false;0;1127;1066;9999;Shazam~;2640099##12;22;23##5571849;696||115141430;722||87293485;1044||1296625;919||95145869;949##1;997;148;345;normal;good;1143##1;782;434;144;normal;bad;915##true;73##false;1700##false;1465##7;73||5;162||8;357||6;371||7;387||2;520||4;533||7;597||6;733||8;977||10;986||7;1025||1;1057||4;1253||4;1429||2;1431||5;1432||3;1436||1;1700||8;1718||9;1860||5;1867||8;1913||4;2157||3;2194||6;2202||5;2217||1;2244||5;2412||1;2416||4;2418##perfect##normal##H##2340505062;903;1007;44
2338733445;2016-05-04;41;2217730;false;1;713;866;9999;Not Today !;1633432##12;31;21##5571849;396||1296625;534||87293485;1105||115141430;703||95145869;965##1;215;178;-326;horrible;bad;821##1;1775;669;557;perfect;good;896##false;38##false;771##false;1115##6;38||2;410||7;517||10;529||10;592||1;709||10;720||2;722||6;723||7;725||4;750||1;755||8;759||9;766||10;771||7;781||7;1161||10;1163||6;1166||2;1168||9;1174||10;1283||6;1286||1;1327||6;1454||8;1978||2;1990||9;1995||10;2002||6;2245||9;2251||8;2256||7;2258||4;2353||6;2362||7;2415||2;2421||10;2425##perfect##perfect##L##2338733445;859;1270;26
2340813766;2016-05-04;21;2217730;false;0;940;9999;9999;Team Freedom Dota 2;2701329##10;31;24##5571849;848||1296625;1183||87293485;476||115141430;633||95145869;774##1;310;396;-937;horrible;bad;729##1;1265;573;703;perfect;good;935##false;77##false;424##false;940##3;77||6;103||2;111||2;133||1;136||4;152||1;212||10;215||10;256||9;260||3;309||4;357||3;424||4;460||10;466||3;478||4;567||3;585||9;709||4;813||1;819||8;863||3;877||4;1046||1;1053||2;1067||5;1128||8;1134||2;1140||9;1145||1;1146||3;1147||10;1181||5;1202||2;1203||1;1223##bad##bad##ML##2340813766;833;1016;42
2340610550;2016-05-04;38;2217730;false;0;1058;952;9999;Shazam~;2640099##9;34;22##5571849;759||1296625;937||87293485;1090||115141430;998||95145869;749##1;1058;123;399;bad;good;771##1;819;965;131;good;bad;1183##true;186##false;1260##false;1143##9;186||10;252||4;259||4;417||7;435||10;451||2;451||10;538||1;553||4;576||2;850||3;880||1;996||2;1260||4;1264||1;1267||8;1267||10;1778||1;1779||8;1817||1;1844||5;1855||4;1867||10;1867||3;1870||2;1878||4;1990||2;1999||3;2004||7;2004||1;2007||5;2010||1;2035||4;2062||8;2069||3;2081||2;2088||2;2263##perfect##normal##L##2340610550;791;1051;33
2338939216;2016-05-04;28;2217730;false;0;818;9999;9999;Dragon Slayerzzz;2837183##10;24;24##5571849;919||115141430;634||87293485;724||1296625;471||95145869;1098##1;329;60;-344;bad;bad;852##1;611;638;744;good;good;1076##false;310##false;1224##false;1070##4;310||2;317||7;427||5;538||8;583||3;593||6;596||1;608||4;613||2;721||3;727||8;762||7;927||6;932||3;1019||2;1224||5;1339||3;1390||5;1420||2;1429||2;1520||2;1606||6;1644||1;1647||8;1647||5;1651||4;1652||3;1671||2;1701##normal##normal##ML##2338939216;758;984;38
2338873042;2016-05-04;43;2217730;true;1;925;1488;9999;Dragon Slayerzzz;2837183##19;12;33##5571849;696||1296625;921||87293485;1203||95145869;1165||115141430;1388##1;1441;305;321;normal;bad;1236##1;488;134;298;normal;normal;1139##false;372##true;2242##true;1236##8;372||3;597||6;726||9;748||3;790||2;814||9;888||3;893||5;900||7;911||6;948||8;1114||5;1124||9;1133||3;1709||1;1975||5;2019||2;2242||10;2249||7;2372||3;2374||4;2378||1;2407||1;2587||3;2593||10;2602##normal##normal##H##2338873042;720;1022;70
2340752683;2016-05-04;51;2217730;true;0;1299;1365;1278;Team Freedom Dota 2;2701329##36;19;63##5571849;1235||115141430;1374||87293485;2078||1296625;1172||95145869;685##1;1362;597;465;normal;good;954##1;469;5;-27;normal;bad;1004##true;-8##true;689##false;802##7;-8||5;268||8;280||8;340||4;363||10;453||3;474||4;546||5;577||6;590||10;592||9;641||5;667||10;673||1;673||4;677||6;677||7;689||5;737||4;829||9;835||9;996||10;998||7;1006||5;1093||4;1095||6;1191||5;1196||6;1361||7;1381||8;1403||1;1424||9;1820||10;2035||10;2117||8;2134||1;2144||9;2565||7;2580||10;2595||8;2625||6;2636||10;2860||10;2945||6;2952||7;2967||5;2985||1;3038##bad##bad##H##2340752683;790;1066;67
2354350171;2016-05-10;49;2217730;true;0;1123;1320;1326;Team Freedom Dota 2;2701329##29;23;52##5571849;835||115141430;1034||87293485;1488||1296625;1222||95145869;1311##1;914;464;792;bad;perfect;1348##1;671;396;9;good;horrible;1125##true;-17##false;1012##true;1440##10;-17||7;37||3;145||7;265||6;445||9;540||6;619||5;665||2;716||1;801||4;862||1;888||4;983||3;985||9;988||2;1002||1;1012||2;1101||7;1188||8;1224||1;1226||9;1232||5;1507||3;1513||3;1527||1;1579||10;1650||7;1748||9;1799||1;1991||9;2160||7;2199||6;2207||10;2213||9;2241||8;2244||1;2287||8;2288||3;2297||3;2305||10;2327||5;2436||5;2602||6;2677||2;2709||9;2942||8;2948##normal##normal##H##2354350171;857;974;56
2354446922;2016-05-10;21;2217730;true;0;1225;9999;9999;EnemyGG;2634364##26;9;48##5571849;1701||115141430;1298||87293485;1323||1296625;928||95145869;1665##1;661;523;340;perfect;perfect;904##1;0;444;33;horrible;horrible;797##true;36##true;697##false;9999##8;36||8;70||7;112||8;186||9;231||8;283||4;283||2;291||5;327||8;440||4;688||7;690||9;697||9;784||8;787||6;790||6;856||7;937||6;940||9;941||8;1044||4;1045||10;1055||7;1131||9;1146||8;1201||2;1221||9;1225||6;1234##bad##bad##ML##2354446922;913;803;47
2354418263;2016-05-10;24;2217730;true;1;1098;9999;9999;EnemyGG;2634364##15;8;34##5571849;783||1296625;1280||87293485;1753||115141430;708||95145869;1544##1;1873;326;805;good;bad;947##1;0;50;561;bad;good;885##false;114##true;990##true;1164##9;114||9;312||7;386||8;389||2;654||3;711||5;738||5;798||9;818||10;834||7;874||1;978||2;980||3;985||5;987||4;990||9;1060||5;1107||2;1117||4;1302||5;1368##bad##bad##L##2354418263;960;756;36
2354275687;2016-05-10;40;2217730;false;1;922;1075;9999;Team Freedom Dota 2;2701329##11;30;26##5571849;741||95145869;351||87293485;1250||115141430;973||1296625;955##1;345;164;423;bad;bad;1169##1;621;523;-243;good;good;987##false;116##false;1033##true;1150##6;116||7;370||10;423||5;435||1;553||3;577||5;608||7;626||10;641||1;695||6;763||10;783||7;919||10;971||4;984||9;1033||10;1184||5;1195||6;1199||6;1315||10;1318||6;1646||9;1649||10;1709||10;1819||7;1877||9;1957||10;1978||9;2067||7;2094||8;2114||3;2229||4;2235||6;2239||5;2240##bad##normal##H##2354275687;996;918;54
2358588779;2016-05-12;36;2217730;true;0;1178;1636;9999;EverNovaS;2791586##28;29;62##5571849;956||115141430;1651||87293485;1593||1296625;1043||95145869;940##1;730;527;806;horrible;good;1298##1;751;273;83;perfect;bad;963##true;-21##false;440##false;1025##10;-21||1;89||8;200||5;217||5;274||4;365||1;379||9;385||4;401||3;434||1;440||4;540||8;542||5;608||2;743||1;745||8;746||9;746||6;749||4;758||8;868||6;915||10;917||3;918||1;934||8;957||1;1085||5;1125||4;1133||10;1219||8;1227||4;1315||7;1318||5;1430||8;1457||2;1536||8;1580||4;1614||8;1709||10;1774||7;1815||5;1831||6;1832||9;1983||5;2061||7;2095||6;2100||1;2104||8;2106||4;2106||10;2107||9;2139||5;2183##bad##bad##H##2358588779;942;809;41
2358513462;2016-05-12;42;2217730;true;1;1035;1415;9999;EverNovaS;2791586##30;13;51##5571849;607||1296625;1168||87293485;1549||115141430;1287||95145869;1824##1;1305;100;1084;good;bad;1212##1;425;506;85;bad;good;1307##false;46##true;1025##true;1476##10;46||5;515||2;578||8;679||5;740||3;759||8;786||3;883||1;924||1;1012||5;1019||2;1025||3;1112||5;1124||10;1184||5;1327||2;1360||7;1361||4;1428||5;1564||7;1655||1;2003||6;2009||2;2010||5;2171||7;2196||5;2302||1;2323||2;2325||8;2326||6;2344||7;2363||4;2419||1;2420||5;2427||3;2497||8;2521##bad##bad##L##2358513462;983;768;36
2360954979;2016-05-13;33;2217730;false;0;957;990;9999;Dragon Slayerzzz;2837183##11;21;22##5571849;715||115141430;803||87293485;793||1296625;867||95145869;866##1;577;300;803;normal;horrible;834##1;973;363;1437;normal;perfect;1379##false;76##false;1303##false;1063##1;76||4;199||3;324||7;588||4;726||5;757||6;757||2;764||4;919||6;976||10;979||6;1119||9;1258||2;1294||6;1295||3;1303||9;1346||3;1364||10;1369||5;1378||2;1500||6;1506||4;1509||5;1515||5;1847||4;1849##normal##nice##L##2360954979;1019;1072;47
2366143808;2016-05-15;40;2217730;true;1;975;1414;9999;EverNova;2447557##26;21;51##7910302;798||115141430;1058||87293485;1841||1296625;1206||95145869;1138##1;1089;674;223;normal;bad;1171##1;924;104;-107;normal;good;952##false;57##false;1259##true;1017##7;57||5;76||1;82||2;127||5;166||9;181||2;401||6;707||10;729||1;794||6;799||9;935||9;1018||7;1079||2;1106||10;1211||1;1252||9;1259||2;1376||6;1402||7;1470||9;1540||3;1590||9;1695||9;1821||6;1883||9;1901||7;1942||10;1953||6;1974||1;2058||2;2103||4;2106||3;2113||1;2133||3;2230||1;2235||4;2240||2;2249||3;2353||7;2355||1;2357||2;2362##normal##normal##H##2366143808;972;1128;58
2366092567;2016-05-15;27;2217730;true;1;1495;9999;9999;EverNova;2447557##25;12;51##7910302;891||1296625;1148||87293485;1659||115141430;2026||95145869;700##1;706;424;926;perfect;perfect;862##1;553;188;541;horrible;horrible;876##true;51##true;851##true;525##4;51||4;135||1;318||7;320||10;746||4;783||1;786||2;797||4;848||5;851||6;855||1;860||2;860||3;866||2;956||6;980||9;983||6;1132||3;1155||1;1161||7;1182||2;1318||10;1318||10;1414||1;1480||4;1484||2;1500||5;1531||3;1573||10;1608##nice##normal##ML##2366092567;1030;1070;62
2368326893;2016-05-16;37;2217730;true;1;1137;1858;9999;paiN Gaming;67##30;14;44##7910302;1094||1296625;920||87293485;1553||115141430;1886||95145869;1125##1;1084;740;337;good;perfect;988##1;429;-79;514;bad;horrible;847##true;-30##true;931##true;899##1;-30||4;188||5;230||7;237||5;347||2;365||6;402||4;430||7;664||6;675||5;700||8;780||5;785||4;793||5;931||8;1021||1;1039||2;1099||2;1233||4;1248||1;1250||5;1257||4;1349||2;1351||2;1439||1;1495||10;1511||6;1528||2;1543||10;1714||2;1732||9;1759||10;1844||9;1876||6;1883||2;1957||1;2044||2;2044||3;2057||7;2057||4;2225##bad##normal##L##2368326893;1092;848;35
2368456767;2016-05-17;52;2217730;false;1;1264;1662;958;Digital Chaos;2512249##21;26;41##7910302;905||1296625;983||87293485;1445||115141430;1149||95145869;542##1;1263;462;819;good;perfect;839##1;515;481;-357;bad;horrible;1313##true;43##true;966##true;1119##5;43||5;100||4;186||5;309||6;314||2;323||1;416||7;422||3;466||1;474||6;498||6;548||1;966||4;1078||10;1178||3;1217||1;1270||5;1386||10;1489||2;1505||1;1530||6;1753||7;1987||6;1994||5;1999||4;2006||2;2012||6;2213||7;2215||9;2225||8;2242||10;2301||7;2306||3;2323||5;2335||7;2900||6;2961||1;3004||10;3010||7;3013||9;3018||8;3034##normal##perfect##MH##2368456767;1127;1544;22
2368520313;2016-05-17;26;2217730;false;0;1078;9999;9999;Digital Chaos;2512249##9;29;19##7910302;740||115141430;763||87293485;444||1296625;854||95145869;1094##1;396;202;-619;bad;normal;813##1;1256;387;556;good;normal;989##false;123##false;844##false;1250##5;123||6;125||10;360||2;379||3;405||4;407||1;446||3;500||5;521||8;528||9;537||3;572||9;645||7;697||9;818||3;844||4;849||3;923||4;987||1;1047||4;1110||1;1209||4;1209||9;1217||2;1225||3;1249||2;1335||4;1374||1;1375||3;1388||1;1472||4;1528||3;1540##normal##perfect##ML##2368520313;1105;1625;27
2370475520;2016-05-18;26;2217730;false;1;1190;9999;9999;Infamous -_^;2672298##17;29;37##7910302;988||1296625;950||87293485;1302||115141430;1058||95145869;778##1;732;362;-484;normal;horrible;672##1;1455;377;807;normal;perfect;878##false;14##true;862##false;815##6;14||6;143||10;388||5;391||4;402||3;479||10;512||5;513||5;622||3;677||6;677||8;680||1;689||9;694||6;710||5;715||2;726||2;862||9;871||6;876||5;891||10;1055||7;1056||4;1145||3;1154||2;1155||8;1159||7;1162||10;1163||5;1164||6;1212||9;1243||8;1250||2;1318||10;1319||7;1321||4;1323||10;1463||6;1466||8;1469||9;1475##bad##bad##L##2370475520;1078;813;66
2370514157;2016-05-18;27;2217730;true;1;1452;9999;9999;Infamous -_^;2672298##26;17;55##7910302;761||1296625;1919||87293485;1759||115141430;942||95145869;1444##1;1493;398;714;good;good;1015##1;414;398;41;bad;bad;843##true;105##true;824##true;1362##1;105||7;157||6;170||10;388||3;434||1;509||4;555||9;567||5;644||3;662||5;694||4;701||5;811||6;818||9;822||10;828||3;834||2;844||5;915||9;933||10;955||4;956||2;976||8;977||7;980||6;987||5;1033||7;1149||1;1227||4;1266||2;1276||4;1398||1;1401||4;1528||5;1572||10;1574||8;1593##normal##normal##L##2370514157;1012;879;42
2376968154;2016-05-20;32;2217730;true;0;981;1654;9999;Dragon Slayerzzz;2837183##18;8;32##7910302;955||115141430;1704||87293485;1624||1296625;1081||95145869;782##1;1361;596;-158;good;bad;986##1;181;127;602;bad;good;1026##false;145##true;1376##true;1227##5;145||6;207||5;233||10;280||8;335||6;393||1;505||9;641||3;707||2;756||10;875||6;901||6;1004||10;1160||1;1207||10;1376||7;1433||1;1439||6;1440||10;1477||5;1555||6;1593||8;1627||6;1762||7;1769##normal##nice##L##2376968154;1054;1180;55
2377091346;2016-05-20;39;2217730;false;0;1287;1191;9999;Dragon Slayerzzz;2837183##19;28;42##7910302;797||115141430;977||87293485;1431||1296625;697||95145869;1257##1;849;315;661;normal;normal;1161##1;608;662;437;normal;good;1316##false;164##false;1189##false;1091##5;164||8;171||9;388||3;574||5;577||1;582||4;602||9;722||4;855||10;858||6;862||9;869||8;990||4;1086||6;1086||10;1088||1;1097||5;1116||5;1189||10;1189||6;1193||8;1219||2;1283||6;1306||1;1329||4;1464||6;1469||10;1479||6;1611||10;1702||9;1704||7;1712||1;1712||4;1725||5;1858||1;1864||3;1866||2;1959||6;1960||1;2254||3;2259||4;2264||5;2266##normal##normal##H##2377091346;1109;1062;52
2377038358;2016-05-20;27;2217730;false;1;1006;9999;9999;Dragon Slayerzzz;2837183##9;17;25##7910302;975||1296625;984||87293485;842||115141430;649||95145869;1177##1;550;182;-212;bad;good;869##1;1817;306;985;good;bad;1455##true;209##false;1314##false;943##3;209||10;258||1;275||5;286||9;363||10;424||10;499||6;506||6;550||4;559||1;632||1;836||10;904||5;1045||6;1264||7;1271||10;1314||8;1328||4;1347||6;1633||9;1640||1;1640||4;1651##normal##normal##L##2377038358;1057;1155;45
2377195937;2016-05-21;40;2217730;false;0;1124;1343;9999;Not Today !;1633432##24;42;47##7910302;997||1296625;1042||87293485;1042||115141430;902||95145869;1193##1;418;408;464;bad;bad;1159##1;1303;1309;909;good;good;1012##false;39##false;645##false;879##5;39||10;151||4;182||9;277||5;279||5;353||4;456||9;466||10;496||1;497||3;510||8;593||4;640||1;643||2;645||8;648||3;652||10;691||7;737||1;743||3;746||5;795||9;878||6;882||6;897||7;905||8;908||1;993||3;1289||7;1393||10;1440||1;1443||1;1566||3;1576||2;1580||9;1582||8;1602||4;1607||9;1675||1;1681||6;1684||10;1687||4;1706||8;1711||2;1722||7;1752||10;1909||9;1915||3;1921||4;1927||3;2115||2;2123||1;2131||4;2176||3;2184||5;2199||2;2204||8;2209||1;2211||10;2214||4;2252||5;2331||2;2339||1;2349||9;2423##normal##normal##H##2377195937;1012;976;51
2387297898;2016-05-25;36;2217730;false;1;973;1049;9999;EnemyGG;2634364##12;19;28##7910302;724||1296625;878||87293485;916||115141430;1298||117956848;1101##1;340;134;556;good;normal;1057##1;1371;578;421;bad;normal;1463##false;175##true;1910##false;1742##8;175||3;178||4;410||5;558||5;772||1;801||10;1175||2;1354||9;1470||3;1503||3;1645||6;1722||7;1725||10;1740||6;1903||5;1909||1;1910||9;1954||7;2019||5;2033||10;2044||2;2046||8;2056||6;2059||9;2095||8;2149||7;2152##bad##bad##L##2387297898;961;838;57
2387176432;2016-05-25;36;2217730;true;1;1228;1741;9999;EnemyGG;2634364##33;21;76##7910302;1042||115141430;1136||87293485;2354||1296625;1746||117956848;1356##1;1150;529;432;normal;horrible;1233##1;283;275;862;normal;perfect;956##false;6##false;859##true;1408##10;6||6;212||5;273||10;278||4;390||10;392||9;394||4;503||5;504||7;586||6;596||6;675||2;682||3;699||1;715||6;858||10;859||5;860||8;861||9;877||5;1028||2;1030||4;1038||6;1039||5;1158||2;1167||4;1245||5;1246||2;1247||5;1367||3;1370||4;1460||10;1558||4;1578||9;1628||8;1628||7;1628||10;1637||6;1637||3;1642||3;1798||10;1846||1;1848||5;1854||4;1896||6;2054||7;2062||4;2066||2;2069||3;2070||1;2081##bad##bad##H##2387176432;904;895;49
2387234162;2016-05-25;36;2217730;false;0;814;1120;9999;EnemyGG;2634364##15;30;35##7910302;1231||115141430;816||87293485;908||1296625;796||117956848;877##1;244;481;-83;bad;horrible;997##1;1348;165;851;good;perfect;1405##false;0##false;1016##false;1350##2;0||3;9||8;102||10;306||4;317||8;326||8;437||4;483||10;580||3;634||7;812||1;840||4;859||9;960||1;970||4;983||5;1016||1;1038||7;1044||4;1047||2;1054||4;1201||6;1256||10;1265||4;1501||2;1508||1;1524||5;1607||8;1607||1;1660||4;1661||2;1674||2;1737||4;1751||5;1756||4;1822||10;1823||7;1827||9;1828||3;2199##bad##bad##L##2387234162;953;846;56
