2848129547;2016-12-15;48;5;true;1;LGD.Forever Young;3331948;Dota 2 Professional League 2016;4920;1;Invictus Gaming##29;34;94##140153524;Ogre Magi;257;336;2;6;20;8200;0;442||205813150;Dragon Knight;538;535;8;7;16;25400;180;4200||129958758;Batrider;335;363;4;9;20;16300;40;521||207829314;Dazzle;269;323;2;8;23;5300;16200;722||103347469;Luna;729;568;13;4;15;49800;0;11100||Disruptor;Mirana;Clockwerk;Lifestealer;Bounty Hunter##2848129547;1000;1000;50;1000;1000
2847945133;2016-12-15;20;5;false;1;LGD.Forever Young;3331948;Dota 2 Professional League 2016;4920;1;Invictus Gaming##7;20;19##140153524;Mirana;275;258;3;3;2;4500;0;0||205813150;Legion Commander;337;307;2;5;4;8100;930;406||129958758;Sand King;292;295;1;3;5;6900;0;107||207829314;Silencer;187;179;0;4;5;4800;0;0||103347469;Slark;365;388;1;5;3;3200;0;77||Rubick;Dragon Knight;Omniknight;Luna;Pudge##2847945133;1050;950;50;1050;950
2872704848;2016-12-26;14;5;true;0;Team DuoBao;2208748;SL i-League StarSeries S3;5077;3;Invictus Gaming##11;2;29##140153524;Undying;269;240;1;0;7;1000;414;826||205813150;Ember Spirit;423;416;2;1;4;3700;130;240||129958758;Dark Seer;438;416;1;0;7;2700;586;549||207829314;Rubick;328;248;5;0;5;4500;384;664||90892734;Juggernaut;472;353;2;1;6;2700;0;2600||Mirana;Ogre Magi;Axe;Disruptor;Luna##2872704848;1000;1050;50;1000;1000
2872642341;2016-12-26;15;5;true;1;Team DuoBao;2208748;SL i-League StarSeries S3;5077;3;Invictus Gaming##18;5;51##140153524;Shadow Demon;291;297;4;1;13;2900;400;577||205813150;Ember Spirit;437;342;7;2;9;9200;205;726||129958758;Slardar;371;404;1;1;8;2300;0;349||207829314;Mirana;287;256;1;1;10;3000;0;290||90892734;Juggernaut;515;402;5;0;11;5800;0;3200||Templar Assassin;Bounty Hunter;Clockwerk;Lion;Lifestealer##2872642341;1050;1000;50;1050;950
2874629195;2016-12-27;37;5;true;1;MAX.Y;2854942;SL i-League StarSeries S3;5077;4;Invictus Gaming##26;12;73##140153524;Undying;285;297;2;2;20;5300;2300;556||205813150;Ember Spirit;584;666;9;2;11;22500;0;894||129958758;Batrider;393;410;1;3;17;10400;36;277||207829314;Rubick;395;385;9;4;10;10500;0;1500||90892734;Luna;734;571;5;1;15;27600;0;11700||Pudge;Dazzle;Queen of Pain;Weaver;Sand King##2874629195;1100;1000;50;1000;1000
2874710324;2016-12-27;37;5;true;0;MAX.Y;2854942;SL i-League StarSeries S3;5077;4;Invictus Gaming##32;18;84##140153524;Spirit Breaker;274;306;2;7;25;5600;31;671||205813150;Queen of Pain;574;631;12;3;17;29500;32;4200||129958758;Clockwerk;373;477;1;4;14;10200;0;418||207829314;Rubick;377;384;10;2;13;12700;4000;690||90892734;Lifestealer;616;742;7;2;15;22100;2100;5300||Ursa;Dazzle;Slardar;Shadow Fiend;Bounty Hunter##2874710324;1150;950;50;1050;950
2875201550;2016-12-27;17;5;true;1;;3456993;SL i-League StarSeries S3;5077;5;Invictus Gaming##22;2;43##140153524;Undying;313;289;3;1;10;2600;214;149||205813150;Queen of Pain;548;486;7;1;7;10300;169;942||129958758;Slardar;350;388;2;0;12;2900;0;67||207829314;Rubick;377;390;6;0;6;5800;280;329||90892734;Lifestealer;579;475;4;0;8;9100;96;3100||Legion Commander;Shadow Fiend;Clockwerk;Dazzle;Weaver##2875201550;1200;900;50;1000;1000
2875277415;2016-12-27;12;5;true;0;;3456993;SL i-League StarSeries S3;5077;5;Invictus Gaming##10;1;23##140153524;Dazzle;290;225;1;0;8;3100;2700;620||205813150;Templar Assassin;539;437;2;0;2;3200;0;1600||129958758;Sand King;476;381;3;0;5;5400;0;120||207829314;Rubick;327;253;3;0;5;2500;198;663||90892734;Lifestealer;445;371;1;1;3;2500;309;1500||Slardar;Storm Spirit;Night Stalker;Oracle;Juggernaut##2875277415;1250;850;50;1050;950
2881841250;2016-12-30;36;5;true;1;LGD-GAMING;15;Dota 2 Professional League 2016;4920;2;Invictus Gaming##23;7;65##140153524;Visage;403;349;3;1;18;5600;1600;3400||205813150;Outworld Devourer;591;518;9;1;5;15400;0;2800||129958758;Slardar;384;426;0;1;18;5000;0;386||207829314;Rubick;290;309;2;3;13;4600;3900;631||90892734;Weaver;646;542;9;1;11;16100;0;9300||Lina;Batrider;Ember Spirit;Chaos Knight;Ogre Magi##2881841250;1300;1300;50;1000;1045
2881964961;2016-12-30;50;5;false;0;LGD-GAMING;15;Dota 2 Professional League 2016;4920;2;Invictus Gaming##27;32;72##140153524;Rubick;273;354;3;6;17;8800;0;667||205813150;Storm Spirit;502;544;4;7;13;14400;9600;1900||129958758;Legion Commander;384;395;6;7;13;19500;324;2500||207829314;Io;231;316;1;8;19;5700;8500;610||90892734;Juggernaut;668;552;13;4;10;24900;0;5900||Vengeful Spirit;Batrider;Outworld Devourer;Luna;Weaver##2881964961;1350;1250;50;1052;993
2882133049;2016-12-30;37;5;false;1;LGD-GAMING;15;Dota 2 Professional League 2016;4920;2;Invictus Gaming##24;42;75##140153524;Undying;296;368;5;12;18;9300;3800;17||205813150;Phantom Assassin;392;487;7;9;12;14200;0;298||129958758;Batrider;326;433;3;6;14;11300;0;0||207829314;Rubick;292;387;7;7;15;13700;0;213||90892734;Luna;575;629;2;8;16;20800;0;833||Ogre Magi;Legion Commander;Sniper;Timbersaw;Disruptor##2882133049;1300;1300;50;1000;1045
2890835722;2017-01-03;25;5;true;0;EHOME.KEEN;2626685;SL i-League StarSeries S3;5077;3;Invictus Gaming##33;9;74##140153524;Visage;425;410;8;0;14;9800;750;2900||205813150;Tinker;530;543;6;2;12;13100;400;44||129958758;Slardar;359;452;2;3;21;6500;0;331||207829314;Ogre Magi;356;473;3;4;15;6400;2700;938||90892734;Lifestealer;705;687;14;0;12;22000;991;6600||Rubick;Weaver;Spirit Breaker;Templar Assassin;Clockwerk##2890835722;1250;1000;50;1094;822
2890923009;2017-01-03;34;5;true;1;EHOME.KEEN;2626685;SL i-League StarSeries S3;5077;3;Invictus Gaming##45;20;85##140153524;Rubick;352;499;8;5;17;11600;3300;601||205813150;Outworld Devourer;633;801;15;2;9;31100;180;2600||129958758;Clockwerk;358;432;7;8;21;20700;90;312||207829314;Sand King;381;490;6;3;22;11800;0;0||90892734;Lifestealer;590;696;9;2;16;26900;3400;6100||Ogre Magi;Nyx Assassin;Sniper;Bloodseeker;Underlord##2890923009;1300;950;50;1127;789
2893297350;2017-01-04;35;5;true;1;LGD-GAMING;15;SL i-League StarSeries S3;5077;2;Invictus Gaming##40;17;112##140153524;Visage;408;388;7;3;18;11700;2400;2600||205813150;Queen of Pain;526;641;6;2;21;19200;180;3300||129958758;Batrider;410;495;12;3;24;15100;0;362||207829314;Ogre Magi;313;368;5;4;27;8300;1600;390||90892734;Luna;775;761;10;5;22;26100;0;9900||Disruptor;Shadow Fiend;Clockwerk;Timbersaw;Nyx Assassin##2893297350;1350;1350;50;953;1092
