2849873307
2849636859
2847629338
2847184720
2847180111
2893297350
2893170323
2893059769
2892880643
2892793694
2892749771
2891245960
2891146128
2890923009
2890835722
2890672917
2890588310
2889067403
2888927298
2888663060
2888569966
2888351368
2888290709
2888261438
2886701914
2886560809
2886397114
2886390051
2886231602
2886032793
2885942991
2879994794
2879848882
2879811079
2879698998
2879698687
2879582382
2879570085
2879545672
2879452093
2879450018
2879365916
2879352351
2877655216
2877527302
2877435617
2877303459
2877233331
2877205445
2877126361
2877121679
2875452710
2875296755
2875277415
2875215155
2875201550
2875084574
2875001438
2874954033
2874890456
2874886020
2874710324
2874688069
2874629195
2874626864
2873258227
2873139009
2873057000
2872955806
2872947875
2872726075
2872704848
2872642341
2872631827
2855734938
2855630123
2855592278
2855548886
2855356882
2855351872
2855210541
2855199219
2855075753
2854997892
2854984190
2850222899
2850203131
2850065295
2850029829
2849916227
2849827588
2849788996
2849728090
2849708056
2847980316
2847857509
2892451836
2892423126
2892418797
2890487791
2890422560
2890381721
2890309793
2890243156
2891913151
2891812312
2890039153
2889933497
2889826686
2889713298
2889611758
2883218922
2883118609
2882995256
2882883654
2882758368
2882663618
2882494736
2880833899
2880758659
2880655218
2880568257
2880436994
2880331610
2878625462
2878430690
2878324926
2878223872
2878110644
2891693725
2889173079
2889155870
2888860130
2885178557
2885087204
2879301795
2879125670
2879038306
2875521694
2875352553
2875154580
2870878737
2868735610
2864488314
2864248682
2859436941
2855256533
2855118796
2848135979
2847970339
2884321635
2884167941
2884054852
2883749589
2883642981
2882133049
2881964961
2881841250
2881540459
2881447593
2881307600
2881229185
2881143717
2874859028
2874750028
2874661870
2874574677
2874447274
2874399645
2860050176
2859956166
2859816969
2859738730
2859638646
2859494506
2857992347
2857921062
2857676981
2857592475
2857435834
2857369863
2848129547
2847945133
2847753812
2847520490
2847434099
2847337046
2847256008
2883299910
2883261222
2883164402
2881147903
2881075189
2880938977
2880891685
2876456125
2876401628
2876355687
2876283858
2876102566
2874166439
2874122448
2873645447
2867313126
2867248508
2867122331
2867082313
2866899043
2866803968
2866737613
2865407363
2865355375
2865254289
2865192798
2865187998
2865109136
2865010702
2864957079
2864688459
2863316093
2863254440
2863214069
2863130634
2863093560
2863053784
2862714059
2862612374
2861216742
2861176019
2861060618
2861008671
2861006545
2860934630
2860843855
2860719881
2860481732
2858815774
2858766666
2858565269
2858417197
2858296744
2856977455
2856917049
2856714992
2856631941
2856155962
2856006096
2854429564
2854337685
2854225914
2854197474
2854131548
2854011714
2853884605
2853313842
2851715878
2851630410
2851545915
2851503396
2851421165
2851337465
2851279051
2851182574
2851099538
2850827652
2850643094
2849273420
2849220596
2849149873
2849112886
2849058593
2848964766
2873311349
2872934827
2872840052
2872625571
2872557788
2872356307
2872300334
2864954957
2864869665
2864768766
2864647167
2860641055
2860590350
2860477668
2858395990
2858278765
2856635237
2856550666
2856483621
2856361850
2856255786
2856145250
2853906928
2853817438
2853597033
2853451399
2864187320
2864078890
2863938550
2863768797
2863682000
2862091025
2861952587
2861848120
2861759313
2861723946
2861681825
2861606428
2859801704
2859696836
2847758579
2847638494
2859643364
2859520032
2851651183
2856771721
2856726141
2856634799
2856435885
2856311976
2854220478
2854152634
2854040367
2856468143
2856384322
2853924531
2851265552
2851124241
2856200458
2856057136
2855897715
2855758456
2855554752
2855465660
2855351616
2855261811
2855132230
2853106495
2853002873
2852886336
2852679528
2850549700
2850372137
2850270756
2850183989
2850116842
2848215176
2848046788
2848042031
2896265083
2895808016
2895626038
2895480406
2895263790
2895186890
2893416032
2896268274
2896176937
2896017944
2896032732
2894216727
2893954977
2893856803
2894723807
2894641729
2894612063
2894520995
2894448084
2894201470
2894107017
2893967451
2897415426
2897407468
2897294037
2897190211
2897155244
2897074199
2897064589
2897061225
2897057724
2855799304
2855649374
2855435364
2855228818
2855076213
2854916529
2854672720
2854583374
2854492745
2854488935
2854477756
2854372437
2854356568
2854352330
2852513305
2852455317
2852303205
2852298859
2852293444
2852257227
2852132510
2852129667
2852087678
2852072864
2851970277
2851942111
2851792825
2851773789
2851769389
2851663125
2851655260
2851634213
2848412039
2848160849
2847937012
2896981595
2896908225
2896713980
2896644819
2896749779
2896699647
2896540051
2896477872
2896452681
2896502847
2896442533
2896415118
2900410744
2900244171
2900041187
2899868494
2899672816
2899561092
2899438605
2899277641
2899199807
2898057696
2897839994
2897669822
2897508853
2900356096
2900147069
2898833619
2898766072
2898675647
