2849873307
2849755256
2849636859
2849553097
2849458439
2847629338
2847561640
2847499557
2847302419
2847295846
2847184720
2847180111
2893420548
2893384185
2893340927
2893318641
2893316812
2893304661
2893290376
2893262608
2893249708
2893249636
2893211939
2893208391
2893191360
2893162995
2893142708
2893139503
2893108200
2893105842
2893104789
2893058612
2893052852
2893042425
2893034224
2893016672
2893005122
2892988149
2892975929
2892948450
2892948418
2892944070
2892900295
2892884253
2892881251
2892880160
2892824634
2892818173
2892813721
2892774879
2892761624
2892746439
2892734012
2892733968
2892693197
2892636885
2892542092
2892517159
2892446860
2892386105
2892316534
2892247466
2892201790
2892186918
2892163237
2892153401
2892117400
2892114842
2892114030
2892100064
2892065439
2892050475
2892044799
2892000460
2891994430
2891969716
2891969317
2891945155
2891942492
2891932997
2891897898
2891888620
2891879824
2891869285
2891851100
2891849797
2891847132
2891846249
2891823312
2891807258
2891802796
2891759336
2891744959
2891727292
2891724768
2891723487
2891719629
2891707103
2891691192
2891648831
2891636858
2891621595
2891618664
2891614226
2891610589
2891593706
2893297350
2893170323
2893059769
2892880643
2892793694
2892749771
2891245960
2891146128
2890923009
2890835722
2890672917
2890588310
2889067403
2888927298
2888663060
2888569966
2888351368
2888290709
2888261438
2886701914
2886560809
2886397114
2886390051
2886370373
2886231602
2886032793
2885942991
2879994794
2879848882
2879811079
2879698998
2879698687
2879582382
2879570085
2879545672
2879452093
2879450018
2879365916
2879352351
2877655216
2877527302
2877435617
2877303459
2877233331
2877205445
2877126361
2877121679
2875452710
2875296755
2875277415
2875215155
2875201550
2875192015
2875084574
2875001438
2874954575
2874954033
2874890456
2874886020
2874710324
2874688069
2874629195
2874626864
2873258227
2873139009
2873057000
2872955806
2872947875
2872726075
2872704848
2872642341
2872631827
2855734938
2855630123
2855592278
2855548886
2855535955
2855518688
2855356882
2855351872
2855210541
2855199219
2855075753
2855057128
2854997892
2854984190
2854949894
2850222899
2850203131
2850065295
2850029829
2849916227
2849827588
2849788996
2849728090
2849708056
2849701975
2847980316
2847857509
2892451836
2892423126
2892418797
2890487791
2890467393
2890422560
2890381721
2890309793
2890243156
2891913151
2891812312
2890039153
2889933497
2889826686
2889713298
2889611758
2883218922
2883118609
2882995256
2882883654
2882758368
2882663618
2882494736
2880833899
2880758659
2880655218
2880568257
2880436994
2880331610
2878625462
2878430690
2878324926
2878223872
2878110644
2891693725
2891501083
2865734149
2862478939
2862432398
2862224325
2889173079
2889155870
2888860130
2885178557
2885087204
2879301795
2879125670
2879038306
2879014429
2875521694
2875352553
2875319230
2875154580
2870878737
2868735610
2864488314
2864248682
2859436941
2855256533
2855118796
2848135979
2848097019
2847970339
2884321635
2884167941
2884054852
2883749589
2883642981
2882133049
2881964961
2881841250
2881540459
2881447593
2881307600
2881229185
2881143717
2874859028
2874750028
2874661870
2874574677
2874447274
2874399645
2860050176
2859956166
2859816969
2859738730
2859638646
2859597242
2859494506
2857992347
2857921062
2857889756
2857676981
2857592475
2857435834
2857369863
2848129547
2848053078
2847945133
2847753812
2847520490
2847434099
2847337046
2847256008
2883299910
2883261222
2883164402
2881277075
2881225937
2881147903
2881075189
2880938977
2880891685
2876456125
2876401628
2876355687
2876283858
2876190009
2876102566
2874166439
2874122448
2873645447
2867313126
2867248508
2867122331
2867082313
2867059377
2866899043
2866803968
2866737613
2865407363
2865355375
2865254289
2865192798
2865187998
2865109136
2865010702
2864957079
2864688459
2863316093
2863254440
2863214069
2863130634
2863093560
2863053784
2862714059
2862612374
2862451528
2861216742
2861176019
2861162002
2861060618
2861008671
2861006545
2860990581
2860934630
2860843855
2860719881
2860481732
2860364617
2858815774
2858766666
2858565269
2858417197
2858296744
2856977455
2856917049
2856714992
2856631941
2856155962
2856006096
2854429564
2854337685
2854225914
2854197474
2854184569
2854131548
2854118527
2854011714
2853884605
2853490585
2853313842
2853263959
2851715878
2851630410
2851545915
2851503396
2851421165
2851337465
2851279051
2851252143
2851182574
2851099538
2850827652
2850643094
2849273420
2849220596
2849149873
2849112886
2849058593
2849034840
2848964766
2848902137
2848878960
2873311349
2873217217
2872934827
2872840052
2872625571
2872557788
2872356307
2872300334
2864954957
2864869665
2864768766
2864647167
2860641055
2860590350
2860561753
2860477668
2858551367
2858524699
2858395990
2858278765
2856635237
2856550666
2856483621
2856473726
2856361850
2856255786
2856145250
2853906928
2853817438
2853597033
2853451399
2853402547
2864187320
2864078890
2863938550
2863768797
2863682000
2862091025
2861952587
2861848120
2861759313
2861723946
2861691212
2861681825
2861606428
2859801704
2859696836
2847758579
2847638494
2859643364
2859617090
2859520032
2859494766
2851651183
2856771721
2856726141
2856634799
2856435885
2856311976
2854220478
2854152634
2854040367
2856468143
2856384322
2853924531
2853782985
2853750368
2853642089
2853580789
2851361138
2851265552
2851260091
2851124241
2856200458
2856057136
2855897715
2855758456
2855724159
2855554752
2855465660
2855351616
2855261811
2855132230
2855096189
2853106495
2853002873
2852886336
2852679528
2852626262
2850549700
2850508120
2850372137
2850270756
2850183989
2850116842
2850073871
2848434079
2848289431
2848269793
2848215176
2848179556
2848106355
2848068944
2848059769
2848046788
2848042031
2848021083
2848000997
2847983761
2847964700
2896415193
2896414069
2896402283
2896395985
2896377847
2896348942
2896342567
2896319485
2896318369
2896286935
2896275478
2896271278
2896269609
2896259056
2896256245
2896208930
2896204434
2896200391
2896185355
2896179607
2896169674
2896168230
2896111562
2896106031
2896086991
2896081276
2896079141
2896069231
2896053466
2896033488
2896024011
2895990538
2895980745
2895980010
2895957732
2895932066
2895918506
2895903081
2895902808
2895884998
2895877824
2895854877
2895846954
2895841837
2895833139
2895823721
2895799087
2895795132
2895770306
2895747520
2895741651
2895728737
2895710748
2895704874
2895699867
2895685037
2895671318
2895663252
2895646104
2895641611
2895629564
2895599122
2895583739
2895578003
2895567133
2895549595
2895535390
2895530156
2895529141
2895527007
2895482328
2895466251
2895453060
2895450123
2895448347
2895446093
2895430733
2895418729
2895405535
2895402404
2895383988
2895345910
2895331942
2895331611
2895326007
2895319265
2895313073
2895309614
2895291523
2895249480
2895246027
2895229215
2895224522
2895217982
2895197646
2896265083
2895808016
2895626038
2895480406
2895263790
2895186890
2893416032
2896268274
2896176937
2896017944
2896032732
2895868169
2894216727
2893954977
2893856803
2894768806
2894723807
2894641729
2894612063
2894520995
2894448084
2894201470
2894107017
2893967451
2897437189
2897424140
2897422933
2897390874
2897378831
2897366760
2897358869
2897355178
2897298293
2897290185
2897274859
2897271049
2897267041
2897231510
2897204894
2897188749
2897184371
2897147401
2897136341
2897122529
2897086755
2897085561
2897065118
2897030937
2896679340
2896610617
2896567043
2896553858
2896542642
2896495259
2896489995
2896482968
2896470722
2896453171
2897415426
2897407468
2897294037
2897190211
2897155244
2897074199
2897064589
2897061225
2897057724
2855799304
2855649374
2855435364
2855228818
2855199012
2855076213
2855044617
2854916529
2854882560
2854672720
2854583374
2854492745
2854488935
2854477756
2854372437
2854356568
2854352330
2854347733
2852513305
2852455317
2852303205
2852298859
2852293444
2852289749
2852257227
2852132510
2852129667
2852087678
2852072864
2851970277
2851942111
2851917159
2851792825
2851773789
2851769389
2851663125
2851655260
2851634213
2848412039
2848375915
2848160849
2847937012
2896981595
2896908225
2896713980
2896644819
2896794259
2896749779
2896699647
2896540051
2896477872
2896452681
2896502847
2896442533
2896415118
2900410744
2900244171
2900041187
2899868494
2899672816
2899561092
2899438605
2899277641
2899199807
2898057696
2897839994
2897669822
2897508853
2900454323
2900441104
2900412624
2900394971
2900394831
2900394272
2900358577
2900340780
2900335529
2900334273
2900326959
2900303203
2900294261
2900288857
2900279109
2900220188
2900199783
2900185302
2900183833
2900173813
2900166700
2900150061
2900127544
2900105561
2900069302
2900067093
2900066947
2900057840
2900046933
2900001477
2899976857
2899962978
2899955726
2899919075
2899890873
2899872148
2899817440
2899805162
2899769860
2899763735
2899739463
2899681301
2899652877
2899638371
2899577883
2899554199
2899545614
2899484035
2899477409
2899403199
2899079051
2899023450
2898968410
2898900193
2898870444
2898832547
2898816215
2898798712
2898731583
2898727319
2898702757
2898697516
2898657744
2898638917
2898604314
2898580780
2898569958
2898565281
2898552637
2898506909
2898505789
2898486892
2898467056
2898462240
2898453421
2898428813
2898406171
2898396523
2898394701
2898390453
2898371158
2898353324
2898310945
2898309239
2898308997
2898273630
2898257621
2898253607
2898233316
2898227274
2900356096
2900147069
2899927363
2899820233
2899769452
2899754187
2898833619
2898766072
2898675647
