2061212672;2016-01-07;31;2643401;true;0;1147;1820;9999##36;18;64##80929738;1456||124013062;1853||186627166;1397||107081378;861||89598554;2698##1;674;261;-48;742;-300;1092##false;60##true;895##false;1180##5;60||4;171||6;238||2;250||8;295||4;413||5;420||7;483||4;540||7;540||1;554||9;555||8;565||6;633||10;646||7;756||8;771||4;890||8;895||2;924||1;959||10;993||4;1003||8;1016||7;1074||5;1076||9;1078||10;1084||4;1084||8;1091||9;1182||7;1198||4;1250||8;1258||6;1314||9;1322||7;1322||2;1353||10;1353||5;1358||8;1359||4;1504||8;1508||6;1509||7;1515||9;1519||6;1605||10;1643||9;1649||8;1749||4;1873||8;1876||10;1884||6;1885||9;1888||7;1893##2061212672;1000;863;54
2060491026;2016-01-07;23;2643401;false;0;735;9999;9999##5;22;9##80929738;842||124013062;696||89598554;1540||186627166;1147||107081378;490##1;382;10;65;-468;-70;1182##false;138##false;888##false;1022##2;138||8;245||1;248||5;534||8;539||1;547||10;547||2;608||8;735||1;742||3;748||5;751||5;871||2;888||3;1039||2;1049||4;1054||5;1059||3;1201||3;1244||5;1245||2;1286||2;1297||6;1317||4;1375||10;1380||5;1380||2;1383##2060491026;1054;1125;55
2061014289;2016-01-07;57;2643401;true;0;839;1513;1010##22;23;44##80929738;1546||186627166;1164||107081378;992||124013062;988||89598554;1063##1;1165;7;154;682;-300;1450##false;70##true;1613##true;2067##3;70||2;118||4;294||9;339||9;835||8;857||7;859||10;860||1;860||6;1016||10;1018||9;1019||10;1132||9;1138||4;1196||3;1612||8;1613||10;1614||3;1723||7;1773||2;1854||8;1855||5;1888||4;1889||9;1895||3;1945||2;2186||4;2369||2;2443||3;2455||4;2466||2;2701||5;2771||8;3157||5;3160||5;3253||10;3254||6;3256||7;3258||9;3260||2;3266||4;3272||1;3287||3;3295||6;3402||9;3409##2061014289;999;809;38
2060552296;2016-01-07;50;2643401;true;0;952;1087;923##27;17;59##80929738;1408||107081378;942||89598554;1002||124013062;786||186627166;1388##1;526;173;494;337;270;1381##true;147##true;1082##false;1338##8;147||8;216||4;304||3;668||8;734||10;769||3;782||5;806||7;891||10;898||8;905||1;907||4;913||3;927||5;930||8;1014||9;1020||10;1082||4;1232||2;1492||8;1625||10;1650||9;1652||7;1666||4;1717||2;2053||9;2064||5;2068||4;2069||7;2071||3;2077||9;2601||10;2651||6;2653||2;2817||8;2824||3;2826||6;2832||10;2867||10;2949||8;2983||9;2990||6;2990||7;2992##2060552296;1037;1141;44
2063614085;2016-01-08;31;2643401;false;0;821;537;9999##4;22;9##89598554;918||124013062;876||80929738;635||107081378;566||186627166;734##1;153;11;-214;-845;-100;957##false;-25##false;1322##false;895##4;25||8;6||2;23||2;206||3;295||6;421||6;491||1;500||4;725||10;726||5;955||2;1277||3;1317||4;1322||2;1486||5;1492||4;1498||1;1499||5;1724||3;1732||2;1734||1;1738||3;1865||2;1868||1;1873||4;1876##2063614085;1081;1017;60
2062636723;2016-01-08;92;2643401;true;0;711;1111;864##43;42;112##80929738;1318||124013062;961||107081378;681||186627166;977||89598554;1343##1;309;429;-314;294;-200;1550##false;44##true;1337##false;2134##4;44||10;221||3;428||6;442||9;536||3;622||10;632||1;634||6;638||5;646||7;653||8;733||2;780||1;905||7;912||4;916||3;916||9;921||6;922||2;937||5;1337||6;1348||4;1353||9;1359||10;1359||8;1379||7;1537||9;1576||8;1577||8;1645||3;1645||4;1646||4;1662||10;1663||2;1664||7;1667||5;1674||1;1680||1;2082||9;2083||4;2087||4;2101||2;2101||5;2108||4;2242||4;2249||2;2251||4;2811||3;2820||10;2822||2;2823||4;2831||10;3557||10;3567||9;3572||6;3580||8;3581||7;3592||3;3797||4;3808||2;3810||7;3811||4;3815||5;3819||4;4715||4;4720||5;4801||4;4848||6;4858||8;4861||10;4864||8;4872||1;5005||4;5012||4;5020||2;5033||8;5037||3;5037||6;5038||9;5041||5;5047||4;5100||7;5114||4;5116||9;5119||3;5122||10;5126||8;5158||2;5371||8;5392||3;5408||9;5464||4;5481||7;5482||10;5488||5;5504||4;5508||2;5520||10;5521||6;5523||7;5525||8;5527||5;5528##2062636723;1021;873;41
2063470904;2016-01-08;28;2643401;true;0;902;9999;9999##31;11;72##80929738;1482||89598554;2183||107081378;1157||124013062;1245||186627166;1716##1;752;619;-252;707;220;998##true;105##true;1018##true;1066##7;105||4;293||1;319||7;413||6;474||5;483||6;582||2;586||9;597||4;597||10;630||8;667||3;784||7;801||9;803||10;909||4;992||8;1018||9;1021||6;1029||7;1042||8;1197||4;1252||7;1255||8;1320||10;1321||3;1321||6;1368||1;1381||9;1381||8;1429||7;1546||6;1547||4;1576||8;1581||9;1588||10;1589||6;1613||10;1695||8;1701||9;1701||7;1704||6;1708##2063470904;1062;1135;60
2062788365;2016-01-08;33;2643401;true;0;1155;1532;9999##20;9;33##80929738;1178||107081378;1414||89598554;922||124013062;1032||186627166;1917##1;1231;208;390;872;400;1124##true;10##true;1213##true;1133##9;10||10;340||8;343||5;350||6;386||9;571||6;574||9;626||3;655||6;725||6;1141||6;1148||8;1209||10;1213||9;1276||4;1323||9;1333||8;1476||1;1480||1;1579||6;1689||4;1694||9;1815||8;1929||8;1939||7;1950||2;1951||4;1960||10;1961||1;1980||6;1982||3;1983||10;2015##2062788365;1122;733;23
2065339879;2016-01-09;29;2643401;false;0;820;9999;9999##6;15;10##80929738;726||124013062;986||107081378;481||89598554;538||186627166;1485##1;675;-59;-281;-782;-300;819##false;68##false;1456##false;1550##2;68||4;161||8;328||5;694||5;798||9;837||4;923||3;934||8;1136||9;1139||4;1285||3;1287||6;1288||7;1290||1;1335||1;1456||1;1746||4;1753||1;1762||2;1763||3;1767##2065339879;1145;1171;48
2065442988;2016-01-09;35;2643401;false;0;661;819;9999##9;33;26##80929738;826||124013062;703||89598554;728||107081378;1255||186627166;1041##1;323;-270;-339;-968;-100;958##false;418##false;900##false;952##3;418||2;453||2;521||1;628||3;635||3;735||2;741||2;793||4;808||7;892||1;900||2;904||3;906||5;918||2;971||4;977||6;1103||4;1106||2;1107||3;1108||10;1236||6;1242||10;1246||5;1260||9;1264||8;1281||2;1365||9;1369||5;1394||5;1559||7;1560||4;1564||2;1739||10;1752||2;1804||4;1820||9;1884||1;1987||2;1989||3;1997||4;2001||1;2081||4;2085||2;2090##2065442988;1097;1173;55
2068342969;2016-01-10;45;2643401;false;1;755;764;716##13;25;25##80929738;700||186627166;1148||124013062;535||107081378;661||89598554;676##1;0;552;40;-200;230;1352##true;279##false;884##false;1866##3;279||2;323||3;355||7;532||8;538||7;642||8;646||4;646||8;710||2;712||6;720||9;724||10;724||3;728||7;730||8;884||10;1099||10;1292||2;1499||9;1739||5;1746||10;1820||8;1821||9;1823||5;2060||9;2061||8;2167||2;2170||1;2186||9;2519||6;2652||4;2699||1;2700||8;2706||10;2708||2;2708||5;2710||7;2710||9;2710||6;2713##2068342969;1042;1212;41
2068092670;2016-01-10;29;2643401;true;0;736;9999;9999##19;9;50##80929738;1174||124013062;1325||89598554;1050||107081378;1161||186627166;1871##1;1243;230;-756;310;-130;1058##false;288##true;1227##true;1303##2;288||5;375||7;478||4;481||3;485||2;506||9;507||8;647||6;657||3;788||10;832||8;874||4;877||2;1071||10;1081||6;1086||8;1103||8;1211||7;1227||10;1286||9;1289||7;1491||5;1537||10;1541||2;1552||9;1668||10;1756||8;1757||7;1757||6;1765##2068092670;1001;1253;37
2068205321;2016-01-10;46;2643401;false;1;683;1412;851##20;32;40##89598554;587||124013062;1114||186627166;1357||107081378;842||80929738;904##1;517;348;-341;107;-170;1184##false;123##true;1316##true;1509##6;123||7;164||10;195||7;354||8;557||4;722||6;722||4;788||5;828||4;931||1;937||9;1091||2;1139||4;1147||6;1148||1;1154||5;1154||6;1281||1;1316||3;1323||7;1323||2;1326||5;1331||7;1612||9;1613||10;1650||1;1744||8;1746||2;1759||3;1832||10;1881||7;1890||9;1893||8;1899||1;2123||6;2206||7;2284||3;2290||10;2301||9;2308||6;2318||5;2323||10;2333||1;2335||2;2351||7;2619||6;2624||9;2628||10;2628||8;2629||8;2638||10;2760||7;2773||9;2776||8;2780##2068205321;1038;1216;41
