2442097128
2442339414
2442073165
2442813913
2442194191
2442714305
2442433381
2442687053
2442565303
2442576015
2442390070
2443790054
2445206790
2445142181
2445291106
2443848318
2446433232
2446362410
2452793026
2451620147
2451274381
2451835794
2451934587
2451943733
2451023239
2452035790
2451353878
2452105641
2451737108
2451439716
2452079208
2452344643
2452882116
2451491062
2450969551
2454125403
2454544005
2453499259
2454532381
2453856100
2453884457
2453783289
2453580906
2454075602
2453752380
2454344243
2453646413
2454922855
2454216255
2454522068
2454491938
2454203627
2454471841
2453854590
2455028459
2454271579
2454510789
2455632803
2456140655
2456568356
2456434850
2456656943
2456256658
2456357568
2455734807
2456580801
2455797294
2456464503
2457675135
2457777239
2458254575
2459046751
2457534018
2457539477
2457536519
2457610044
2457563657
2457538648
2458752336
2458252607
2457556422
2458801151
2457643232
2457622476
2457699898
2457543114
2457611031
2457539523
2457538083
2458715870
2457566537
2457849379
2457542297
2457547347
2457655915
2457589456
2458394433
2459675623
2457630952
2457641189
2457621791
2458393902
2457551701
2458243176
2458905130
2457764208
2457650277
2457545616
2457550696
2459672161
2457664485
2457589979
2458193463
2457647026
2457748969
2457797616
2457600232
2457609703
2457550549
2457723495
2458374352
2459675261
2457608604
2457717691
2457576221
2457643203
2457705812
2457537345
2457577372
2457551806
2457962886
2457614491
2457691028
2457621578
2459066888
2457536125
2457778604
2457641146
2457535160
2458614759
2457761697
2458407924
2457702423
2459521437
2459666907
2457753886
2457557187
2457688483
2457610933
2459048057
2457553170
2457548779
2457543099
2459596920
2459045954
2457538217
2457535676
2457596858
2457564003
2459399803
2457665419
2457533093
2457540210
2457537582
2457772043
2457754850
2457548573
2457667026
2457547933
2457653900
2458247387
2457535457
2457682137
2457577718
2457536421
2457598192
2457555328
2457588625
2457598955
2457535878
2457558592
2457664136
2457550161
2457543718
2458574887
2457589166
2459407990
2457542777
2458648036
2459216314
2459005225
2457541744
2459583995
2458844955
2457619145
2457859375
2457590701
2457536896
2457541212
2458883270
2457559781
2457588701
2459066841
2457580724
2457534281
2457565842
2457695082
2457599960
2457767238
2457534631
2457809356
2457579041
2457619584
2457555774
2457734547
2457677014
2457766774
2457539999
2457537564
2459089877
2457533242
2459669433
2459063068
2457545410
2457536435
2457578818
2457571103
2457605177
2457540394
2459676921
2457690129
2457545443
2457575707
2459667615
2458949931
2458040571
2457604978
2457685760
2457687490
2458909866
2457533069
2457634921
2457574910
2457533313
2457575134
2457795132
2457543077
2457872729
2457667279
2458500198
2457545098
2457537838
2457547037
2457617438
2457552398
2457553467
2461369456
2460843202
2460572757
2460844885
2459673425
2461514781
2460703211
2460737408
2460717170
2460023273
2461031730
2459939274
2461746185
2460575010
2460578558
2460720900
2460847765
2460552348
2459838799
2461673740
2460049490
2461550936
2461860027
2461220252
2460572040
2460407804
2460131422
2459947585
2461470969
2459830055
2459741412
2461361885
2461377243
2461926251
2461756732
2459723205
2461668254
2461190427
2460543710
2461017493
2459752821
2460412203
2460419598
2461178161
2460435158
2461552470
2460428144
2460402876
2461203360
2459907895
2461928708
2460688631
2459845477
2461079785
2460305276
2461476971
2461014758
2461049428
2459839444
2460588063
2460102446
2460008781
2461015742
2459665468
2461328439
2460260733
2459664323
2461504999
2461742564
2461845439
2460167956
2460183648
2461672415
2459794479
2459718722
2460396574
2461554668
2460871765
2460678157
2462917508
2464155542
2463391722
2462755300
2462768739
2463866292
2462379612
2462385999
2463639518
2462509279
2464053242
2462540843
2463147675
2463855212
2462476425
2462277891
2462953215
2463531208
2462624640
2463047834
2462948101
2462798717
2463161660
2462376179
2464402989
2463859768
2463253508
2462978052
2463436433
2462821757
2462617735
2463132755
2464237242
2463706598
2462988145
2463492421
2463333087
2464239144
2462525743
2463049102
2462927947
2463303682
2462844785
2464041146
2464317937
2462992113
2462251386
2462822944
2462735745
2463564353
2462247848
2462429521
2462816076
2464111444
2463541690
2462534343
2463232208
2463296249
2464172585
2463214378
2464043004
2462479057
2463084913
2462800117
2462248121
2462652353
2464341147
2463063078
2463407690
2463164128
2462624643
2462926975
2462991375
2463351043
2463721285
2462389587
2462666165
2463549650
2462287435
2462727953
2463089250
2462609100
2463703523
2462295335
2462379425
2463797049
2463008349
2464347560
2463943541
2462606875
2462789056
2463711060
2465101901
2465862253
2466075858
2464869280
2466251464
2464973787
2465299203
2465638938
2466151858
2464657058
2465353157
2464980610
2465754764
2464765728
2465524303
2464767697
2465878808
2464976921
2465530478
2464575463
2464572308
2464848079
2464677668
2464661404
2465824952
2465270502
2465787366
2465954548
2465379514
2465741210
2464971377
2464582563
2464857522
2466394822
2466329104
2465649035
2464572892
2465127321
2464847711
2465129123
2465529645
2465024200
2464759509
2465280543
2465135350
2464459513
2464739613
2466472513
2465533399
2464672010
2467636453
2467933282
2467478609
2468551031
2467731883
2468463759
2467792562
2466917982
2468020222
2468492567
2467593841
2466903757
2468440492
2467198973
2467241036
2467649043
2467373931
2467449437
2467484798
2466794237
2467311403
2467857302
2467346817
2468060568
2466812760
2467763435
2467291841
2467030787
2467119481
2468369993
2466696661
2468608023
2467713099
2467020229
2468559869
2469911737
2470449876
2469469364
2469038175
2470193131
2469889797
2469377521
2469098993
2468957425
2470053125
2468689041
2469606033
2469153904
2469710165
2469295282
2470450728
2469491045
2470085294
2470349461
2468766885
2470289162
2468728087
2470180902
2468922471
2469608363
2469213040
2469829561
2468846659
2472330520
2472067691
2472772851
2471945365
2471297669
2472721956
2472699609
2472570110
2473038079
2471854318
2472966900
2471596465
2471027187
2472535656
2472041836
2472568790
2471306062
2472859052
2471515754
2473011558
2471694900
2471781717
2471127778
2471388138
2471197520
2472226025
2472897627
2472479791
2472283736
2474912312
2474167437
2474449593
2474352493
2473125373
2474642210
2473874524
2473597971
2473400924
2473082189
2474204047
2473102611
2474259360
2474180927
2474104502
2473307910
2473693876
2473931048
2474463624
2474396536
2474530424
2474033512
2474257339
2474243841
2473494084
2473952085
2474325705
2473880183
2473057170
2473583647
2474370220
2474582458
2474423445
2475292264
2475269496
2474277698
2474491038
2474391790
2474599501
2474798842
2474267860
2473489681
2474046226
2474146017
2476689910
2476354216
2476609317
2475684466
2476673025
2476538906
2475604203
2477746257
2476995804
2477800088
2477275657
2476632112
2477291169
2476601885
2475704203
2475317558
2477061868
2476782421
2476908020
2475522442
2477608342
2477809112
2477612698
2475398365
2476997491
2476588069
2477191251
2475771167
2477508297
2476393389
2477713010
2477111585
2476919841
2476027602
2476691977
2475387867
2476979370
2475623174
2475391874
2476606837
2477402399
2476727031
2476890937
2476914902
2475610334
2476779770
2476846664
2475904019
2477072702
2476646714
2476822243
2476119427
2475890691
2476868587
2476461179
2476445460
2479524232
2479105223
2478602010
2479276911
2478018015
2478320310
2479384100
2479545631
2478854400
2477979109
2478755759
2478743809
2479948720
2478603696
2479211141
2478168551
2478656233
2478435967
2477849405
2478314200
2478575666
2479959008
2478203401
2479537399
2479373372
2477859692
2477918657
2479696649
2478793244
2478862924
2478056457
2480045573
2480040612
2478548593
2479838615
2478691986
2480203750
2479865783
2479051277
2480056817
2479399715
2482049776
2481740292
2481086683
2481705481
2481612180
2481643344
2481561789
2481458771
2480429722
2482030715
2480342003
2481545899
2481896186
2482319583
2480390289
2481499773
2481749964
2481176187
2481841486
2480342667
2482142961
2482159406
2481205617
2481714940
2482380261
2481095250
2482280397
2481658915
2482037472
2481604075
2482886627
2483995702
2483298255
2483612974
2484196001
2482583283
2482968657
2482975804
2484657856
2483831617
2483923230
2483069969
2484408810
2483046454
2482738159
2482896234
2482794373
2484712420
2483331021
2483963599
2484001524
2483917856
2483815869
2483595682
2484140146
2483871910
2483908455
2483387121
2483614427
2483246060
2482857789
2483474515
2483481263
2484568995
2483922099
2483488585
2482681118
2484073587
2484299587
2483639972
2483903399
2483491952
2482640950
2483763313
2483769101
2483221439
2483879748
2483868982
2482807919
2483929389
2485526884
2485030583
2485457702
2485714147
2485712344
2485324437
2485795131
2485596509
2486615848
2485233256
2484871312
2486895704
2486283573
2485836552
2486101058
2485112789
2486242634
2485698198
2486821284
2485835876
2485119809
2486503887
2486224184
2485180059
2486235198
2486578490
2485296372
2485038548
2484835754
2486012999
2485046589
2485950907
2485542006
2485763799
2485483619
2484943506
2485544657
2485282131
2485730343
2486067410
2486469932
2486067834
2485935010
2484936023
2484900789
2485846278
2486072096
2485730703
2485475315
2486139997
2485983505
2485905252
2488030151
2488249740
2487561001
2487036904
2487907693
2487017710
2487085535
2488239280
2487834448
2487714524
2487836969
2488487862
2487748107
2487704143
2487191672
2487823099
2488362735
2487684778
2488472018
2488137274
2487596245
2487843241
2487373654
2488753749
2489052148
2487457459
2487250513
2487279084
2488317386
2488684011
2487981101
2488067023
2487598793
2488762719
2488568108
2487931572
2489017951
2487388596
2488224239
2487721345
2487117716
2488438675
2488409139
2486953172
2487855511
2488090033
2487210016
2487807177
2488198093
2487443779
2487426065
2487301698
2488494258
2488113093
2488372262
2487094989
2490057044
2489125331
2490938006
2490581609
2490817196
2490865509
2489260740
2489577745
2490438775
2489150384
2490734785
2491254387
2490718776
2490513244
2490420102
2489644925
2490370740
2489404051
2489425593
2489656950
2490113541
2490453752
2490300202
2489956410
2489350478
2490470362
2489840815
2490901314
2489357139
2489540603
2490872861
2489547363
2489078181
2489929269
2489689205
2490140520
2491306258
2490196041
2491166293
2490456996
2491070688
2490786972
2490610417
2492348583
2492644065
2493699256
2492745047
2492502698
2492642432
2492258690
2493072295
2491965478
2492491538
2492591722
2492154839
2492649216
2491829285
2492586129
2493115248
2491973966
2493083341
2491693435
2492776621
2492857938
2492958521
2491680573
2492950485
2491605871
2492552702
2492675494
2492846884
2492689160
2492235535
2492895902
2491864241
2493231355
2491589352
2492439684
2493647725
2492530161
2492823787
2493127282
2495253904
2495099931
2494438298
2495789386
2495021464
2493848400
2494483717
2494588246
2494697067
2494813116
2494116647
2495257761
2494920249
2495868794
2495722708
2494843224
2495158796
2495347447
2494287314
2494743001
2495454338
2494010365
2497715367
2497528742
2497555157
2497517704
2497918879
2497253017
2497475573
2497962472
2497358993
2498049507
2497932825
2498036690
2497352898
2497256862
2498160734
2497548405
2497402567
2497644777
2497650715
2497141517
2497580037
2496174420
2497242568
2497487263
2497240321
2497358243
2497034863
2497489981
2498017728
2498121900
2500255082
2499567054
2499697566
2498627379
2500053716
2499290486
2498542424
2498829955
2499405431
2499602548
2500153104
2499847091
2498926519
2499917252
2499461927
2499669835
2500302264
2499228298
2498575658
2499022231
2499168365
2500060774
2499635875
2498755746
2498913750
2499708032
2499966236
2499021327
2498763401
2499818639
2500134528
2499523541
2498708290
2498634257
2500246729
2499171175
2501237169
2502387920
2500694760
2501691238
2501818150
2501342105
2501779590
2500623971
2501727957
2501003221
2501796363
2501563722
2501502841
2502305932
2501098786
2501373944
2502039240
2501626678
2502091915
2501660731
2501910512
2501088650
2500811393
2501294293
2501986398
2501789898
2500916535
2501637055
2500816344
2501007313
2501246411
2500881491
2501579492
2502229047
2501583910
2500632973
2501896537
2501442165
2500724300
2501259591
2502555791
2504519631
2502917620
2502902045
2503633886
2502711579
2503213342
2503496979
2504180385
2504354745
2502510285
2502994512
2502428208
2503954156
2502972140
2503348969
2503540451
2503365698
2503085154
2503942537
2503743859
2503594738
2503727730
2502908087
2504081168
2503486221
2502804453
2503724282
2503516642
2502830849
2503195259
2503626896
2503359927
2504247299
2504108182
2503746680
2503302080
2503821179
2502820698
2503389591
2502714148
2503695786
2503091835
2504438779
2502478249
2503428644
2505063600
2504584763
2505779988
2505613611
2504983361
2504642292
2505883130
2506602590
2505484651
2506189203
2504645577
2504710320
2504779798
2505723978
2506014084
2505962245
2505881672
2506690235
2505773200
2505711783
2505565622
2505864413
2504746331
2506261838
2506349579
2506471754
2505844649
2508043661
2508176473
2508984462
2506858239
2508820859
2507706768
2508059262
2508732666
2508903361
2507782600
2508207898
2508641831
2507512808
2506922128
2508519627
2508585061
2508490564
2507952925
2507892790
2507668625
2507801793
2508080317
2508034556
2506751633
2507911163
2510880321
2510183651
2510090215
2509022908
2510708924
2510229689
2510756612
2509430102
2511192816
2510293806
2510984142
2509512975
2510369924
2509888363
2510524532
2509781610
2510831821
2509882514
2510076188
2510335375
2511147044
2510235840
2510614054
2510927175
2510861215
2511078183
2510414939
2510427102
2510199719
2511160630
2511116836
2512752334
2512317248
2512651257
2512650202
2512582303
2513157515
2512558631
2511236913
2512526386
2511445717
2512363688
2512487730
2512999219
2511360961
2512453983
2512126172
2512474356
2512504241
2512270460
2512549256
2511239695
2513053122
2511284755
2512869691
2512635763
2515394312
2514770548
2514575187
2513531885
2514394571
2515339437
2515338113
2515170516
2514886654
2515021916
2515261660
2514259442
2513478472
2514756265
2513423345
2513597584
2516422290
2516767488
2516724813
2516732691
2516159062
2516849432
2516066293
2516927236
2516835075
2517474624
2516374201
2515976901
2516898736
2516527499
2516775236
2516437272
2516050244
2516320820
2517347414
2517241649
2517145787
2516179440
2517543247
2516322001
2518311144
2518557862
2518745501
2517642379
2519578655
2517688499
2518906276
2518077827
2518855634
2518310741
2518557831
2519003016
2518561906
2519104109
2518745619
2518831064
2518204894
2518418001
2518455526
2519205206
2519304127
2519026101
2519118696
2518063442
2519381339
2518471287
2518182762
2519500261
2518864618
2520295162
2519797903
2520172538
2521669378
2520628278
2521743304
2520617412
2520179596
2520431372
2519727701
2519721164
2521452337
2520551852
2521556894
2520593056
2520689953
2520775794
2521126403
2520310430
2520468399
2520445492
2521160548
2520690527
2521806388
2519876015
2520486522
2520567878
2519945146
2521458298
2521547512
2521160349
2521030247
2519681958
2521344018
2521014037
2521194379
2520859545
2521186839
2519656393
2521064902
2521056471
2521342948
2523834511
2522499676
2523102187
2522319724
2523271480
2522469944
2522031042
2523925191
2522078549
2522130935
2522842914
2522730902
2523310646
2523032357
2524202291
2523000065
2524072750
2523645512
2523273929
2524119811
2523190308
2522950527
2524031077
2522165489
2522518741
2522889565
2523836370
2522627750
2521929716
2522019610
2524029429
2522713248
2522810774
2523366946
2524144375
2524124127
2522910647
2523475375
2522277294
2523359413
2522531680
2521888035
2521988223
2523718598
2523718533
2523927706
2523017540
2522665718
2526429133
2525566002
2526354357
2524532644
2524443650
2524959542
2525156136
2525745437
2525447612
2525095455
2525295008
2525944649
2525294228
2525936759
2525810868
2524350186
2525905872
2525344944
2525410961
2524289078
2526571661
2525567742
2525452390
2525840889
2525493439
2525355757
2527452764
2527263527
2527614412
2528069381
2527726877
2526630868
2527366750
2526692434
2528674982
2527506424
2527259975
2527926557
2526759078
2527119907
2528716832
2527350837
2528359506
2527506479
2527129302
2527625642
2528436359
2529407904
2528758862
2529247320
2529154603
2529567442
2529781268
2529648536
2530403998
2530284678
2529891997
2530490207
2530154239
2530566335
2529706756
2529840818
2529744998
2530479268
2530576649
2530669102
2531263117
2532053655
2531621610
2532026266
2531915495
2531494486
2531581273
2531367770
2531333316
2531760761
2532151432
2532639921
2532137026
2532548100
2532467081
2532327086
2533570928
2534163455
2534046339
2533964711
2533891520
2534117760
2534037418
2533712629
2534231650
2534358398
2534438961
2533661491
2533813822
2535552089
2536261080
2535809369
2536154058
2535207324
2535897900
2536107888
2535693301
2536498621
2536426800
2536084521
2536231949
2535084899
2536559265
2536188751
2535674255
2535960870
2536005907
2537971829
2538610003
2537577547
2537448241
2538322995
2538763520
2537685831
2538272702
2537574496
2537758514
2537838147
2538165637
2537286429
2537828917
2537381784
2537163589
2538377181
2538849632
2537964088
2538261461
2539890484
2540139671
2540132733
2540027204
2539406696
2540136621
2540290141
2539498252
2540275204
2540406742
2540424572
2540366603
2540570439
2542271978
2542145443
2542533574
2542379906
2542153158
2542684939
2542690642
2542539411
2545299883
2544369501
2544223465
2544223156
2545320723
2545034458
2544686268
2545254388
2545114502
2544544557
2545028860
2545251072
2544942608
2544547342
2544689023
2545101126
2544940901
2544315274
2547115445
2546940273
2547137044
2547040899
2545393745
2547301927
2547363773
2547208285
2547303225
2547012516
2547014655
2547154885
2546935618
2547331853
2547305725
2546938575
2546943823
2547200329
2547224905
2547165450
2547018705
2547286015
2547353470
2547354532
2547405264
2547404209
2547411769
2547592629
2547532940
2547459841
2547541147
2547545013
2547593329
2547524050
2547614737
2547598732
2547470370
2547438767
2547448984
2549111670
2548899546
2549313529
2549304968
2549312032
2549222661
2549189874
2549023865
2549289998
2549351943
2548970550
2549370824
2549124641
2549342148
2549141737
2548889995
2548968400
2548903189
2548908956
2549200733
2549211234
2549029930
2549139153
2549658092
2549424687
2549644214
2549583869
2549498173
2549469759
2549431849
2549567377
2549650330
2549589275
2549509878
2549410407
2549664835
2549584654
2547401914
2551241703
2551444424
2551398791
2551334799
2550972124
2551217301
2551458951
2551385390
2551125992
2551167223
2551292188
2550969678
2551419679
2551042502
2551226728
2550971502
2550962469
2551023876
2551353251
2551219428
2551170074
2551078113
2551398734
2551608784
2551558915
2551529539
2551542809
2551633824
2551474091
2551542175
2551582637
2551509577
2553558067
2553254085
2553622478
2553778624
2553019163
2553163304
2556203024
2555658865
2555772440
2558190331
2558033556
2557955371
2558290213
2556241822
2557619736
2558255566
2556270379
2558113366
2558534849
2560226228
2558473213
2560069057
2559987699
2560320998
2560158271
2558387942
2558332885
2560502724
2560377671
2560446360
2562303634
2561829234
2562262737
2562207201
2562184751
2562388622
2562012880
2562036409
2562091541
2561854653
2562425844
2564485350
2562671370
2564408925
2564547149
2562482317
2564310434
2562582896
2562521800
2563385587
2563812215
2564211031
2563872243
2565746258
2565535942
2566482748
2565915276
2565858316
2566725198
2565907776
2566107616
2565999946
2566072375
2566123892
2566866066
2566594115
2566065593
2565450096
2566022985
2566104605
2566011237
2564619977
2565931300
2565687842
2565535370
2566601300
2566097936
2564666119
2566800064
2566934520
2569015825
2568509934
2568531686
2569122199
2569007402
2569280949
2568045830
2568964954
2569189653
2568465870
2569114163
2568830807
2568474386
2569405813
2569011425
2569415435
2568877098
2568431773
2569340481
2568407869
2568256260
2569227952
2568580867
2568816976
2569266090
2568317281
2568134399
2569357939
2569119771
2568755888
2569107013
2568025153
2568502283
2569223522
2569085191
2569075641
2568658731
2568189089
2568748606
2569311644
2569244868
2568414733
2569610900
2569531910
2569470828
2573378239
2573084288
2572756319
2573478081
2573926684
2573301021
2573421678
2572930729
2573221798
2572638069
2574012035
2572199443
2575809726
2575620376
2575828925
2575833596
2575415314
2575849358
2575773680
2575135911
2575276783
2575275602
2575418706
2575962841
2575869867
2575939995
2575826453
2575655711
2576005562
2575643093
2575295113
2575014976
2576049868
2575845829
2575450092
2575756778
2575895705
2568899416
2576330803
2576239791
2578276735
2578146776
2577275970
2577865653
2577389111
2577763041
2578664531
2578149383
2578316493
2578754563
2578320449
2578115512
2578295629
2578168668
2578154611
2578541156
2578039926
2577774515
2578716868
2578318161
2577367735
2578258952
2578218341
2578274408
2577979392
2577947732
2578002096
2578122400
2578554147
2578693723
2578427058
2578172295
2577895715
2577777217
2578590101
2581152637
2581036237
2579777055
2580942550
2580859674
2579683652
2580407050
2580648195
2580547933
2580759566
2580484756
2580066963
2580387843
2580636916
2580105667
2580414828
2579928658
2580207155
2580546360
2580464619
2580340880
2583360422
2582419453
2582284647
2583535779
2582840585
2582700351
2583447169
2582016424
2582516287
2582847171
2581931414
2583392091
2582952961
2582347765
2583434880
2582036063
2582602097
2582355886
2583273373
2582490617
2583051792
2583294797
2582214236
2582825505
2584731376
2585105361
2584894444
2584855031
2585693150
2584673048
2584957033
2584787183
2586261501
2585308495
2585462980
2584933975
2586117814
2585275824
2585667364
2585972364
2585450762
2584593783
2585518430
2585097433
2588042488
2587968520
2587981860
2587690659
2588830075
2588367147
2588356135
2588224746
2588921360
2587982498
2588542991
2587832048
2587477506
2588153979
2588679291
2587244717
2587648563
2587824792
2588267231
2588140048
2588681520
2588241827
2587360035
2588272230
2588024070
2588586683
2588317584
2588500108
2591064996
2590640348
2590475161
2591163076
2591050295
2590368290
2589905829
2589888152
2590460386
2591226843
2589817232
2591381241
2591481065
2590859207
2590220550
2590637901
2592264661
2592415496
2592901113
2593220438
2593668385
2593970730
2593125830
2593843512
2593351350
2593615941
2593310830
2593429545
2593324587
2593726467
2593108528
2593273196
2593360179
2593192433
2592979329
2593621839
2593805728
2594167758
2595866817
2595565813
2595160589
2595501138
2595834652
2595014626
2595724093
2595491735
2594828209
2594710208
2596033928
2595911558
2596144255
2595893889
2596246859
2598335261
2598144567
2598137087
2598019573
2598175115
2598624228
2597290165
2597591490
2598544849
2597982489
2598432678
2597699701
2597179283
2597815811
2598577500
2598441804
2597824460
2597987111
2599914469
2599040409
2598965126
2600483841
2600692663
2600205350
2600139014
2600062082
2600031267
2599712184
2599700068
2600408856
2600422242
2600267452
2600355556
2600204363
2601070611
2600989416
2600746169
2600376016
2600443919
2600674001
2600307060
2600453920
2600535747
2602633866
2602770467
2603208187
2601921155
2603163389
2602609875
2602846303
2603387578
2601747869
2603068732
2603164562
2602740586
2603006260
2602959414
2601516818
2601951931
2602707460
2602128903
2603114349
2602331109
2602869451
2602692096
2601446205
2603314598
2601834020
2602778388
2602756134
2602286025
2602631835
2603190632
2603018042
2603216183
2603001805
2602170474
2603440202
2601469980
2603320248
2601414544
2606148047
2606049941
2606399429
2606488757
2604711095
2606073554
2605815163
2605664028
2606273603
2605673516
2605106239
2605819642
2605528069
2605406807
2605459867
2604408194
2604821073
2605214600
2605406862
2605700699
2605417891
2605749151
2605387517
2605030698
2605494653
2605285981
2605822193
2605777845
2605563599
2606037207
2604891443
2605960381
2606214242
2606154219
2607386654
2607980195
2607480045
2606760951
2608464942
2608197760
2608223561
2608051892
2607834639
2608414821
2608546737
2608773667
2607886135
2608688827
2610474953
2611047166
2611401482
2609206192
2610955997
2610398194
2609282535
2610872425
2611159915
2610959422
2610697408
2610531939
2611012131
2611114319
2609980279
2611065470
2609874136
2610957654
2610707465
2611085243
2613020700
2613155285
2613508430
2613382574
2613291660
2613071027
2612859443
2612711175
2611491997
2615107556
2614998076
2615246016
2615275949
2615138939
2615493185
2615378496
2615394486
2615577441
2617678095
2617230473
2617416275
2617454276
2617586467
2617344449
2617208982
2616765005
2616885663
2617677272
2617566978
2617066817
2617343599
2616975502
2616774839
2616654771
2615922270
2615856818
2618170193
2618101123
2620413094
2620218851
2620470226
2619332570
2619149783
2619805817
2620321990
2620767739
2620869535
2622506703
2620485547
2620613409
2620515045
2620993043
2620508273
2622866224
2622933841
2622799544
2622676505
2622538773
2622770336
2622283299
2622403947
2622991274
2623048563
2611458034
