2024666599;2015-12-23;49;2527544;false;1##23;33;44##105001471;943||84853828;882||94004717;947||65702424;816||117956848;922##690;659;385;-655;579;-708;1172##true;54##false;881##true;1537##1;54||6;58||7;133||5;155||8;278||7;334||1;394||5;402||4;411||1;606||9;607||6;611||9;621||4;628||7;629||1;747||9;819||10;881||8;934||6;938||1;1034||4;1037||5;1053||10;1054||3;1058||9;1172||4;1521||2;1521||8;1622||9;1628||4;1636||2;1652||2;1809||4;1818||7;1882||6;2016||3;2017||10;2294||10;2472||7;2475||9;2475||8;2479||9;2483||8;2514||7;2562||10;2571||4;2706||7;2708||9;2709||6;2712||5;2719||3;2720||1;2726||6;2783||10;2801||6;2909||3;2917||9;2922||8;2923||9;2931||10;2953||7;2953||9;2955||10;2960##2024666599;1000;928;46
2024614271;2015-12-23;29;2527544;false;0##13;29;24##105001471;1190||84853828;720||94004717;740||117956848;1350||65702424;525##668;387;290;100;114;-443;964##false;80##false;741##false;990##5;80||2;93||3;102||5;160||9;203||3;204||6;213||10;258||3;268||5;296||6;347||7;353||8;381||6;447||2;481||3;561||5;713||7;730||2;741||6;762||3;841||6;896||2;916||3;922||5;930||3;1018||2;1053||10;1085||3;1091||3;1230||4;1279||2;1286||8;1300||5;1316||9;1320||6;1337||7;1345||7;1351||2;1545||3;1552||7;1637||2;1639||3;1707||2;1717||5;1721||7;1723||1;1733##2024614271;954;974;48
2186366044;2016-02-28;30;2527544;true;1##22;18;47##37658157;1098||308924264;1042||94120026;1607||117956848;1549||94004717;1849##1085;2031;-82;9999;499;725;927##true;93##true;1120##true;798##5;93||1;135||10;136||9;150||3;162||1;325||2;343||2;423||3;439||4;445||2;539||10;554||3;644||4;650||9;684||8;888||8;1105||7;1109||6;1110||9;1111||2;1120||1;1120||10;1126||6;1309||5;1397||2;1478||6;1478||9;1484||8;1485||7;1492||3;1493||5;1499||4;1503||10;1504||10;1662||6;1677||2;1679||1;1716||9;1751||3;1766||10;1767||4;1776||5;1807##2186366044;906;1000;45
2203539406;2016-03-06;29;2527544;false;1##7;21;16##37658157;787||308924264;533||94120026;802||117956848;1180||94004717;1215##374;1188;570;350;1001;-4556;1298##false;44##false;1070##false;949##9;44||9;391||1;411||4;603||10;620||6;833||8;846||6;870||8;953||6;956||7;977||7;1070||6;1078||8;1091||4;1183||2;1184||5;1187||1;1201||6;1336||7;1344||8;1387||1;1416||6;1471||10;1719||8;1720||4;1731||2;1732||7;1737||10;1738||6;1741##2203539406;951;1092;43
2203443774;2016-03-06;41;2527544;true;0##19;27;31##37658157;1390||94120026;902||94004717;1661||308924264;636||117956848;690##601;786;402;9999;91;-1423;858##true;102##false;777##false;954##6;102||5;111||10;245||5;340||6;358||2;398||5;418||1;467||5;542||4;567||2;574||1;703||2;777||1;781||4;784||2;976||10;1032||4;1044||1;1190||2;1190||2;1214||10;1215||8;1217||7;1225||9;1231||3;1507||6;1632||9;1733||3;1825||3;1836||1;1841||4;1970||2;1977||10;2009||1;2025||9;2189||9;2266||6;2269||7;2273||4;2293||2;2388||10;2465||1;2468||7;2468||5;2474||8;2475||9;2479||6;2490##2203443774;908;1135;40
2206397048;2016-03-08;48;2527544;true;1##36;23;85##37658157;1013||94004717;1508||94120026;1116||308924264;1161||117956848;953##1206;1335;547;9999;85;-232;767##false;261##false;903##true;954##5;195||6;261||7;371||6;388||1;407||1;512||4;553||6;644||2;653||10;656||5;664||8;665||10;756||2;764||4;816||6;817||2;817||5;895||4;900||2;903||3;908||10;909||6;919||1;924||2;1008||4;1019||8;1049||10;1081||4;1085||7;1101||7;1108||7;1383||10;1430||2;1437||2;1522||4;1627||5;1630||3;1631||1;1664||8;1941||10;1964||2;1980||7;1990||9;1995||6;2139||5;2406||3;2410||4;2412||2;2420||1;2436||6;2486||9;2493||2;2555||2;2755||3;2772||4;2773||1;2777||5;2839||6;2840||7;2848||2;2859||4;2867||1;2874##2206397048;948;1327;35
2206332579;2016-03-08;33;2527544;false;1##13;24;28##37658157;876||117956848;829||94120026;1125||308924264;983||94004717;1330##586;1100;127;-65;346;-1674;1021##false;82##false;980##true;978##7;82||6;250||9;279||7;292||4;415||6;421||5;423||9;428||1;524||9;534||4;596||6;670||8;785||2;890||8;980||6;986||3;1089||6;1234||5;1244||3;1250||8;1434||6;1533||2;1587||5;1592||3;1602||6;1655||7;1667||2;1773||6;1786||8;1797||7;1879||9;1890||3;1897||3;1963||9;1975||6;1978||10;1979||7;1995##2206332579;983;1372;35
2215717267;2016-03-12;27;2527544;false;0##7;29;14##37658157;571||117956848;1085||94120026;511||308924264;816||179703764;777##361;387;-402;-940;-585;-580;762##false;-24##false;631##false;1169##1;24||1;113||3;116||5;164||6;317||3;319||4;325||5;334||7;336||6;360||6;483||1;588||4;628||3;631||8;634||2;783||3;888||1;893||1;973||1;1044||1;1226||8;1231||1;1327||3;1392||1;1394||6;1480||2;1484||1;1510||3;1512||3;1617||4;1621||1;1621||2;1630||5;1634||1;1634||3;1635##2215717267;948;1835;32
2215796971;2016-03-12;17;2527544;false;1##9;30;14##37658157;721||308924264;822||94120026;276||117956848;597||179703764;427##757;117;108;-725;-1026;-574;675##true;-41##false;429##false;0##1;41||8;11||8;128||8;165||7;230||5;241||8;252||9;282||1;328||7;364||10;371||6;377||10;429||9;452||1;495||8;506||2;511||10;526||7;540||10;580||8;649||3;655||10;658||6;670||1;703||5;705||7;709||8;734||9;784||6;802||10;817||7;822||8;823||5;889||10;903||10;975||6;1015||8;1016||9;1017##2215796971;916;1867;26
2221221964;2016-03-14;36;2527544;true;1##30;9;69##37658157;1067||308924264;1242||88153289;1324||117956848;1226||94004717;1916##1108;1147;1041;9999;542;408;1288##true;156##true;708##true;1443##3;156||5;163||2;173||7;295||5;302||10;312||8;429||6;441||2;537||9;549||3;569||2;580||4;696||2;703||1;708||10;761||6;807||2;906||3;912||2;928||1;931||5;941||3;1057||5;1229||4;1350||1;1370||5;1378||6;1465||2;1469||8;1470||5;1477||5;1618||2;1619||1;1622||4;1628||3;1775||5;1778||2;2012||4;2119##2221221964;890;949;60
2225474748;2016-03-16;42;2527544;false;0##18;30;38##37658157;534||94004717;1323||308924264;795||117956848;1056||88153289;714##699;449;68;-20;-36;-118;975##true;135##false;1179##false;887##7;135||6;364||3;523||1;526||5;529||6;679||1;739||9;961||9;970||3;1035||10;1044||4;1144||1;1155||2;1166||3;1168||5;1179||6;1218||8;1235||5;1244||1;1471||10;1479||9;1483||5;1486||6;1491||1;1650||10;1654||7;1655||3;1659||6;1663||4;1698||1;1701||8;1707||7;1935||3;1945||9;1948||4;1951||2;1951||3;2014||10;2017||4;2046||8;2056||1;2309||10;2312||3;2318||4;2324||1;2324||9;2494||1;2499||2;2514||5;2537||3;2558##2225474748;950;952;49
2225437585;2016-03-16;22;2527544;false;1##9;21;21##37658157;654||94004717;808||308924264;824||117956848;1052||88153289;663##586;500;569;-670;-93;369;744##true;-35##false;789##false;587##2;35||3;342||10;390||8;458||9;467||4;468||2;473||9;547||5;552||9;596||6;606||4;613||5;643||9;658||5;740||6;764||9;774||7;789||6;926||8;929||7;958||10;985||4;1016||10;1050||7;1095||6;1104||7;1179||8;1282||10;1296||6;1303##2225437585;901;1001;57
