2405896081;2016-06-01;44;2762745;true;0;956;1040;9999;Prodota Gmng;2552670;LootMarket Invitational;4695##38;20;81##98609497;1052||196490133;2162||119809622;985||215457595;1102||86761682;1268##1;525;313;377;normal;bad;1035##1;623;274;-237;normal;good;669##false;192##false;800;0.8;0.9##false;1365##5;192||5;338||3;440||10;478||6;480||5;526||10;534||1;573||4;593||6;687||8;693||3;791||7;794||4;798||6;799||1;800||6;877||4;968||5;1013||9;1086||9;1168||2;1172||10;1450||8;1456||7;1470||3;1581||6;1607||8;1755||7;1765||10;1803||6;1808||7;1838||8;1841||6;1874||10;1880||4;2102||6;2110||7;2110||8;2127||10;2129||3;2130||2;2135||9;2135||6;2255||1;2257||9;2263||8;2270||3;2423||6;2424||8;2451||2;2452||10;2465##L##2405896081;1000;906;44
2406005390;2016-06-01;44;2762745;true;1;1317;947;9999;Prodota Gmng;2552670;LootMarket Invitational;4695##25;10;53##98609497;1335||196490133;1730||119809622;803||215457595;1676||86761682;1311##1;1307;897;577;good;normal;887##1;803;220;602;bad;bad;1003##true;566##true;1529;0.4;0.1##true;739##2;566||10;570||5;570||3;634||2;786||5;954||8;954||2;963||5;1041||9;1057||5;1166||2;1169||2;1529||4;1793||1;1818||2;2110||3;2112||7;2121||1;2123||4;2137||9;2152||6;2152||8;2152||10;2156||2;2230||1;2237||6;2475||2;2475||8;2478||1;2490||4;2493||5;2498##L##2406005390;1044;862;39
2407787799;2016-06-02;23;2762745;true;1;1449;9999;9999;Yellow Submarine !;2578382;LootMarket Invitational;4695##26;11;56##98609497;1056||196490133;1363||119809622;2560||215457595;1912||86761682;1951##1;1213;446;363;good;bad;835##1;475;170;-691;bad;good;603##false;188##true;779;1.1;0.7##true;755##6;188||2;190||9;190||3;360||7;466||2;479||6;509||2;520||1;520||5;528||2;578||9;581||3;603||6;618||4;768||2;779||3;812||7;878||10;901||1;907||3;911||3;992||2;992||9;1074||5;1088||3;1151||5;1164||1;1244||9;1270||4;1277||5;1323||2;1356##ML##2407787799;1083;1099;60
2408037002;2016-06-02;46;2762745;true;0;953;1394;1617;Yellow Submarine !;2578382;LootMarket Invitational;4695##37;26;97##98609497;1109||196490133;1744||119809622;1865||215457595;1239||86761682;1337##1;1322;716;-372;bad;good;999##1;285;425;-71;good;bad;956##true;11##false;863;0.6;1.2##false;998##10;11||2;160||4;242||10;258||2;305||1;378||3;486||2;501||7;576||2;782||2;854||7;861||8;861||1;863||6;865||5;867||4;892||3;899||4;1058||1;1165||4;1241||5;1265||8;1279||7;1280||10;1289||3;1432||1;1466||1;1548||7;1567||3;1691||6;1768||8;1777||10;1778||5;1784||6;1786||9;1879||7;2012||10;2012||9;2016||8;2018||6;2022||8;2092||7;2118||10;2265||9;2272||8;2276||7;2280||6;2511||7;2511||3;2516||1;2539||5;2539||2;2547||8;2548||10;2556||4;2677||9;2683||5;2690||7;2698||8;2713||10;2719##H##2408037002;1143;1039;44
2407895357;2016-06-02;45;2762745;false;0;1112;1209;957;Yellow Submarine !;2578382;LootMarket Invitational;4695##23;30;45##98609497;766||196490133;1230||119809622;1075||215457595;661||86761682;1178##1;1237;425;438;good;good;938##1;1080;346;-124;bad;bad;1110##true;146##true;1353;0.4;0.2##true;1406##8;146||10;247||5;368||1;371||7;591||6;717||9;1040||3;1244||6;1248||8;1266||4;1272||7;1274||5;1279||9;1365||7;1515||9;1564||2;1569||3;1569||1;1574||2;1606||6;1723||3;1819||4;1911||3;1965||1;2053||9;2090||7;2098||10;2100||2;2106||3;2176||1;2183||9;2286||4;2290||2;2294||4;2467||3;2470||9;2478||7;2480||1;2484||10;2496||2;2507||5;2529||4;2643||10;2644||1;2647||5;2689##H##2407895357;1187;995;59
2417850634;2016-06-06;25;2762745;false;0;795;9999;9999;_PowerRangers;55;ProDotA Cup Series by Azubu.tv;4665##3;21;4##98609497;884||196490133;885||119809622;685||215457595;810||86761682;621##1;524;542;75;bad;bad;987##1;1628;115;544;good;good;1101##false;112##false;1080;0.3;0.5##false;958##3;112||3;205||3;350||10;473||10;717||4;787||6;794||4;896||1;929||1;995||2;1029||4;1066||10;1069||3;1080||5;1129||4;1162||1;1164||3;1190||4;1441||1;1443||4;1461||2;1462||5;1468##ML##2417850634;1128;804;98
2417703889;2016-06-06;50;2762745;true;1;1262;1554;1261;_PowerRangers;55;ProDotA Cup by Azubu.tv;3511##35;22;71##98609497;803||196490133;1448||119809622;910||215457595;1240||86761682;1386##1;1410;724;452;normal;normal;1080##1;823;139;-56;normal;normal;1034##false;287##true;925;0.7;0.8##true;748##8;287||3;288||4;296||3;387||10;465||1;473||3;538||9;586||6;589||10;660||6;668||8;760||5;769||1;831||10;845||3;909||1;912||6;922||4;925||2;994||8;1166||2;1223||2;1419||2;1528||4;1563||7;1665||6;1673||5;1765||1;1809||2;1821||3;1891||10;1900||9;1905||8;2031||7;2064||6;2083||3;2092||4;2096||1;2098||2;2109||2;2116||5;2259||9;2343||2;2529||5;2532||4;2586||7;2620||3;2621||8;2654||6;2655||2;2659||1;2671||5;2672||5;2986||3;2987##H##2417703889;1030;902;42
2417931396;2016-06-06;43;2762745;false;1;909;891;9999;_PowerRangers;55;ProDotA Cup by Azubu.tv;3511##21;47;32##98609497;561||196490133;1658||119809622;1125||215457595;634||86761682;735##1;108;282;313;horrible;perfect;944##1;1212;289;473;perfect;horrible;991##true;89##false;855;0.6;1.0##false;1113##5;89||5;148||10;156||1;260||10;276||9;285||3;398||6;401||6;486||10;645||9;730||6;746||7;847||6;855||5;880||3;884||1;910||7;932||6;953||8;1057||9;1063||6;1079||6;1178||9;1193||10;1203||10;1311||9;1335||6;1339||1;1352||8;1389||6;1425||1;1530||10;1538||7;1867||8;1882||8;1962||6;2029||10;2030||1;2042||5;2046||9;2048||6;2143||7;2160||5;2201||8;2209||10;2217||9;2232||6;2244||2;2265||3;2274||1;2342||8;2346||10;2358||9;2362||5;2465||8;2477||4;2478||10;2483||6;2488||9;2492||7;2507||3;2530##L##2417931396;1072;860;62
2433978917;1010;960;52
2433864741;958;1012;51
2434251308;907;1000;66
2445194817;973;926;47
2459066841;1020;1000;53
2461550936;1073;1059;60
