2339682014;2016-05-04;34;2789230;false;1;1233;667;9999;Wings Red Gaming;2746885##16;32;35##330793883;861||125861458;475||110145787;563||77115066;693||200826484;1048##1;171;209;73;good;good;868##1;1700;443;51;bad;bad;1089##true;113##true;632##false;1620##1;113||2;218||8;247||1;248||10;259||9;300||8;309||3;310||3;378||7;422||9;494||3;508||5;541||2;574||7;576||3;593||4;632||1;637||6;638||10;709||1;766||2;794||9;901||6;910||7;1059||8;1060||3;1062||6;1075||9;1080||6;1259||7;1267||10;1272||3;1530||1;1533||10;1564||7;1569||9;1580||10;1748||10;1849||6;1892||4;1918||8;1939||10;1939||7;1953##normal##normal##L##2339682014;1000;1000;50
2339581600;2016-05-04;30;2789230;true;0;1237;1970;9999;Wings Red Gaming;2746885##33;15;75##330793883;1131||110145787;1595||125861458;1128||200826484;1315||77115066;2437##1;1223;857;155;good;normal;914##1;49;292;-195;bad;good;941##false;74##true;701##true;1174##1;74||8;79||3;282||8;317||9;354||7;445||8;463||3;473||6;474||1;487||4;494||7;515||5;603||8;624||4;635||7;658||10;701||8;817||9;825||10;829||4;829||6;830||7;835||7;976||1;997||3;1010||4;1014||9;1052||6;1059||7;1161||10;1163||8;1164||9;1165||3;1260||1;1395||8;1406||6;1533||8;1545||9;1562||7;1566||7;1691||8;1801||3;1808||9;1816||10;1817##normal##normal##L##2339581600;950;1050;55
2351476361;2016-05-09;28;2789230;false;1;942;9999;9999;We Are Young.Amazing;2828740##13;28;21##330793883;637||125861458;689||110145787;1111||77115066;945||200826484;946##1;0;6;-487;normal;perfect;861##1;1069;673;591;normal;horrible;986##true;88##false;840##true;9999##5;88||2;223||3;263||7;337||6;342||8;411||8;559||3;564||5;641||1;692||9;693||10;754||6;757||4;760||3;810||6;838||10;840||5;893||6;912||4;912||9;917||6;995||7;997||8;1012||9;1017||3;1114||10;1218||6;1219||7;1224||6;1284||6;1343||7;1446||8;1508||10;1523||4;1525||5;1526||7;1537||6;1541||8;1645##normal##normal##L##2351476361;1005;998;50
2353493577;2016-05-10;44;2789230;true;0;1401;1244;9999;Big.God;868326##37;26;93##330793883;1119||77115066;1291||110145787;1097||125861458;1205||200826484;1006##1;940;686;343;good;bad;865##1;17;170;-646;bad;good;971##false;111##true;686##false;1615##3;111||9;261||4;274||5;331||10;356||8;365||6;397||1;401||7;510||3;527||4;628||8;631||3;632||9;659||6;673||8;678||7;686||2;734||6;773||10;833||7;876||10;916||4;951||7;1089||3;1115||10;1118||2;1120||4;1123||7;1271||5;1281||6;1295||2;1298||10;1307||6;1383||4;1520||1;1546||10;1651||10;1659||2;1664||5;1676||10;1835||4;1837||2;1894||7;1942||10;2002||7;2081||1;2085||10;2094||6;2102||4;2243||10;2248||8;2281||3;2282||6;2329||1;2417||8;2453||10;2462##normal##normal##H##2353493577;955;1000;52
2355587192;2016-05-11;33;2789230;false;0;1159;832;9999;InfinityVN;2524597##14;30;26##330793883;816||125861458;380||110145787;806||200826484;753||77115066;902##1;447;434;299;normal;horrible;812##1;708;483;796;normal;perfect;945##false;89##true;800##false;1165##3;89||2;126||4;134||3;263||6;321||8;333||3;422||2;453||9;460||9;565||2;644||9;652||10;686||10;781||8;786||3;787||7;792||6;800||3;889||2;893||6;899||2;962||8;971||4;972||5;978||8;1066||9;1077||3;1176||2;1191||3;1437||1;1525||3;1546||6;1631||5;1715||2;1759||1;1775||4;1780||3;1880||2;1880||5;1965##normal##normal##L##2355587192;1007;1055;47
2359942077;2016-05-13;22;2789230;true;1;1524;9999;9999;Zenith.E-sports.CN;1421914##32;8;66##330793883;1736||125861458;2135||110145787;1659||77115066;1671||200826484;2009##1;1770;610;320;perfect;good;815##1;0;310;-1043;horrible;bad;584##true;196##true;728##true;910##2;196||5;331||2;366||5;429||2;436||3;446||2;511||5;573||8;630||9;672||4;728||3;730||5;758||4;843||9;864||6;905||9;917||5;1041||1;1044||3;1045||4;1070||2;1095||7;1098||10;1113||5;1113||3;1114||6;1115||1;1124||4;1139||5;1154||7;1155||2;1156||4;1197||2;1237||4;1246||3;1287||4;1291||1;1305||5;1307##normal##normal##ML##2359942077;960;997;62
2360062562;2016-05-13;22;2789230;true;0;1684;9999;9999;Zenith.E-sports.CN;1421914##19;10;35##125861458;1236||77115066;1462||110145787;1757||330793883;1644||200826484;811##1;1670;405;1372;good;horrible;1162##1;267;344;267;bad;perfect;818##false;51##true;943##true;817##3;51||3;102||10;106||1;203||7;317||10;328||3;408||10;529||10;642||10;698||9;703||1;870||8;943||7;948||9;953||3;1097||8;1101||10;1104||4;1105||9;1109||7;1112||4;1137||10;1150||8;1251##normal##normal##ML##2360062562;1022;935;49
2362161432;2016-05-14;39;2789230;false;0;935;886;9999;Wings Red Gaming;2746885##14;36;36##330793883;709||110145787;953||200826484;779||77115066;908||125861458;1136##1;333;102;19;horrible;good;928##1;980;620;660;perfect;bad;948##true;45##false;789##false;1293##6;45||4;361||1;370||7;408||5;424||6;430||1;431||6;497||4;550||6;581||3;596||7;602||4;609||1;619||4;743||5;789||1;794||4;811||1;871||1;1160||10;1207||9;1269||5;1276||3;1355||1;1384||4;1419||4;1571||2;1670||1;1672||4;1810||1;2019||4;2025||3;2031||2;2038||5;2048||2;2051||1;2096||6;2133||10;2139||10;2153||7;2160||4;2233||6;2265||3;2277||4;2308##nice##normal##L##2362161432;1071;1037;51
2362293220;2016-05-14;30;2789230;false;1;883;882;9999;Wings Red Gaming;2746885##15;20;41##330793883;849||77115066;912||125861458;780||110145787;1334||200826484;828##1;300;288;-505;good;good;738##1;789;684;578;bad;bad;1414##true;298##true;858##true;9999##3;355||1;423||8;518||6;592||3;593||1;601||2;646||7;650||5;659||10;750||2;762||7;767||3;839||9;857||2;858||10;879||4;880||2;1016||8;1061||10;1090||10;1178||5;1272||3;1379||8;1445||8;1608||3;1609||6;1632||9;1728||3;1729||10;1735||7;1743##normal##normal##L##2362293220;1020;1088;46
2365323344;2016-05-15;20;2789230;false;0;708;9999;9999;G.star;2780729##3;18;2##77115066;637||330793883;568||110145787;565||125861458;316||200826484;472##1;127;353;459;bad;normal;733##1;987;200;648;good;bad;952##true;369##false;902##false;245##7;369||9;374||4;402||2;518||2;618||1;630||3;638||7;682||4;767||4;830||5;857||4;902||5;906||3;1008||1;1124||4;1183##normal##normal##ML##2365323344;974;1145;45
2365205808;2016-05-15;20;2789230;false;1;784;9999;9999;G.star;2780729##5;22;9##330793883;407||125861458;238||110145787;620||77115066;740||200826484;770##1;155;538;-517;horrible;normal;688##1;1058;-14;794;perfect;good;890##false;155##false;712##false;1039##7;155||3;162||6;292||8;298||7;307||6;437||5;580||9;636||6;641||8;644||7;656||7;712||6;713||5;719||10;737||3;740||8;741||9;747||6;752||6;875||10;922||7;1123||2;1127||6;1128||8;1132||6;1148##bad##nice##ML##2365205808;929;1190;39
2381263445;2016-05-22;14;2789230;false;0;9999;9999;9999;ToPower Gaming;2685608##4;18;8##345935123;895||125861458;870||110145787;474||77115066;219||200826484;1032##1;212;-104;-674;horrible;horrible;644##1;921;267;1069;perfect;perfect;809##false;8##false;526##false;9999##3;8||1;146||3;170||3;274||4;275||10;329||2;341||9;408||4;521||5;522||1;526||4;561||1;575||9;578||1;627||4;636||10;674||4;774##normal##normal##ML##2381263445;890;924;52
2381180661;2016-05-22;16;2789230;false;1;852;9999;9999;ToPower Gaming;2685608##10;20;24##345935123;1008||110145787;854||125861458;880||77115066;1072||200826484;1075##1;0;210;-1245;horrible;bad;542##1;1817;526;920;perfect;good;814##false;-14##false;660##true;9999##10;-14||4;9||9;274||2;298||7;300||8;320||8;424||8;577||6;578||6;660||9;662||5;663||3;664||7;669||8;676||1;679||6;763||8;769||9;814||2;814||1;816||4;825||9;915||6;935||2;936||10;937##perfect##bad##ML##2381180661;838;976;45
2388084122;2016-05-25;24;2789230;false;1;1096;9999;9999;ToPower Gaming;2685608##21;23;39##345935123;1443||125861458;1286||110145787;1129||157301774;1474||200826484;616##1;140;310;-1;good;bad;866##1;1347;460;-318;bad;good;939##false;-34##true;775##false;1290##8;-34||3;114||1;214||10;424||5;428||4;440||2;444||2;542||5;551||7;560||8;601||9;620||2;632||9;734||10;767||1;775||4;775||3;805||1;872||5;885||3;942||2;976||6;976||5;978||1;985||9;985||3;1141||9;1153||2;1161||5;1185||3;1232||7;1238||10;1244||8;1246||9;1256||7;1384||9;1394||10;1407||4;1460##nice##nice##H##2388084122;793;1064;32
2388155283;2016-05-25;31;2789230;false;0;1203;1173;9999;ToPower Gaming;2685608##21;29;62##345935123;1210||125861458;962||157301774;1003||110145787;1263||200826484;1602##1;515;449;325;good;perfect;891##1;1451;519;386;bad;horrible;825##true;-30##true;821##false;918##10;-30||9;132||10;266||8;343||1;364||7;430||2;514||8;589||1;628||3;784||9;787||10;789||7;821||5;871||1;931||8;938||6;989||10;995||1;1005||8;1010||4;1013||5;1015||9;1019||3;1022||10;1158||2;1162||1;1171||5;1174||2;1289||8;1321||2;1408||3;1455||6;1459||8;1470||4;1476||3;1480||9;1481||7;1489||3;1603||5;1606||2;1607||6;1612||7;1696||3;1706||10;1713||5;1722||3;1795##perfect##normal##H##2388155283;761;1096;27
2405053347;2016-06-01;23;2789230;false;0;796;9999;9999;We Are Young.Amazing;2828740##11;30;25##345935123;907||125861458;641||110145787;734||161042969;877||200826484;1287##1;219;591;-421;horrible;bad;667##1;593;600;240;perfect;good;769##false;111##false;625##false;1322##3;111||9;142||9;245||9;333||5;334||1;357||2;464||1;495||3;500||5;508||4;597||8;597||5;625||1;640||4;665||2;675||1;678||2;822||1;831||3;835||5;865||3;902||2;951||10;952||1;953||4;958||1;1144||9;1145||2;1152||3;1163||10;1171||8;1178||7;1192||10;1231||7;1288||6;1384##bad##normal##ML##2405053347;734;851;46
2404943553;2016-06-01;22;2789230;false;1;902;9999;9999;We Are Young.Amazing;2828740##7;16;14##345935123;708||110145787;1335||189350876;736||125861458;781||200826484;382##1;310;280;579;bad;good;961##1;1663;494;525;good;bad;1123##true;141##false;1089##false;1119##5;141||4;264||5;268||7;568||9;659||8;723||4;723||10;729||2;905||6;911||4;911||7;914||8;918||9;929||10;934||6;1089||7;1095||8;1100||2;1194||10;1298##bad##normal##ML##2404943553;688;897;36
2410073177;2016-06-03;46;2789230;false;0;1019;1295;789;Make.Dream;2581752##33;24;80##345935123;1139||125861458;1294||110145787;683||150534867;1326||200826484;1211##1;354;472;-221;perfect;good;933##1;1037;171;263;horrible;bad;1034##true;231##true;855##false;1908##7;231||2;286||3;302||9;363||7;413||2;438||7;515||9;529||10;752||8;809||7;814||6;824||10;855||9;893||7;903||10;987||6;993||3;997||9;1004||8;1011||8;1109||3;1110||7;1111||6;1114||9;1121||2;1124||6;1218||8;1369||1;1481||3;1482||4;1482||9;1484||6;1534||7;1541||2;1754||1;1756||5;1758||3;1877||1;1877||5;1878||7;1885||9;1902||5;2057||2;2066||1;2094||10;2280||8;2285||6;2292||7;2367||1;2494||4;2536||3;2549||7;2713||8;2715||1;2717##bad##bad##H##2410073177;652;821;37
2409823701;2016-06-03;79;2789230;true;1;814;1080;1180;Make.Dream;2581752##47;28;132##345935123;1320||125861458;958||110145787;1289||150534867;2150||200826484;870##1;465;553;-433;bad;bad;1224##1;1390;523;288;good;good;1228##false;183##false;998##false;1187##8;183||7;269||4;282||2;337||8;399||7;470||1;610||7;624||6;671||2;713||7;816||10;993||7;998||8;1145||7;1296||5;1380||4;1381||3;1382||2;1389||3;1533||2;1535||4;1540||1;1548||6;2013||6;2101||4;2106||5;2122||7;2123||3;2152||3;2286||4;2289||7;2290||1;2295||5;2298||2;2308||6;2448||4;2459||3;2463||5;2464||4;2629||3;2638||2;2644||5;2685||8;2689||10;2696||6;2700||9;2708||9;2719||3;3038||6;3046||4;3047||5;3058||1;3060||3;3214||7;3232||10;3259||8;3268||3;3432||1;3633||3;3809||4;3811||2;3817||5;3925||4;4161||3;4203||4;4252||9;4281||7;4289||5;4299||10;4302||3;4306||8;4323||1;4469||3;4678||2;4692||4;4695||5;4696##bad##bad##H##2409823701;615;858;69
2414380415;2016-06-05;26;2789230;true;1;1524;9999;9999;Zenith.E-sports.CN;1421914##22;4;46##345935123;1059||125861458;1470||150534867;1704||110145787;1286||200826484;925##1;1154;831;799;perfect;normal;878##1;0;150;-41;horrible;normal;671##true;163##true;672##true;1297##4;163||6;167||2;259||3;313||3;409||10;455||4;475||7;475||3;554||2;610||6;636||5;669||3;672||4;727||2;771||4;790||5;1126||3;1233||5;1237||2;1242||5;1480||1;1481||3;1487||2;1508||5;1527##normal##bad##ML##2414380415;684;499;33
2414496751;2016-06-05;27;2789230;true;0;1653;9999;9999;Zenith.E-sports.CN;1421914##41;18;93##345935123;1966||125861458;2130||110145787;1659||150534867;1751||200826484;1553##1;1613;391;685;good;horrible;840##1;0;96;-1159;bad;perfect;559##false;46##true;424##true;1352##4;46||2;169||7;188||9;207||6;247||10;256||9;264||1;270||7;317||8;339||1;341||9;347||7;424||2;433||7;506||3;507||9;508||4;516||5;521||10;530||9;554||2;555||7;557||6;644||1;653||1;731||7;779||8;825||9;829||3;876||5;881||2;902||6;936||8;951||6;1114||6;1173||9;1182||10;1185||7;1194||7;1284||10;1288||8;1302||8;1430||7;1445||4;1448||8;1462||9;1467||7;1536||5;1538||10;1541||8;1550||9;1551||6;1596||4;1608##nice##bad##ML##2414496751;717;466;24
2419158690;2016-06-07;31;2789230;false;0;716;764;9999;G.star;2780729##9;29;19##345935123;654||125861458;521||110145787;544||150534867;1276||200826484;908##1;-11;294;-430;bad;bad;793##1;1347;494;778;good;good;1322##false;-31##false;970##false;1162##3;-31||7;112||2;155||2;256||1;498||8;504||2;635||10;766||2;770||6;781||4;853||4;928||1;970||2;991||10;1028||8;1074||1;1243||9;1248||4;1258||2;1433||1;1485||4;1494||3;1593||2;1596||6;1597||5;1642||1;1648||7;1681||2;1746||5;1826||2;1843||3;1879##perfect##perfect##ML##2419158690;741;1440;21
2419080892;2016-06-07;19;2789230;false;1;694;9999;9999;G.star;2780729##5;24;12##345935123;924||150534867;646||110145787;388||200826484;716||125861458;449##1;0;167;-599;horrible;horrible;655##1;941;735;1634;perfect;perfect;1121##false;2##false;673##false;1014##10;2||8;147||8;330||10;355||6;359||9;365||10;555||2;563||7;566||5;665||10;666||2;672||9;673||7;676||9;795||6;796||8;805||10;812||5;898||9;953||8;958||7;966||6;1018||5;1080||6;1108||7;1139||9;1145##perfect##perfect##ML##2419080892;720;1461;21
2426223355;2016-06-10;23;2789230;false;0;646;9999;9999;Ago-GAMING;2775977##7;15;16##345935123;608||150534867;621||110145787;636||200826484;1039||125861458;690##1;145;260;-274;normal;good;650##1;948;360;-18;normal;bad;1031##true;92##false;1295##false;1272##7;92||7;259||1;405||8;464||5;634||1;687||6;759||2;844||9;903||2;1030||9;1126||3;1138||4;1143||7;1143||1;1145||6;1278||4;1295||5;1299##bad##normal##ML##2426223355;699;870;41
2426101283;2016-06-10;30;2789230;false;1;1044;1039;9999;Ago-GAMING;2775977##17;27;50##345935123;620||150534867;1409||110145787;1367||125861458;927||200826484;1092##1;232;357;30;normal;perfect;985##1;1234;93;572;normal;horrible;1098##true;0##false;908##false;1360##2;0||4;176||5;195||5;278||10;331||6;393||9;419||2;462||6;533||7;542||3;601||9;605||6;608||10;617||5;660||10;721||1;753||4;806||6;908||4;912||3;923||1;929||4;1040||6;1044||9;1047||7;1049||4;1149||6;1203||9;1210||10;1333||3;1392||8;1400||6;1408||9;1414||5;1462||6;1597||2;1600||10;1606||9;1616||3;1651##bad##normal##L##2426101283;658;911;30
2428788664;2016-06-11;20;2789230;false;0;773;9999;9999;To.be.or.not.to.be;2822317##10;32;19##345935123;942||125861458;881||110145787;398||134517038;419||157054028;1036##1;0;310;287;horrible;good;689##1;380;143;718;perfect;bad;832##true;153##false;775##false;9999##10;153||10;198||3;293||3;354||10;365||5;409||4;522||1;642||4;648||3;650||1;698||4;745||10;761||2;775||8;776||3;779||7;780||4;814||1;834||3;843||5;852||2;856||4;899||1;941||2;959||5;961||4;967||3;973||8;1035||3;1038||7;1039||1;1041||2;1052||4;1104||9;1107||2;1119||1;1134||7;1146##bad##bad##ML##2428788664;628;1076;21
2428901332;2016-06-11;55;2789230;false;1;1273;1246;1304;To.be.or.not.to.be;2822317##66;57;163##345935123;1467||125861458;1654||110145787;1890||134517038;1544||157054028;1730##1;343;842;62;normal;bad;1107##1;1412;239;259;normal;good;847##false;3##false;532##true;2518##9;3||1;17||7;19||3;31||10;52||6;79||2;86||6;133||1;216||6;235||4;317||5;324||4;406||9;464||2;472||6;497||8;532||3;562||7;562||4;611||6;615||9;660||4;703||3;711||4;769||3;795||8;806||4;821||5;834||7;919||4;921||2;948||5;974||3;1091||5;1108||2;1111||3;1149||4;1156||8;1195||2;1201||5;1256||2;1268||4;1276||6;1339||9;1344||8;1350||5;1351||10;1367||6;1429||2;1438||5;1504||10;1508||4;1509||6;1517||2;1518||8;1530||9;1563||5;1632||2;1634||4;1640||6;1647||3;1652||6;1726||9;1728||6;1845||8;1878||2;1929||3;1937||6;1951||5;1975||4;2017||9;2017||9;2106||3;2135||4;2152||1;2172||6;2172||5;2186||10;2192||8;2254||4;2270||6;2273||10;2284||7;2288||5;2346||4;2348||1;2360||5;2433||9;2440||4;2444||6;2453||10;2453||4;2469||3;2477||8;2704||6;2711||4;2726||9;2750||5;2750||2;2779||1;2792||2;2903||4;2914||3;2917||6;2919||2;2937||8;3094||5;3114||3;3121||5;3243||3;3252||6;3252||9;3256||7;3259||10;3269||4;3271##bad##normal##MH##2428901332;607;1156;14
2433763197;2016-06-13;31;2789230;false;0;1404;964;9999;To.be.or.not.to.be;2822317##14;35;43##345935123;601||167753022;931||110145787;706||125861458;749||157054028;2002##1;1478;374;79;bad;perfect;669##1;555;239;229;good;horrible;1042##true;-36##false;653##true;1175##7;-36||8;66||7;226||2;305||7;305||9;311||8;318||4;376||1;376||7;450||1;454||3;466||7;599||1;649||3;653||4;658||5;659||2;832||1;839||4;844||5;844||3;856||5;1013||2;1016||2;1086||7;1178||3;1185||10;1186||4;1190||8;1192||9;1218||7;1350||2;1358||1;1388||2;1512||3;1538||4;1551||7;1578||1;1583||2;1584||5;1587||3;1594||2;1763||1;1848||3;1850||2;1858##bad##normal##L##2433763197;593;1170;20
2433623109;2016-06-13;35;2789230;false;1;971;1070;9999;To.be.or.not.to.be;2822317##26;41;65##345935123;1642||125861458;807||110145787;552||167753022;1630||157054028;879##1;146;446;-988;horrible;good;608##1;993;636;1426;perfect;good;931##true;7##false;456##true;9999##5;7||6;8||9;9||8;167||9;240||8;266||6;338||2;376||9;388||8;396||5;437||7;456||8;499||1;570||3;571||8;577||8;641||5;644||1;678||10;703||6;722||5;729||4;743||7;797||6;801||9;816||8;825||2;871||5;899||4;912||3;918||2;960||9;991||3;999||7;1000||10;1001||8;1014||7;1031||2;1092||3;1203||10;1277||7;1287||6;1320||8;1349||1;1373||8;1383||3;1407||5;1457||2;1463||3;1482||7;1549||5;1619||3;1636||6;1641||7;1652||1;1652||2;1699||9;1922||10;1925||6;2074||8;2094##bad##normal##L##2433623109;573;1190;20
